# data from http://adsabs.harvard.edu/abs/2012AJ....143..126B
# de-redshifted assuming z=    0.0503000
# type is SNIa-BL
# phase is       10.8000
# WARNING: fake error spectrum!

       3396.7300      0.54394100      0.68939371
       3399.7500     -0.76053572      0.68684673
       3402.7800      0.10338921      0.68429879
       3405.8000     -0.99031538      0.68176672
       3408.8300     -0.51778282      0.67923372
       3411.8400    -0.081667168      0.67672484
       3414.8700       1.1330878      0.67420672
       3417.8900      0.39528949      0.67170433
       3420.9200      -1.0290480      0.66920107
       3423.9400       1.1037767      0.66671347
       3426.9600     -0.25937617      0.66423323
       3429.9800      0.38414066      0.66176036
       3433.0100       2.8463267      0.65928668
       3436.0300       1.7260636      0.65682851
       3439.0600     -0.58908834      0.65436958
       3442.0700     -0.14432202      0.65193416
       3445.1000      0.87240181      0.64948990
       3448.1200       1.0387163      0.64706102
       3451.1400       1.2444522      0.64463943
       3454.1700     -0.63855230      0.64221714
       3457.1800       2.3031529      0.63981808
       3460.2100      0.43431100      0.63741036
       3463.2300      0.31608868      0.63501785
       3466.2600     -0.30319028      0.63262470
       3469.2800      0.38979519      0.63024669
       3472.3000      0.60923881      0.62787589
       3475.3200     -0.88030996      0.62551231
       3478.3500     -0.21142320      0.62314814
       3481.3700      0.38854265      0.62079897
       3484.3900       2.0018080      0.61845698
       3487.4100      0.62725962      0.61612217
       3490.4400      0.49348414      0.61378682
       3493.4600      0.13776464      0.61146634
       3496.4900     0.052744171      0.60914535
       3499.5000      0.89184239      0.60684679
       3502.5300       1.0296784      0.60454010
       3505.5500      0.88316939      0.60224815
       3508.5800      0.14449277      0.59995575
       3511.6000       1.9143646      0.59767801
       3514.6200      0.49823347      0.59540736
       3517.6400     -0.39424279      0.59314378
       3520.6700       1.2736546      0.59087980
       3523.6900       1.2586382      0.58863036
       3526.7200     -0.23752642      0.58638054
       3529.7300     -0.33840389      0.58415259
       3532.7600      0.86138162      0.58191687
       3535.7800      0.40045049      0.57969556
       3538.8100       1.5268394      0.57747393
       3541.8300      0.86719520      0.57526664
       3544.8500     -0.65802446      0.57306633
       3547.8700      0.93884105      0.57087299
       3550.9000     0.045581223      0.56867939
       3553.9200      0.39730571      0.56649999
       3556.9500      0.81135046      0.56432035
       3559.9600     -0.21372009      0.56216201
       3562.9900     -0.49953045      0.55999628
       3566.0100      0.75714652      0.55784461
       3569.0400       1.3083068      0.55569277
       3572.0600     -0.22012427      0.55355492
       3575.0800     -0.16259194      0.55142396
       3578.1000      0.56564924      0.54929988
       3581.1300      0.89614849      0.54717566
       3584.1500      0.57947857      0.54506531
       3587.1800       1.2011924      0.54295486
       3590.1900       1.0319215      0.54086514
       3593.2200      0.89587132      0.53876839
       3596.2400     -0.16975863      0.53668539
       3599.2700      0.97426634      0.53460232
       3602.2900     -0.28292286      0.53253294
       3605.3100     -0.11252416      0.53047034
       3608.3300       1.6688283      0.52841451
       3611.3500     -0.26563649      0.52636545
       3614.3800      0.41780352      0.52431640
       3617.4000      0.80781038      0.52228086
       3620.4200      0.15950329      0.52025206
       3623.4400      0.84554310      0.51822998
       3626.4700      0.59313247      0.51620795
       3629.4900       1.7728435      0.51419932
       3632.5100       1.2494343      0.51219738
       3635.5300      0.29264841      0.51020213
       3638.5600       1.1867257      0.50820697
       3641.5800       1.5661463      0.50622508
       3644.6100       1.2594335      0.50424332
       3647.6200       2.0299813      0.50228126
       3650.6500      0.87177262      0.50031282
       3653.6700      0.67885090      0.49835752
       3656.7000      0.82438920      0.49640239
       3659.7200      0.59527616      0.49446033
       3662.7400     0.083354755      0.49252487
       3665.7600    -0.038119703      0.49059599
       3668.7900      0.85576335      0.48866734
       3671.8100      0.63463799      0.48675163
       3674.8400      0.46391218      0.48483616
       3677.8500      0.40094987      0.48293986
       3680.8800      0.13405031      0.48103752
       3683.9000      0.89466907      0.47914800
       3686.9300      0.61892460      0.47725877
       3689.9500      0.87422389      0.47538230
       3692.9700      0.99559333      0.47351232
       3695.9900      0.92672972      0.47164883
       3699.0200       1.2761807      0.46978568
       3702.0400      0.66434794      0.46793515
       3705.0700      0.72153644      0.46608499
       3708.0800      0.66218788      0.46425347
       3711.1100      0.61470154      0.46241623
       3714.1300      0.41978699      0.46059150
       3717.1600      0.37851186      0.45876718
       3720.1800      0.46276023      0.45695530
       3723.2000       1.0216544      0.45514981
       3726.2200      0.64779836      0.45335071
       3729.2500      0.51042550      0.45155207
       3732.2700      0.80662334      0.44976574
       3735.2900       1.3031727      0.44798577
       3738.3100      0.40210299      0.44621215
       3741.3400      0.27221843      0.44443903
       3744.3600      0.40505364      0.44267810
       3747.3900      0.62407390      0.44091768
       3750.4000      0.37684766      0.43917518
       3753.4300      0.69632438      0.43742742
       3756.4500      0.17814393      0.43569172
       3759.4800       1.0535373      0.43395659
       3762.5000      0.60792663      0.43223347
       3765.5200      0.19432278      0.43051660
       3768.5400      0.88232384      0.42880599
       3771.5600     0.036316569      0.42710162
       3774.5900      0.90207902      0.42539786
       3777.6100      0.57482630      0.42370595
       3780.6300      0.67567805      0.42202026
       3783.6500      0.69462276      0.42034077
       3786.6800      0.59632052      0.41866193
       3789.7000      0.97805552      0.41699483
       3792.7300     0.045977450      0.41532841
       3795.7400       1.0635120      0.41367913
       3798.7700      0.85862628      0.41202506
       3801.7900       1.5670234      0.41038260
       3804.8200       1.3439181      0.40874086
       3807.8400      0.47047658      0.40711068
       3810.8600      0.61070419      0.40548660
       3813.8800      0.71763031      0.40386863
       3816.9100       1.0058475      0.40225142
       3819.9300       1.1139314      0.40064564
       3822.9600       1.0498967      0.39904064
       3825.9700      0.88995365      0.39745228
       3829.0000       1.3125638      0.39585944
       3832.0200       1.1161266      0.39427790
       3835.0500      0.81765873      0.39269719
       3838.0700      0.77615321      0.39112773
       3841.0900      0.88939112      0.38956428
       3844.1100      0.86986517      0.38800684
       3847.1400       1.1507215      0.38645025
       3850.1600       1.2722161      0.38490480
       3853.1800       1.2100923      0.38336532
       3856.2000       1.1642690      0.38183181
       3859.2300       1.0022957      0.38029919
       3862.2500      0.56707135      0.37877759
       3865.2800      0.74527376      0.37725691
       3868.2900      0.42371183      0.37575218
       3871.3200       1.0055434      0.37424337
       3874.3400       1.3652380      0.37274546
       3877.3700       1.4248591      0.37124852
       3880.3900       1.3594841      0.36976240
       3883.4100       1.3095231      0.36828216
       3886.4300       1.3465495      0.36680779
       3889.4600       1.2288160      0.36533441
       3892.4800       1.1511683      0.36387175
       3895.5100       1.4688907      0.36241011
       3898.5200       1.2908462      0.36096392
       3901.5500       1.5372246      0.35951396
       3904.5700       1.9227850      0.35807459
       3907.6000       1.4722121      0.35663628
       3910.6200       1.7356301      0.35520852
       3913.6400       1.6158032      0.35378652
       3916.6600       1.8233776      0.35237030
       3919.6900       1.6239429      0.35095516
       3922.7100       1.5547203      0.34955045
       3925.7400       1.8817005      0.34814685
       3928.7500       1.7796500      0.34675822
       3931.7700       1.6243756      0.34537069
       3934.8000       1.8284415      0.34398429
       3937.8300       1.9017925      0.34260363
       3940.8500       1.1962454      0.34123322
       3943.8600       1.3808041      0.33987299
       3946.8900      0.82064680      0.33850941
       3949.9100      0.76142337      0.33715599
       3952.9400      0.74566554      0.33580377
       3955.9600       1.6122128      0.33446165
       3958.9800       1.0240800      0.33312516
       3962.0000      0.91604401      0.33179429
       3965.0300       1.2249566      0.33046464
       3968.0500      0.52985672      0.32914499
       3971.0700       1.3731439      0.32783092
       3974.0900      0.54878390      0.32652243
       3977.1200      0.97899463      0.32521520
       3980.1400      0.88083156      0.32391785
       3983.1700       1.5815252      0.32262178
       3986.1800       1.1406229      0.32133979
       3989.2100      0.74655436      0.32005481
       3992.2300      0.94068184      0.31877961
       3995.2600       1.5181968      0.31750572
       3998.2800      0.96278654      0.31624154
       4001.3000       1.4411034      0.31498284
       4004.3200       1.2357394      0.31372963
       4007.3500      0.93739555      0.31247775
       4010.3700       1.4103807      0.31123548
       4013.4000       1.5345581      0.30999457
       4016.4100       1.0537923      0.30876726
       4019.4400      0.92808400      0.30753725
       4022.4600      0.80732387      0.30631673
       4025.4900       1.0726949      0.30509760
       4028.5100       1.2604743      0.30388789
       4031.5300       1.4480970      0.30268358
       4034.5500       1.2263483      0.30148465
       4037.5800       1.6854235      0.30028714
       4040.6000       1.2752334      0.29909895
       4043.6300       1.4255959      0.29791220
       4046.6400       1.5118815      0.29673860
       4049.6700      0.68127761      0.29556255
       4052.6900      0.88563586      0.29439572
       4055.7200       1.5936646      0.29323035
       4058.7400      0.93234916      0.29207414
       4061.7600       1.1249364      0.29092321
       4064.7800       1.2065955      0.28977757
       4067.8100       1.2170625      0.28863343
       4070.8300      0.86878104      0.28749833
       4073.8500      0.94320796      0.28636848
       4076.8700       1.1013184      0.28524387
       4079.9000       1.7445650      0.28412079
       4082.9200       1.6876689      0.28300665
       4085.9500       1.4378756      0.28189406
       4088.9700      0.79175784      0.28079034
       4091.9800       1.2320906      0.27969545
       4095.0100       1.1650935      0.27859847
       4098.0400       1.4199823      0.27750670
       4101.0600       1.5356107      0.27642371
       4104.0700       1.2359850      0.27534942
       4107.1000       1.3380472      0.27427315
       4110.1200       1.8270030      0.27320558
       4113.1500       1.6368308      0.27213961
       4116.1700       1.4276191      0.27108229
       4119.1900       1.4723408      0.27003006
       4122.2100       1.7941986      0.26898292
       4125.2400       1.2688947      0.26793743
       4128.2600       1.6177446      0.26690046
       4131.2900       1.8838875      0.26586515
       4134.3000       1.5295410      0.26484170
       4137.3300       1.3721498      0.26381652
       4140.3500       1.4698965      0.26279975
       4143.3800       1.5015432      0.26178467
       4146.4000       1.7091760      0.26077796
       4149.4200       1.7373843      0.25977625
       4152.4400       1.5374819      0.25877953
       4155.4700       1.8968338      0.25778452
       4158.4900       1.4448458      0.25679777
       4161.5200       1.6867918      0.25581274
       4164.5300       1.8982255      0.25483915
       4167.5600       1.6601038      0.25386405
       4170.5800       1.5049698      0.25289710
       4173.6100       1.0446105      0.25193191
       4176.6300       1.2991497      0.25097482
       4179.6500       1.5851389      0.25002263
       4182.6700       1.4633824      0.24907533
       4185.7000      0.87776163      0.24812981
       4188.7200       1.7193740      0.24719229
       4191.7500       1.2069230      0.24625655
       4194.7600       1.2309328      0.24533182
       4197.7900       1.4596049      0.24440581
       4200.8100       1.7203681      0.24348770
       4203.8400       1.3742549      0.24257139
       4206.8500       1.2188285      0.24166593
       4209.8800       1.4884565      0.24075928
       4212.9000       1.5345698      0.23986041
       4215.9300       1.9062483      0.23896338
       4218.9500       1.7572424      0.23807410
       4221.9700       1.2758415      0.23718957
       4224.9900       1.1858252      0.23630980
       4228.0200       1.2986702      0.23543189
       4231.0400       1.0920326      0.23456161
       4234.0700       1.5261026      0.23369320
       4237.0800       1.0603403      0.23283523
       4240.1100       1.3661853      0.23197627
       4243.1300       1.6094996      0.23112485
       4246.1600       1.6200368      0.23027532
       4249.1800       1.7077492      0.22943327
       4252.1900       1.3531220      0.22859866
       4255.2200      0.99226493      0.22776317
       4258.2500       1.4444131      0.22693235
       4261.2700       1.5372713      0.22610892
       4264.2900       1.2619713      0.22529012
       4267.3100       1.5561705      0.22447593
       4270.3300       1.0324665      0.22366635
       4273.3600       1.3805000      0.22285871
       4276.3800      0.91993610      0.22205833
       4279.4100       1.4592307      0.22125989
       4282.4200      0.91655391      0.22047127
       4285.4500       1.4407994      0.21968199
       4288.4700       1.3035119      0.21889987
       4291.5000      0.85754099      0.21811971
       4294.5200      0.96207198      0.21734666
       4297.5400      0.89168919      0.21657813
       4300.5600      0.41564462      0.21581411
       4303.5900      0.89440944      0.21505208
       4306.6100      0.85715973      0.21429705
       4309.6400      0.83075595      0.21354403
       4312.6500      0.35390326      0.21280042
       4315.6800      0.92084246      0.21205635
       4318.7000      0.55334728      0.21131919
       4321.7300      0.69657582      0.21058405
       4324.7500      0.76058133      0.20985576
       4327.7700      0.62022625      0.20913190
       4330.7900       1.1072197      0.20841244
       4333.8200      0.66181130      0.20769502
       4336.8400      0.69012604      0.20698437
       4339.8600      0.53772862      0.20627809
       4342.8800      0.77845596      0.20557618
       4345.9100       1.3078741      0.20487632
       4348.9300      0.47787717      0.20418313
       4351.9600      0.83820449      0.20349201
       4354.9700      0.70381853      0.20280976
       4358.0000      0.95815766      0.20212731
       4361.0200       1.0530648      0.20145143
       4364.0500      0.75350470      0.20077763
       4367.0700      0.96458640      0.20011035
       4370.0900      0.62809347      0.19944734
       4373.1100      0.69362752      0.19878861
       4376.1400      0.66042193      0.19813198
       4379.1600      0.78252114      0.19748177
       4382.1900      0.63543559      0.19683367
       4385.2000      0.71695084      0.19619406
       4388.2300      0.47042746      0.19555443
       4391.2500       1.0466151      0.19492114
       4394.2800       1.2678889      0.19428996
       4397.3000       1.1401609      0.19366507
       4400.3200      0.45418312      0.19304435
       4403.3400      0.64406064      0.19242781
       4406.3700       1.1585724      0.19181340
       4409.3900      0.82982035      0.19120518
       4412.4100      0.74562695      0.19060110
       4415.4300       1.1229646      0.19000115
       4418.4600      0.99249182      0.18940335
       4421.4800       1.1745629      0.18881165
       4424.5000       1.3139555      0.18822404
       4427.5300       1.4868075      0.18763860
       4430.5400       1.1491216      0.18706109
       4433.5700       1.1080278      0.18648383
       4436.5900       1.1432367      0.18591254
       4439.6200       1.3196159      0.18534344
       4442.6400       1.1415901      0.18478025
       4445.6600      0.94542416      0.18422110
       4448.6800       1.1496549      0.18366597
       4451.7100       1.1015382      0.18311304
       4454.7300       1.1351017      0.18256593
       4457.7500       1.2537731      0.18202282
       4460.7700      0.77479893      0.18148369
       4463.8000      0.94927766      0.18094677
       4466.8200       1.4860122      0.18041559
       4469.8500       1.4602715      0.17988662
       4472.8600       1.5997109      0.17936507
       4475.8900       1.3401991      0.17884400
       4478.9100       1.6228202      0.17832858
       4481.9400       1.4667739      0.17781538
       4484.9600       1.4943741      0.17730779
       4487.9800       1.4216196      0.17680409
       4491.0000       1.7812405      0.17630427
       4494.0300       1.5412009      0.17580669
       4497.0500       1.7757439      0.17531462
       4500.0800       1.4516406      0.17482480
       4503.0900       1.7965961      0.17434203
       4506.1200       2.0843513      0.17385991
       4509.1400       1.8080571      0.17338321
       4512.1700       1.6853884      0.17290876
       4515.1900       1.8174716      0.17243968
       4518.2100       2.3247535      0.17197440
       4521.2300       2.0299696      0.17151290
       4524.2600       2.1236114      0.17105367
       4527.2800       2.4181848      0.17059973
       4530.3100       2.1986347      0.17014805
       4533.3200       2.0548214      0.16970309
       4536.3500       2.1130274      0.16925891
       4539.3700       2.2705706      0.16881993
       4542.4000       2.1277514      0.16838324
       4545.4200       1.9464790      0.16795169
       4548.4400       2.3284491      0.16752384
       4551.4600       2.3384600      0.16709967
       4554.4900       2.0564470      0.16667779
       4557.5100       2.1074138      0.16626098
       4560.5400       1.9994574      0.16584645
       4563.5500       1.9072657      0.16543830
       4566.5800       2.0757321      0.16503108
       4569.6000       2.1244183      0.16462884
       4572.6300       1.7874272      0.16422890
       4575.6500       1.3980308      0.16383389
       4578.6700       1.6062718      0.16344247
       4581.6900       1.6569228      0.16305464
       4584.7100       1.9673897      0.16267039
       4587.7400       1.7677679      0.16228845
       4590.7500       2.0141346      0.16191257
       4593.7800       1.9635771      0.16153775
       4596.8000       1.6587004      0.16116772
       4599.8300       2.0507165      0.16080000
       4602.8500       1.7918362      0.16043701
       4605.8700       1.5498084      0.16007754
       4608.8900       1.6396259      0.15972155
       4611.9200       1.6663490      0.15936790
       4614.9400       1.8728240      0.15901889
       4617.9700       1.5289445      0.15867222
       4620.9800       1.6474966      0.15833127
       4624.0100       1.5977228      0.15799152
       4627.0300       1.3098389      0.15765633
       4630.0600       1.5141971      0.15732348
       4633.0800       1.1564263      0.15699515
       4636.1000       1.4449511      0.15667023
       4639.1200       1.8746835      0.15634870
       4642.1500       1.5711634      0.15602951
       4645.1700       1.5966702      0.15571476
       4648.2000       1.2695029      0.15540236
       4651.2100       1.3905343      0.15509536
       4654.2400       1.2906357      0.15478968
       4657.2600       1.1992394      0.15448835
       4660.2900       1.5034611      0.15418937
       4663.3100       1.8137175      0.15389470
       4666.3300       1.4263561      0.15360334
       4669.3500       1.1998007      0.15331528
       4672.3800       1.1764926      0.15302956
       4675.4000       1.3936335      0.15274808
       4678.4300       1.6752488      0.15246895
       4681.4400       1.1827845      0.15219490
       4684.4700       1.2418208      0.15192230
       4687.4900       1.8133784      0.15165384
       4690.5200       1.1478867      0.15138774
       4693.5400       1.2430722      0.15112574
       4696.5600      0.93789609      0.15086695
       4699.5800      0.71627253      0.15061136
       4702.6100       1.0304959      0.15035812
       4705.6300       1.1320376      0.15010891
       4708.6500       1.1714404      0.14986287
       4711.6700       1.2698186      0.14961999
       4714.7000       1.3088682      0.14937947
       4717.7200      0.65198984      0.14914288
       4720.7500      0.99653711      0.14890866
       4723.7600       1.0897321      0.14867910
       4726.7900      0.81278075      0.14845113
       4729.8100      0.82862162      0.14822702
       4732.8400      0.67222218      0.14800527
       4735.8600       1.0491002      0.14778734
       4738.8800       1.0418599      0.14757248
       4741.9000       1.3451344      0.14736068
       4744.9300       1.1362735      0.14715125
       4747.9500      0.74838697      0.14694555
       4750.9700      0.93864574      0.14674289
       4753.9900      0.67873278      0.14654324
       4757.0100      0.64185029      0.14634661
       4760.0400       1.1312002      0.14615234
       4763.0600      0.88212386      0.14596293
       4766.0900      0.99621082      0.14577462
       4769.1000       1.0027097      0.14558810
       4772.1300       1.0809247      0.14540454
       4775.1500       1.0934781      0.14522660
       4778.1800       1.2630121      0.14505178
       4781.2000       1.2204424      0.14487973
       4784.2200      0.80288445      0.14471021
       4787.2400       1.3071256      0.14454432
       4790.2700      0.66922007      0.14437976
       4793.2900       1.0791189      0.14421835
       4796.3100      0.93066508      0.14405911
       4799.3300      0.59357220      0.14390068
       4802.3600       1.1348432      0.14374659
       4805.3800       1.0789938      0.14359770
       4808.4100      0.99153049      0.14345242
       4811.4300      0.77736131      0.14330996
       4814.4500       1.1537365      0.14316804
       4817.4700      0.50014092      0.14302829
       4820.5000      0.99560619      0.14289176
       4823.5200      0.98678817      0.14276013
       4826.5400       1.5243367      0.14263143
       4829.5600       1.2315409      0.14250326
       4832.5900      0.84828206      0.14237596
       4835.6100      0.84788093      0.14225219
       4838.6400      0.68080630      0.14213326
       4841.6500       1.0564412      0.14201967
       4844.6800      0.94639835      0.14190786
       4847.7000       1.1913218      0.14179714
       4850.7300       1.1602015      0.14168724
       4853.7500       1.1497228      0.14158088
       4856.7700       1.0339880      0.14147824
       4859.7900       1.1184270      0.14137854
       4862.8200       1.0000000      0.14128135
       4865.8400      0.81527062      0.14118630
       4868.8700       1.1640012      0.14109465
       4871.8800       1.0839958      0.14100617
       4874.9100      0.94428975      0.14091962
       4877.9300      0.75140778      0.14083477
       4880.9600      0.90977900      0.14075137
       4883.9800       1.3096985      0.14067172
       4887.0000       1.1069986      0.14059486
       4890.0200      0.80632278      0.14052182
       4893.0500       1.3147859      0.14045168
       4896.0700      0.93911939      0.14038353
       4899.1000       1.0748000      0.14031645
       4902.1100      0.99378996      0.14025288
       4905.1400       1.0781143      0.14019202
       4908.1600       1.0189131      0.14013254
       4911.1800       1.0831572      0.14007560
       4914.2100       1.0180816      0.14002265
       4917.2200      0.55935383      0.13997287
       4920.2500      0.94923907      0.13992374
       4923.2700      0.89030099      0.13987596
       4926.3000      0.65578136      0.13983176
       4929.3200      0.76920990      0.13979208
       4932.3400      0.58690722      0.13975392
       4935.3600      0.85440907      0.13971794
       4938.3900      0.90102413      0.13968423
       4941.4100       1.1418579      0.13965209
       4944.4400      0.83781973      0.13962146
       4947.4500       1.0876154      0.13959361
       4950.4800      0.91472598      0.13957036
       4953.5000      0.65244010      0.13954925
       4956.5300      0.96543312      0.13953054
       4959.5400       1.1455991      0.13951311
       4962.5700       1.0128914      0.13949779
       4965.5900      0.79497981      0.13948506
       4968.6200      0.79878068      0.13947451
       4971.6400      0.68309735      0.13946668
       4974.6600      0.85549086      0.13946090
       4977.6800      0.86337796      0.13945715
       4980.7100      0.76473423      0.13945600
       4983.7300      0.97756082      0.13945694
       4986.7600      0.91207707      0.13946024
       4989.7700      0.80494394      0.13946633
       4992.8000      0.67802406      0.13947460
       4995.8200      0.69365091      0.13948516
       4998.8500       1.0992811      0.13949688
       5001.8700       1.0892924      0.13951114
       5004.8900      0.85596216      0.13952788
       5007.9100      0.78735584      0.13954666
       5010.9400       1.0598725      0.13956866
       5013.9600      0.87212464      0.13959237
       5016.9900       1.0535245      0.13961839
       5020.0000      0.99483666      0.13964559
       5023.0300       1.1939298      0.13967519
       5026.0500      0.68926646      0.13970669
       5029.0800      0.96698153      0.13974118
       5032.1000      0.98431936      0.13977791
       5035.1200      0.92779747      0.13981645
       5038.1400      0.78189195      0.13985596
       5041.1700      0.88388512      0.13989784
       5044.1900       1.1764458      0.13994269
       5047.2100      0.86655315      0.13998920
       5050.2300      0.94012165      0.14003778
       5053.2600       1.0003158      0.14008799
       5056.2800      0.91157535      0.14014072
       5059.3100       1.0654592      0.14019576
       5062.3300       1.2801804      0.14025298
       5065.3500      0.80706658      0.14031206
       5068.3700      0.86070565      0.14037275
       5071.3900      0.83951550      0.14043592
       5074.4200       1.2441949      0.14050093
       5077.4400       1.0966451      0.14056701
       5080.4600       1.1968302      0.14063636
       5083.4800       1.0710284      0.14070684
       5086.5100       1.0286691      0.14077955
       5089.5300       1.3278609      0.14085334
       5092.5500       1.1496362      0.14092822
       5095.5700       1.3776815      0.14100661
       5098.6000       1.4176082      0.14108796
       5101.6200       1.0489190      0.14117083
       5104.6500       1.2596674      0.14125533
       5107.6600       1.4579442      0.14133990
       5110.6900      0.95450883      0.14142724
       5113.7100       1.3845933      0.14151699
       5116.7400       1.0463356      0.14160849
       5119.7600       1.3702084      0.14170175
       5122.7800       1.4061939      0.14179648
       5125.8000       1.4185204      0.14189361
       5128.8300       1.6763949      0.14199135
       5131.8500       1.5171092      0.14209151
       5134.8800       1.3014653      0.14219379
       5137.8900       1.6020616      0.14229853
       5140.9200       1.2047594      0.14240613
       5143.9400       1.6255685      0.14251349
       5146.9700       1.6756816      0.14262148
       5149.9900       1.6348543      0.14273081
       5153.0100       1.7371504      0.14284193
       5156.0300       1.5530479      0.14295683
       5159.0600       1.0854202      0.14307447
       5162.0800       1.5775021      0.14319212
       5165.1100       1.4766328      0.14331197
       5168.1200       1.6450290      0.14343154
       5171.1500       1.4688907      0.14355403
       5174.1700       1.6793187      0.14367976
       5177.2000       1.7221925      0.14380694
       5180.2100       1.2890452      0.14393409
       5183.2400       1.4424718      0.14406334
       5186.2600       1.6312289      0.14419291
       5189.2900       1.6658812      0.14432561
       5192.3100       1.2376808      0.14446059
       5195.3300       1.8076478      0.14459680
       5198.3500       1.0700916      0.14473380
       5201.3800       1.5812445      0.14487225
       5204.4000       1.2242082      0.14501145
       5207.4300       1.4592307      0.14515239
       5210.4400       1.6753307      0.14529492
       5213.4700       2.0304140      0.14544004
       5216.4900       1.7202278      0.14558733
       5219.5200       1.7791939      0.14573602
       5222.5400       1.7793459      0.14588599
       5225.5600       1.5251904      0.14603666
       5228.5800       1.6593320      0.14618885
       5231.6000       1.2809172      0.14634248
       5234.6300       1.4633824      0.14649864
       5237.6500       1.2506739      0.14665527
       5240.6700       1.3347726      0.14681240
       5243.6900       1.1712532      0.14697019
       5246.7200       1.4805506      0.14713055
       5249.7400       1.8220560      0.14729348
       5252.7700       1.1517951      0.14745824
       5255.7800       1.3378484      0.14762289
       5258.8100       1.2538550      0.14778928
       5261.8300       1.4212570      0.14795658
       5264.8600       1.5258921      0.14812705
       5267.8800       1.1604588      0.14829794
       5270.9000       1.5164777      0.14846951
       5273.9200       1.4544240      0.14864267
       5276.9500       1.4634994      0.14881729
       5279.9700       1.1619955      0.14899285
       5283.0000       1.3504556      0.14916970
       5286.0100       1.4586108      0.14934709
       5289.0400       1.5335757      0.14952683
       5292.0600       1.8818174      0.14970793
       5295.0900       1.5748474      0.14989060
       5298.1100       1.1863632      0.15007377
       5301.1300       1.0282972      0.15025845
       5304.1500       1.9159083      0.15044472
       5307.1800       2.3556166      0.15063214
       5310.2000       1.6683254      0.15082004
       5313.2200       1.6225512      0.15100857
       5316.2400       1.8062795      0.15119919
       5319.2700       1.2730815      0.15139159
       5322.2900       1.1246148      0.15158446
       5325.3200       1.6115462      0.15177834
       5328.3300       1.4363553      0.15197233
       5331.3600       1.2799114      0.15216988
       5334.3800       1.1884566      0.15236849
       5337.4100       1.1342924      0.15256686
       5340.4300       1.2615737      0.15276552
       5343.4500       1.6410410      0.15296616
       5346.4700       1.2673627      0.15316799
       5349.5000       1.2566267      0.15337100
       5352.5200       1.3184581      0.15357465
       5355.5500       1.4957658      0.15378058
       5358.5600       1.3801959      0.15398648
       5361.5900       1.1987014      0.15419371
       5364.6100       1.1117012      0.15440132
       5367.6400       1.3233232      0.15461084
       5370.6600       1.0015613      0.15482155
       5373.6800      0.95658001      0.15503260
       5376.7000       1.1336515      0.15524500
       5379.7300       1.4477579      0.15545796
       5382.7500       1.1789486      0.15567123
       5385.7800       1.0986531      0.15588604
       5388.7900       1.1959998      0.15610173
       5391.8100       1.1368548      0.15631903
       5394.8400       1.3103067      0.15653716
       5397.8700      0.92352880      0.15675536
       5400.8900       1.3500696      0.15697466
       5403.9000      0.97846601      0.15719531
       5406.9300      0.98155115      0.15741848
       5409.9500       1.5935476      0.15764025
       5412.9800      0.86381418      0.15786174
       5416.0000       1.2801102      0.15808410
       5419.0200      0.86802906      0.15830997
       5422.0400       1.2315643      0.15853706
       5425.0700      0.94048069      0.15876566
       5428.0900       1.3522566      0.15899256
       5431.1100      0.63132012      0.15921869
       5434.1300       1.3953293      0.15944656
       5437.1600       1.0414728      0.15967746
       5440.1800       1.0990121      0.15990932
       5443.2100      0.90286024      0.16014221
       5446.2200       1.2601118      0.16037399
       5449.2500      0.75249542      0.16060689
       5452.2700      0.78198434      0.16083805
       5455.3000       1.0617507      0.16107096
       5458.3200       1.2580769      0.16130559
       5461.3400      0.85609549      0.16154245
       5464.3600      0.84128144      0.16177958
       5467.3900       1.0415640      0.16201611
       5470.4100      0.92715775      0.16225139
       5473.4400      0.48208386      0.16248871
       5476.4500      0.82903328      0.16272805
       5479.4800       1.0095922      0.16297037
       5482.5000       1.0494488      0.16321192
       5485.5300      0.88026435      0.16345268
       5488.5500       1.0466934      0.16369314
       5491.5700      0.92673790      0.16393417
       5494.5900       1.1932164      0.16417656
       5497.6200      0.92301071      0.16442075
       5500.6400       1.2154954      0.16466516
       5503.6700       1.2458673      0.16491179
       5506.6800       1.1178925      0.16515668
       5509.7100       1.2565565      0.16540284
       5512.7300      0.90050253      0.16564679
       5515.7600       1.0439895      0.16589298
       5518.7800       1.5531882      0.16613951
       5521.8000       1.1663718      0.16638703
       5524.8200       1.3449238      0.16663496
       5527.8500       1.2327455      0.16688424
       5530.8700       1.3997266      0.16713278
       5533.9000       1.2975825      0.16738319
       5536.9100       1.3344568      0.16763212
       5539.9400       1.5422417      0.16788392
       5542.9600       1.2681813      0.16813442
       5545.9900      0.81562147      0.16838655
       5549.0100       1.7613006      0.16863764
       5552.0300       1.2768239      0.16888976
       5555.0500       1.3242588      0.16914210
       5558.0800       1.0929752      0.16939465
       5561.1000       1.2701110      0.16964819
       5564.1200       1.3949550      0.16990238
       5567.1400       1.3720211      0.17015603
       5570.1600       1.2948810      0.17041037
       5573.1900       1.0602093      0.17066577
       5576.2100       1.2964598      0.17091907
       5579.2300       1.2047009      0.17117418
       5582.2500       1.1096475      0.17143392
       5585.2800       1.1817787      0.17170817
       5588.3000      0.70813164      0.17201953
       5591.3300       1.0255103      0.17240267
       5594.3400       1.2184308      0.17288631
       5597.3700      0.82990573      0.17349064
       5600.3900       1.6224694      0.17417460
       5603.4200       1.1402089      0.17484011
       5606.4400       1.4556286      0.17535929
       5609.4600      0.57562858      0.17570309
       5612.4800       1.3383513      0.17596162
       5615.5100       1.4875910      0.17617231
       5618.5300      0.92959499      0.17626242
       5621.5600       1.1514852      0.17625237
       5624.5700      0.89134536      0.17630997
       5627.6000       1.0284867      0.17655161
       5630.6200      0.95090677      0.17696825
       5633.6500       1.0805504      0.17745489
       5636.6700       1.2703449      0.17780655
       5639.6900       1.2434581      0.17787564
       5642.7100       1.1623358      0.17775402
       5645.7400      0.88373426      0.17769103
       5648.7600      0.98330306      0.17787129
       5651.7900       1.1382278      0.17836684
       5654.8000      0.94248404      0.17910123
       5657.8300      0.95460824      0.17981160
       5660.8500      0.68700698      0.18017606
       5663.8800       1.2972668      0.18015866
       5666.9000       1.0789108      0.18001153
       5669.9200      0.77215002      0.17998630
       5672.9400       1.0489587      0.18011548
       5675.9700       1.1106030      0.18033361
       5678.9900       1.2494927      0.18062104
       5682.0100       1.2860045      0.18093314
       5685.0300      0.61289700      0.18119433
       5688.0600       1.2970446      0.18139821
       5691.0800      0.90620618      0.18156426
       5694.1100       1.1135771      0.18170863
       5697.1200      0.90844577      0.18187739
       5700.1500       1.2385462      0.18210383
       5703.1700       1.3489001      0.18234374
       5706.2000       1.1435794      0.18254378
       5709.2200      0.87715583      0.18270882
       5712.2400      0.89061442      0.18287053
       5715.2600       1.1588823      0.18304166
       5718.2900       1.2203956      0.18322067
       5721.3100       1.0477144      0.18341725
       5724.3400      0.94477626      0.18363935
       5727.3500      0.55559038      0.18387976
       5730.3700      0.43804170      0.18413049
       5733.4000       1.0658498      0.18438704
       5736.4200      0.81621206      0.18464408
       5739.4500       1.2812446      0.18490383
       5742.4600      0.99070482      0.18516165
       5745.4900      0.86084365      0.18542042
       5748.5100      0.56032451      0.18567735
       5751.5400       1.0380754      0.18593488
       5754.5600      0.77229387      0.18619103
       5757.5800      0.97278108      0.18644768
       5760.6000       1.1223740      0.18670310
       5763.6300      0.81310704      0.18695951
       5766.6500       1.1500502      0.18721600
       5769.6800       1.0273534      0.18747207
       5772.6900       1.2506154      0.18772675
       5775.7200      0.92585259      0.18798228
       5778.7400      0.93754992      0.18823548
       5781.7700       1.0570938      0.18849043
       5784.7900      0.99105450      0.18874312
       5787.8100       1.2409671      0.18899668
       5790.8300      0.94203144      0.18924899
       5793.8600       1.3005881      0.18950296
       5796.8800       1.0414307      0.18975483
       5799.9000       1.3514263      0.19000700
       5802.9200       1.2440429      0.19025816
       5805.9500       1.2255063      0.19050976
       5808.9700       1.0422119      0.19075901
       5812.0000       1.0072953      0.19100941
       5815.0100       1.4391153      0.19125783
       5818.0400      0.93884690      0.19150734
       5821.0600       1.3322348      0.19175507
       5824.0900       1.1352958      0.19200453
       5827.1100       1.2619128      0.19225222
       5830.1300       1.2439493      0.19249988
       5833.1500       1.3715533      0.19274642
       5836.1800       1.1308693      0.19299293
       5839.2000       1.1952397      0.19323758
       5842.2300      0.83973420      0.19348288
       5845.2400       1.1976488      0.19372649
       5848.2700       1.1784691      0.19397076
       5851.2900       1.3520695      0.19421408
       5854.3200       1.2052389      0.19445779
       5857.3400       1.3949082      0.19469995
       5860.3600       1.2868816      0.19494174
       5863.3800       1.2072855      0.19518180
       5866.4100       1.2685790      0.19542276
       5869.4300      0.83830858      0.19566187
       5872.4600       1.2673861      0.19590207
       5875.4700      0.90810779      0.19613953
       5878.5000       1.3071373      0.19637834
       5881.5200      0.76178124      0.19661545
       5884.5400      0.93399465      0.19685072
       5887.5700       1.1103177      0.19708591
       5890.5800       1.3063772      0.19731917
       5893.6100       1.3859616      0.19755431
       5896.6300       1.2000112      0.19778916
       5899.6600       1.6348426      0.19802292
       5902.6800       1.5105717      0.19825482
       5905.7000       1.1768902      0.19848475
       5908.7200       1.1577724      0.19871490
       5911.7500       1.0881288      0.19894562
       5914.7700       1.4311627      0.19917410
       5917.7900       1.3086811      0.19940271
       5920.8100       1.2067826      0.19962964
       5923.8400       1.3143064      0.19985669
       5926.8600       1.1442296      0.20008182
       5929.8900       1.2553402      0.20030703
       5932.9000       1.1419456      0.20053069
       5935.9300       1.0026594      0.20075476
       5938.9500       1.2738417      0.20097737
       5941.9800       1.1510431      0.20119919
       5945.0000       1.2660762      0.20141978
       5948.0200      0.97108180      0.20163975
       5951.0400       1.2325116      0.20186349
       5954.0700       1.3636943      0.20209636
       5957.0900       1.2468964      0.20235013
       5960.1200       1.1565386      0.20264597
       5963.1300       1.0440457      0.20304447
       5966.1600       1.2305819      0.20372918
       5969.1800      0.98933534      0.20503005
       5972.2100       1.2917701      0.20714936
       5975.2300      0.79459387      0.20952840
       5978.2500      0.71119105      0.21094947
       5981.2700       1.0103723      0.21078765
       5984.3000      0.83711101      0.20977975
       5987.3200      0.99249766      0.20905614
       5990.3500      0.87156679      0.20894576
       5993.3600      0.71340842      0.20908817
       5996.3900      0.76799596      0.20912038
       5999.4100      0.88232033      0.20897696
       6002.4400      0.51066875      0.20876013
       6005.4600      0.67031122      0.20856477
       6008.4800       1.0510159      0.20842347
       6011.5000      0.83801269      0.20833582
       6014.5300      0.38707727      0.20828802
       6017.5500      0.50769589      0.20825601
       6020.5800      0.40168899      0.20823046
       6023.5900      0.14697445      0.20822286
       6026.6200      0.71493813      0.20824688
       6029.6400      0.76563357      0.20830708
       6032.6700      0.65706196      0.20840154
       6035.6900      0.32994023      0.20852621
       6038.7100      0.50187997      0.20866523
       6041.7300      0.67025391      0.20879747
       6044.7600      0.15928342      0.20891204
       6047.7800      0.57135523      0.20901656
       6050.7900      0.48951369      0.20912792
       6053.8200      0.59767714      0.20925292
       6056.8400      0.36049105      0.20938337
       6059.8700      0.47107069      0.20951580
       6062.8900      0.66178908      0.20965126
       6065.9100      0.28979951      0.20977752
       6068.9300      0.51809040      0.20989279
       6071.9600      0.42496670      0.21001011
       6074.9800      0.42796529      0.21015147
       6078.0100     0.035332319      0.21031844
       6081.0200      0.26358636      0.21048422
       6084.0500      0.22817159      0.21062673
       6087.0700      0.26662004      0.21073952
       6090.1000     0.035160987      0.21084645
       6093.1200      0.27933951      0.21096908
       6096.1400      0.26982915      0.21111195
       6099.1600      0.40237549      0.21126751
       6102.1900      0.74363880      0.21142762
       6105.2100      0.20501084      0.21158725
       6108.2400      0.52059897      0.21174577
       6111.2500      0.59597903      0.21190060
       6114.2800      0.39223008      0.21205567
       6117.3000      0.36659934      0.21220945
       6120.3300      0.65807124      0.21236157
       6123.3500     0.078584719      0.21251334
       6126.3700      0.26395358      0.21266340
       6129.3900      0.36976050      0.21281548
       6132.4200      0.35755093      0.21297030
       6135.4400      0.33294701      0.21313100
       6138.4700      0.20643879      0.21330674
       6141.4800      0.33613155      0.21351516
       6144.5100      0.42599001      0.21377698
       6147.5300      0.22321292      0.21408895
       6150.5600      0.59796250      0.21443485
       6153.5800      0.60444152      0.21481559
       6156.6000      0.61092055      0.21525931
       6159.6200      0.61740074      0.21577776
       6162.6500      0.62387977      0.21630482
       6165.6700      0.62387977      0.21670701
       6168.6900      0.33006069      0.21690808
       6171.7100      0.74138401      0.21693886
       6174.7400      0.89919036      0.21688530
       6177.7600      0.57924818      0.21680299
       6180.7900      0.62668773      0.21668341
       6183.8000      0.42272828      0.21648731
       6186.8300      0.38536161      0.21623477
       6189.8500      0.63407429      0.21605535
       6192.8800      0.34710613      0.21609504
       6195.9000      0.72135634      0.21643867
       6198.9200      0.65575914      0.21703686
       6201.9400      0.63502743      0.21764495
       6204.9700      0.48277036      0.21792611
       6207.9900      0.58029956      0.21775525
       6211.0100      0.60696413      0.21735135
       6214.0300      0.91296121      0.21703117
       6217.0500      0.70476699      0.21693148
       6220.0800      0.44519201      0.21699037
       6223.1000      0.95049628      0.21711848
       6226.1300      0.84147207      0.21731425
       6229.1400       1.1335521      0.21758277
       6232.1700      0.87659914      0.21785697
       6235.1900      0.56569485      0.21804831
       6238.2200      0.76884501      0.21813810
       6241.2400      0.75053768      0.21817024
       6244.2600      0.84635356      0.21819644
       6247.2800       1.1083155      0.21822445
       6250.3100      0.86709930      0.21823482
       6253.3300       1.0747064      0.21823006
       6256.3500      0.85006789      0.21821827
       6259.3700       1.0000842      0.21818089
       6262.4000      0.59003914      0.21810901
       6265.4200       1.0492032      0.21804260
       6268.4500      0.88650831      0.21800548
       6271.4700      0.91633170      0.21797834
       6274.4900      0.78884345      0.21795101
       6277.5100      0.83416036      0.21794913
       6280.5400      0.79581015      0.21799394
       6283.5600      0.79593529      0.21806956
       6286.5800      0.67916783      0.21815083
       6289.6000      0.97739826      0.21822771
       6292.6300       1.0496628      0.21829779
       6295.6500      0.54450938      0.21835992
       6298.6800      0.60432457      0.21841502
       6301.6900      0.72518060      0.21846336
       6304.7200       1.0319835      0.21850952
       6307.7400       1.1418146      0.21855125
       6310.7700      0.99613481      0.21859291
       6313.7900       1.4627392      0.21863123
       6316.8100      0.91105375      0.21866848
       6319.8300      0.35125084      0.21870343
       6322.8600      0.76196368      0.21873564
       6325.8800      0.82216832      0.21876460
       6328.9100      0.86081675      0.21879096
       6331.9200      0.72506365      0.21881617
       6334.9500      0.79687674      0.21883891
       6337.9700      0.94831165      0.21886162
       6341.0000       1.1980465      0.21888075
       6344.0200      0.83420948      0.21889788
       6347.0400      0.74410660      0.21891282
       6350.0600      0.67383024      0.21892526
       6353.0900      0.84011662      0.21893606
       6356.1100       1.0238075      0.21894459
       6359.1400      0.87963049      0.21895022
       6362.1500      0.82211920      0.21895341
       6365.1800      0.76460792      0.21895492
       6368.2000      0.70709781      0.21895416
       6371.2200      0.70709781      0.21895052
       6374.2500      0.88098710      0.21894446
       6377.2600       1.1532570      0.21893667
       6380.2900      0.78121831      0.21892743
       6383.3100      0.63030149      0.21891515
       6386.3400      0.64298587      0.21890023
       6389.3600       1.3483973      0.21888309
       6392.3800      0.91773042      0.21886294
       6395.4000      0.72413039      0.21884133
       6398.4300      0.49756218      0.21881714
       6401.4500      0.29403427      0.21879103
       6404.4800      0.81401224      0.21876177
       6407.4900      0.92090327      0.21873153
       6410.5200      0.44856719      0.21869740
       6413.5400      0.45612332      0.21866088
       6416.5700      0.71916704      0.21862250
       6419.5800       1.0993817      0.21858201
       6422.6100      0.77388906      0.21853773
       6425.6300      0.61525354      0.21849205
       6428.6600      0.79860058      0.21844231
       6431.6800      0.66992411      0.21839138
       6434.7000      0.85100349      0.21833783
       6437.7200      0.79584407      0.21828184
       6440.7500      0.71577900      0.21822390
       6443.7700      0.71590296      0.21816298
       6446.8000      0.68134544      0.21810006
       6449.8100      0.93256552      0.21803433
       6452.8400      0.74493344      0.21796592
       6455.8600      0.43436479      0.21789523
       6458.8900      0.81458763      0.21782062
       6461.9100       1.0664954      0.21774446
       6464.9300       1.0603298      0.21766521
       6467.9500      0.77774256      0.21758401
       6470.9800      0.52588043      0.21749984
       6474.0000      0.65857763      0.21741355
       6477.0300      0.32699894      0.21732389
       6480.0400      0.77808406      0.21723147
       6483.0700       1.0812509      0.21713669
       6486.0900      0.54379131      0.21703925
       6489.1200      0.49914802      0.21693977
       6492.1400      0.78770552      0.21683725
       6495.1600      0.62083673      0.21673266
       6498.1800      0.94094849      0.21662562
       6501.2100      0.77272541      0.21651442
       6504.2300      0.77815774      0.21640104
       6507.2500      0.73513771      0.21628365
       6510.2700      0.55248302      0.21616347
       6513.3000      0.77302597      0.21604164
       6516.3200      0.63537945      0.21592123
       6519.3500      0.57815469      0.21582290
       6522.3600      0.48897689      0.21585613
       6525.3900      0.59089405      0.21644237
       6528.4100      0.91465932      0.21869885
       6531.4300      0.77509248      0.22458403
       6534.4600      0.78875690      0.23596272
       6537.4800      0.80242133      0.25194716
       6540.5000      0.81608576      0.26657137
       6543.5200      0.82974200      0.27154283
       6546.5500      0.78880719      0.26525589
       6549.5700      0.51359835      0.25464347
       6552.5900      0.19760557      0.24668417
       6555.6100      0.58534594      0.24354697
       6558.6400      0.95117809      0.24353535
       6561.6600      0.67489097      0.24384679
       6564.6900      0.49905563      0.24283347
       6567.7000      0.68226350      0.24046586
       6570.7300      0.77724553      0.23736146
       6573.7500      0.14427758      0.23409959
       6576.7800      0.44441079      0.23095203
       6579.8000      0.20088484      0.22807984
       6582.8200      0.43832355      0.22556892
       6585.8400      0.80094776      0.22349424
       6588.8700      0.85223965      0.22188853
       6591.8900      0.42221253      0.22072463
       6594.9200      0.61596694      0.21989712
       6597.9300       1.0021098      0.21932391
       6600.9600       1.1508408      0.21896347
       6603.9800      0.91985891      0.21876533
       6607.0100       1.0787038      0.21854324
       6610.0300      0.62278979      0.21806705
       6613.0500      0.65342482      0.21730842
       6616.0700      0.77653915      0.21647106
       6619.1000      0.56889109      0.21574039
       6622.1200      0.57456550      0.21507158
       6625.1500       1.2281962      0.21421937
       6628.1600      0.67129359      0.21305487
       6631.1900      0.30837233      0.21172517
       6634.2100      0.43242459      0.21057264
       6637.2400      0.53277579      0.20980427
       6640.2500      0.79839592      0.20944238
       6643.2800      0.74449254      0.20942371
       6646.3000     0.035018893      0.20970330
       6649.3300      0.59497209      0.21018973
       6652.3500      0.53750993      0.21065814
       6655.3800      0.70222918      0.21085549
       6658.3900      0.67866612      0.21069977
       6661.4200      0.23173974      0.21032895
       6664.4400      0.30203247      0.20992895
       6667.4700      0.61455769      0.20956684
       6670.4800      0.67750013      0.20921379
       6673.5100      0.61730367      0.20885328
       6676.5300      0.55497172      0.20852442
       6679.5600      0.59360962      0.20823799
       6682.5800      0.38022634      0.20796013
       6685.6000      0.59183666      0.20762482
       6688.6200      0.47020760      0.20713809
       6691.6400      0.41310564      0.20645898
       6694.6700      0.20621893      0.20571345
       6697.6900      0.38712054      0.20510912
       6700.7100      0.24707421      0.20467907
       6703.7300      0.71514279      0.20429981
       6706.7600      0.48051088      0.20391264
       6709.7800      0.72319245      0.20357331
       6712.8100      0.82257063      0.20328293
       6715.8200      0.66876046      0.20295675
       6718.8500      0.52840655      0.20252703
       6721.8700      0.21369320      0.20202495
       6724.9000     -0.10504288      0.20149671
       6727.9200     0.056249510      0.20097581
       6730.9400      0.81557352      0.20049370
       6733.9600      0.80460946      0.20007382
       6736.9900     -0.22166099      0.19968970
       6740.0100      0.18177406      0.19928396
       6743.0400     0.015875481      0.19882965
       6746.0500      0.35825029      0.19836379
       6749.0800      0.71252779      0.19791864
       6752.1000      0.16345386      0.19750830
       6755.1300      0.27928455      0.19712171
       6758.1500     0.088006671      0.19674924
       6761.1700      0.29871226      0.19636769
       6764.1900      0.80982894      0.19596030
       6767.2200      0.34574133      0.19551974
       6770.2400      0.95781032      0.19506798
       6773.2600      0.55883223      0.19462609
       6776.2800      0.39283121      0.19421127
       6779.3100      0.20815445      0.19382635
       6782.3300      0.92322005      0.19347030
       6785.3600      0.87591616      0.19312840
       6788.3800      0.34432623      0.19278244
       6791.4000      0.15559366      0.19242665
       6794.4200      0.98717410      0.19208230
       6797.4500      0.85282674      0.19178181
       6800.4700      0.57975223      0.19153855
       6803.4900      0.76896196      0.19132740
