# data from http://adsabs.harvard.edu/abs/2001MNRAS.325..907F
# via WISEREP
# de-redshifted assuming z=   0.00298700
# type is SNIIn
# phase is       689.200
# WARNING: fake error spectrum!

       1.0219900       3.4817039       1.1713781
       1.0226200       2.4700584       1.1640589
       1.0232400       1.4584129       1.1569068
       1.0238600       2.2828636       1.1498051
       1.0244800       3.1101407       1.1427537
       1.0251000       2.0099350       1.1357523
       1.0257300      0.90343359       1.1286890
       1.0263500      0.64211414       1.1217880
       1.0269700      0.38502951       1.1149365
       1.0275900       1.6023497       1.1081344
       1.0282200       2.8296122       1.1012729
       1.0288400       2.0345725       1.0945697
       1.0294600       1.2227317       1.0879154
       1.0300800       1.0878384       1.0813098
       1.0307000      0.95962904       1.0747527
       1.0313300       1.1397881       1.0681393
       1.0319500       1.3235378       1.0616794
       1.0325700       2.3912574       1.0552675
       1.0331900       3.4706407       1.0489035
       1.0338200       3.3459856       1.0424856
       1.0344400       3.2033105       1.0362174
       1.0350600       2.1131794       1.0299965
       1.0356800       1.0073694       1.0238228
       1.0363000      0.80192393       1.0176960
       1.0369300      0.61297621       1.0115183
       1.0375500      0.49822467       1.0054857
       1.0381700      0.38496522      0.99949951
       1.0387900      0.24048741      0.99355960
       1.0394100     0.095337567      0.98766579
       1.0400400     -0.53543316      0.98172397
       1.0406600      -1.1776237      0.97592259
       1.0412800     -0.18661560      0.97016679
       1.0419000      0.84541854      0.96445642
       1.0425200      0.82130878      0.95879128
       1.0431500      0.76875254      0.95308095
       1.0437700       1.3627139      0.94750652
       1.0443900       1.9751381      0.94197682
       1.0450100       1.5379964      0.93649167
       1.0456400       1.0689691      0.93096353
       1.0462600       1.1787761      0.92556770
       1.0468800       1.3071068      0.92021592
       1.0475000      0.79835750      0.91490802
       1.0481200      0.26804896      0.90964381
       1.0487500      0.21483584      0.90433929
       1.0493700      0.17864816      0.89916268
       1.0499900      0.62476118      0.89402925
       1.0506100       1.0888755      0.88893884
       1.0512300      0.84769304      0.88389127
       1.0518600      0.57886287      0.87880601
       1.0524800      0.30043731      0.87384430
       1.0531000     0.021620600      0.86892493
       1.0537200      0.47115563      0.86404772
       1.0543500      0.95181081      0.85913485
       1.0549700     0.092396480      0.85434211
       1.0555900     -0.82677972      0.84959102
       1.0562100     -0.27827028      0.84488141
       1.0568300      0.33816196      0.84021309
       1.0574600       1.4865319      0.83551161
       1.0580800       2.6605225      0.83092605
       1.0587000       2.2529493      0.82638128
       1.0593200       1.7665326      0.82187712
       1.0599400       1.1331526      0.81741340
       1.0605700      0.49216600      0.81291895
       1.0611900      0.99905987      0.80853626
       1.0618100       1.5672981      0.80419350
       1.0624300       1.9259846      0.79989050
       1.0630600       2.2730680      0.79555865
       1.0636800       2.6099617      0.79133529
       1.0643000       2.9462671      0.78715118
       1.0649200       4.6226747      0.78300613
       1.0655400       6.3781381      0.77890000
       1.0661700       7.5186661      0.77476730
       1.0667900       8.6217710      0.77073908
       1.0674100       9.5921053      0.76674924
       1.0680300       10.554130      0.76279762
       1.0686500       10.322919      0.75888404
       1.0692800       10.014557      0.75494614
       1.0699000       9.7107436      0.75110875
       1.0705200       9.4072335      0.74730889
       1.0711400       8.8896774      0.74354639
       1.0717700       8.3575037      0.73976129
       1.0723900       7.5727084      0.73607359
       1.0730100       6.7701415      0.73242274
       1.0736300       6.3920277      0.72880856
       1.0742500       6.0445318      0.72523088
       1.0748800       6.5010827      0.72163271
       1.0755000       7.0171831      0.71812811
       1.0761200       6.4032486      0.71465949
       1.0767400       5.7039261      0.71122669
       1.0773600       5.3319929      0.70782954
       1.0779900       4.9855281      0.70441393
       1.0786100       4.8082683      0.70108813
       1.0792300       4.6444675      0.69779745
       1.0798500       4.8225461      0.69454173
       1.0804800       5.0285132      0.69126914
       1.0811000       5.0123490      0.68808339
       1.0817200       4.9776189      0.68493208
       1.0823400       5.2662748      0.68181504
       1.0829600       5.5825524      0.67873211
       1.0835900       4.4826561      0.67563421
       1.0842100       3.2589418      0.67261952
       1.0848300       2.5888664      0.66963841
       1.0854500       1.9682054      0.66669072
       1.0860700       2.2300223      0.66377627
       1.0867000       2.5724051      0.66084870
       1.0873200       2.6720042      0.65800076
       1.0879400       2.7490462      0.65518555
       1.0885600       2.1109534      0.65240291
       1.0891900       1.4047953      0.64960855
       1.0898100       1.8611702      0.64689103
       1.0904300       2.4303486      0.64420556
       1.0910500       2.0255897      0.64155195
       1.0916700       1.5243190      0.63893005
       1.0923000       1.1708972      0.63629816
       1.0929200      0.83243263      0.63373966
       1.0935400       1.1352087      0.63121234
       1.0941600       1.5039212      0.62871605
       1.0947800       1.5488230      0.62625059
       1.0954100       1.5596800      0.62377680
       1.0960300       1.4348733      0.62137301
       1.0966500       1.2955462      0.61899956
       1.0972700       1.3022424      0.61665627
       1.0979000       1.3248722      0.61430590
       1.0985200       1.3738984      0.61202289
       1.0991400       1.4258542      0.60976953
       1.0997600       1.1848718      0.60754565
       1.1003800      0.91067562      0.60535106
       1.1010100       1.1783940      0.60315092
       1.1016300       1.5085916      0.60101490
       1.1022500       1.4460578      0.59890766
       1.1028700       1.3375002      0.59682904
       1.1034900      0.77814170      0.59477887
       1.1041200      0.16497443      0.59272459
       1.1047400      0.44727272      0.59073125
       1.1053600      0.83795210      0.58876583
       1.1059800       1.2029769      0.58682818
       1.1066100       1.5648355      0.58488754
       1.1072300       1.0990714      0.58300533
       1.1078500      0.52954370      0.58115038
       1.1084700      0.46453591      0.57932249
       1.1090900      0.46389298      0.57752151
       1.1097200      0.72922467      0.57571886
       1.1103400       1.0290712      0.57397160
       1.1109600      0.88386072      0.57225073
       1.1115800      0.67990732      0.57055607
       1.1122000      0.86187989      0.56888746
       1.1128300       1.0955353      0.56721844
       1.1134500      0.75579696      0.56560182
       1.1140700      0.33812860      0.56401073
       1.1146900      0.19642387      0.56244501
       1.1153200     0.092837430      0.56087983
       1.1159400      0.41114083      0.55936471
       1.1165600      0.78856197      0.55787444
       1.1171800      0.88447938      0.55640884
       1.1178000      0.94032304      0.55496775
       1.1184300      0.71976879      0.55352833
       1.1190500      0.45931183      0.55213612
       1.1196700      0.35111148      0.55076790
       1.1202900      0.26523706      0.54942349
       1.1209100      0.29782679      0.54810273
       1.1215400      0.34805575      0.54678471
       1.1221600      0.82776231      0.54551110
       1.1227800       1.3722911      0.54426063
       1.1234000       1.2627751      0.54303311
       1.1240300       1.0530597      0.54180914
       1.1246500      0.65927907      0.54062739
       1.1252700      0.23692038      0.53946809
       1.1258900     -0.11635036      0.53833107
       1.1265100     -0.45873622      0.53721615
       1.1271400    -0.032838098      0.53610571
       1.1277600      0.51588818      0.53503483
       1.1283800      0.87721309      0.53398554
       1.1290000       1.2081870      0.53295766
       1.1296200       1.7381407      0.53195104
       1.1302500       2.3007806      0.53094976
       1.1308700       1.7253974      0.52998545
       1.1314900      0.96102407      0.52904187
       1.1321100      0.62348139      0.52811885
       1.1327400      0.35793742      0.52720183
       1.1333600      0.43933863      0.52631974
       1.1339800      0.57998920      0.52545770
       1.1346000      0.81270812      0.52461553
       1.1352200       1.0613631      0.52379306
       1.1358500      0.88866447      0.52297734
       1.1364700      0.64201709      0.52219408
       1.1370900      0.96775661      0.52143001
       1.1377100       1.3951756      0.52068496
       1.1383300       1.6108473      0.51995875
       1.1389600       1.7883982      0.51923996
       1.1395800       1.8350893      0.51855123
       1.1402000       1.8579495      0.51788083
       1.1408200       1.5099623      0.51722859
       1.1414500       1.0935155      0.51658426
       1.1420700      0.89955177      0.51596811
       1.1426900      0.74713564      0.51536961
       1.1433100      0.84592803      0.51478859
       1.1439300      0.99223635      0.51422487
       1.1445600       1.3705746      0.51366960
       1.1451800       1.7933111      0.51314025
       1.1458000       1.4626587      0.51262768
       1.1464200      0.98599511      0.51213173
       1.1470400      0.62377859      0.51165223
       1.1476700      0.28402569      0.51118166
       1.1482900    -0.055919537      0.51073480
       1.1489100     -0.39590225      0.51030386
       1.1495300     -0.94977892      0.50988869
       1.1501600      -1.5466395      0.50948279
       1.1507800      -1.2106313      0.50909887
       1.1514000     -0.68512352      0.50873020
       1.1520200      0.29696551      0.50837661
       1.1526400       1.3729401      0.50803791
       1.1532700       1.4561748      0.50770885
       1.1538900       1.3330483      0.50739968
       1.1545100       1.2885832      0.50710490
       1.1551300       1.2606705      0.50682434
       1.1557500       1.1265110      0.50655783
       1.1563800      0.96973391      0.50630123
       1.1570000      0.92426200      0.50606252
       1.1576200      0.90273608      0.50583734
       1.1582400       1.1504510      0.50562552
       1.1588700       1.4567874      0.50542379
       1.1594900       1.6381717      0.50523839
       1.1601100       1.7920981      0.50506583
       1.1607300       1.5122065      0.50490595
       1.1613500       1.1357607      0.50475857
       1.1619800      0.64364261      0.50462144
       1.1626000      0.12551995      0.50449875
       1.1632200      0.31223805      0.50438805
       1.1638400      0.65927301      0.50428916
       1.1644600      0.83038254      0.50420193
       1.1650900      0.96101801      0.50412504
       1.1657100       1.0919931      0.50406076
       1.1663300       1.2230532      0.50400762
       1.1669500       1.1363975      0.50396543
       1.1675800      0.99858071      0.50393362
       1.1682000      0.66733992      0.50391302
       1.1688200      0.29019718      0.50390286
       1.1694400      0.37871366      0.50390297
       1.1700600      0.57898418      0.50391319
       1.1706900      0.26862759      0.50393375
       1.1713100     -0.16547179      0.50396382
       1.1719300     -0.29720205      0.50400348
       1.1725500     -0.35484894      0.50405255
       1.1731700    -0.060804508      0.50411087
       1.1738000      0.32034500      0.50417943
       1.1744200      0.77754729      0.50425588
       1.1750400       1.2537681      0.50434106
       1.1756600       1.2256673      0.50443480
       1.1762900       1.0700972      0.50453864
       1.1769100       1.0604169      0.50464912
       1.1775300       1.0879172      0.50476764
       1.1781500      0.74597716      0.50489404
       1.1787700      0.30876261      0.50502815
       1.1794000      0.58437384      0.50517213
       1.1800200       1.0455508      0.50532124
       1.1806400       1.3071250      0.50547755
       1.1812600       1.5161854      0.50564087
       1.1818800       1.5105567      0.50581104
       1.1825100       1.4478592      0.50599079
       1.1831300       1.1706122      0.50617424
       1.1837500      0.83581709      0.50636403
       1.1843700      0.79022994      0.50655997
       1.1850000      0.82304347      0.50676521
       1.1856200       1.0639955      0.50697306
       1.1862400       1.3618829      0.50718656
       1.1868600       1.5660365      0.50740552
       1.1874800       1.7442849      0.50762980
       1.1881100       1.7830728      0.50786294
       1.1887300       1.7829758      0.50809739
       1.1893500       1.3483087      0.50833662
       1.1899700      0.79124285      0.50858048
       1.1905900      0.94593955      0.50882878
       1.1912200       1.3029035      0.50908546
       1.1918400       1.6167731      0.50934221
       1.1924600       1.9182694      0.50960288
       1.1930800       1.6811689      0.50986732
       1.1937100       1.2879281      0.51013970
       1.1943300       1.1243882      0.51041121
       1.1949500       1.0280219      0.51068595
       1.1955700      0.59109243      0.51096378
       1.1961900     0.053588139      0.51124450
       1.1968200      0.29233219      0.51153256
       1.1974400      0.76231114      0.51181862
       1.1980600       1.4495879      0.51210707
       1.1986800       2.2022248      0.51239774
       1.1993000       1.8175483      0.51269045
       1.1999300       1.0878202      0.51298981
       1.2005500      0.64423701      0.51328614
       1.2011700      0.28831086      0.51358399
       1.2017900      0.29145514      0.51388321
       1.2024200      0.40565108      0.51418847
       1.2030400      0.59785893      0.51448991
       1.2036600      0.81437609      0.51479220
       1.2042800      0.94809882      0.51509516
       1.2049000       1.0557587      0.51539863
       1.2055300      0.96696811      0.51570733
       1.2061500      0.81580144      0.51601129
       1.2067700      0.69451268      0.51631525
       1.2073900      0.58280656      0.51661902
       1.2080100      0.94353161      0.51692244
       1.2086400       1.4569573      0.51723021
       1.2092600       1.3209600      0.51753240
       1.2098800      0.97308805      0.51783372
       1.2105000      0.63949997      0.51813400
       1.2111300      0.31060708      0.51843788
       1.2117500      0.47722219      0.51873555
       1.2123700      0.80834107      0.51903166
       1.2129900      0.78261186      0.51932605
       1.2136100      0.63731645      0.51961854
       1.2142400      0.60210225      0.51991363
       1.2148600      0.60403831      0.52020178
       1.2154800      0.92129604      0.52048752
       1.2161000       1.3460402      0.52077068
       1.2167200      0.99072002      0.52105108
       1.2173500      0.36734902      0.52133301
       1.2179700    -0.026329858      0.52160735
       1.2185900     -0.34036307      0.52187842
       1.2192100     -0.60301933      0.52214604
       1.2198400     -0.84769911      0.52241429
       1.2204600     -0.77537590      0.52267447
       1.2210800     -0.59126044      0.52293069
       1.2217000     -0.17841039      0.52318279
       1.2223200      0.31583298      0.52343059
       1.2229500     0.090679986      0.52367781
       1.2235700     -0.39248321      0.52391643
       1.2241900     -0.64696035      0.52415025
       1.2248100     -0.81869462      0.52437907
       1.2254300     -0.30744340      0.52460275
       1.2260600      0.45265025      0.52482458
       1.2266800      0.90405226      0.52503735
       1.2273000       1.2418921      0.52524445
       1.2279200       1.0984467      0.52544572
       1.2285500      0.77638275      0.52564407
       1.2291700      0.49064845      0.52583304
       1.2297900      0.21850174      0.52601566
       1.2304100    -0.074703253      0.52619175
       1.2310300     -0.37585324      0.52636115
       1.2316600     -0.46400337      0.52652624
       1.2322800     -0.47124964      0.52668162
       1.2329000      0.40692966      0.52682979
       1.2335200       1.6246702      0.52697058
       1.2341400       1.9910839      0.52710381
       1.2347700       2.0285314      0.52723128
       1.2353900       1.6604558      0.52734877
       1.2360100       1.1343232      0.52745819
       1.2366300       1.0000000      0.52755937
       1.2372600       1.0195304      0.52765357
       1.2378800      0.82257644      0.52773762
       1.2385000      0.53979232      0.52781292
       1.2391200      0.63611551      0.52787930
       1.2397400      0.88386072      0.52793658
       1.2403700       1.4946716      0.52798528
       1.2409900       2.2516028      0.52802371
       1.2416100       1.9526114      0.52805252
       1.2422300       1.2251033      0.52807155
       1.2428500       1.0421299      0.52808062
       1.2434800       1.0817912      0.52807948
       1.2441000       1.2620837      0.52806797
       1.2447200       1.5003488      0.52804599
       1.2453400       1.2921799      0.52801338
       1.2459700      0.89857525      0.52796917
       1.2465900      0.78323053      0.52791458
       1.2472100      0.78441933      0.52784885
       1.2478300      0.66229355      0.52777179
       1.2484500      0.48809372      0.52768323
       1.2490800      0.61400125      0.52758130
       1.2497000      0.86745395      0.52746905
       1.2503200       1.0216836      0.52734479
       1.2509400       1.1333527      0.52720834
       1.2515600       1.0052708      0.52705955
       1.2521900      0.77361695      0.52689552
       1.2528100      0.64166530      0.52672131
       1.2534300      0.55314640      0.52653422
       1.2540500      0.62463380      0.52633410
       1.2546800      0.76632640      0.52611721
       1.2553000      0.56854025      0.52589028
       1.2559200      0.22059550      0.52564980
       1.2565400      0.16750490      0.52539559
       1.2571600      0.24577700      0.52512749
       1.2577900      0.53550048      0.52484065
       1.2584100      0.92019215      0.52454401
       1.2590300      0.63617010      0.52423296
       1.2596500     0.049391706      0.52390733
       1.2602700    -0.027411795      0.52356695
       1.2609000      0.12831790      0.52320579
       1.2615200      0.44977225      0.52283515
       1.2621400      0.84740191      0.52244924
       1.2627600       1.0324739      0.52204789
       1.2633900       1.1191538      0.52162407
       1.2640100       1.2192077      0.52119108
       1.2646300       1.3255030      0.52074213
       1.2652500       1.2602944      0.52027706
       1.2658700       1.1144228      0.51979569
       1.2665000       1.5004215      0.51928969
       1.2671200       2.1383445      0.51877495
       1.2677400       2.2571222      0.51824340
       1.2683600       2.1280820      0.51769487
       1.2689800       1.9029605      0.51712919
       1.2696100       1.6316453      0.51653664
       1.2702300       1.4811823      0.51593585
       1.2708500       1.3892680      0.51531740
       1.2714700       1.2396662      0.51468111
       1.2721000       1.0619151      0.51401611
       1.2727200      0.98349012      0.51334334
       1.2733400      0.95390335      0.51265221
       1.2739600      0.88190161      0.51194256
       1.2745800      0.78888343      0.51121422
       1.2752100      0.85739154      0.51045480
       1.2758300       1.0064960      0.50968824
       1.2764500       1.3488364      0.50890248
       1.2770700       1.7883436      0.50809733
       1.2776900       1.9555289      0.50727263
       1.2783200       1.9848063      0.50641442
       1.2789400       1.3980324      0.50554979
       1.2795600      0.49690728      0.50466508
       1.2801800      0.58930437      0.50376014
       1.2808100       1.1921684      0.50281969
       1.2814300       1.2087329      0.50187342
       1.2820500      0.92176308      0.50090641
       1.2826700      0.71016734      0.49991846
       1.2832900      0.53786294      0.49890942
       1.2839200      0.94038976      0.49786233
       1.2845400       1.6448435      0.49681024
       1.2851600       1.7572466      0.49573654
       1.2857800       1.5562713      0.49464106
       1.2864000       1.7437815      0.49352363
       1.2870300       2.1381262      0.49236552
       1.2876500       1.9938740      0.49120331
       1.2882700       1.5604260      0.49001863
       1.2888900       1.0075696      0.48881132
       1.2895200      0.39016928      0.48756117
       1.2901400      0.73794664      0.48630770
       1.2907600       1.6114235      0.48503107
       1.2913800       1.9326807      0.48373112
       1.2920000       1.9511436      0.48240767
       1.2926300       1.4113094      0.48103864
       1.2932500      0.56302806      0.47966731
       1.2938700      0.44698219      0.47827196
       1.2944900      0.73851071      0.47685244
       1.2951100      0.86941306      0.47540856
       1.2957400      0.91032383      0.47391628
       1.2963600      0.89103602      0.47242278
       1.2969800      0.83776407      0.47090442
       1.2976000       1.3339520      0.46936103
       1.2982300       2.1421475      0.46776691
       1.2988500       1.9214841      0.46617252
       1.2994700       1.1117055      0.46455257
       1.3000900      0.80738881      0.46290690
       1.3007100      0.79440290      0.46123533
       1.3013400      0.81193175      0.45951010
       1.3019600      0.84717749      0.45778580
       1.3025800       1.1923564      0.45603510
       1.3032000       1.7188287      0.45425781
       1.3038200       1.5655755      0.45245378
       1.3044500       1.0123976      0.45059307
       1.3050700       1.1638251      0.44873457
       1.3056900       1.7332096      0.44684882
       1.3063100       1.7263740      0.44493562
       1.3069400       1.3754754      0.44296328
       1.3075600      0.94428978      0.44099425
       1.3081800      0.46480946      0.43899727
       1.3088000      0.26238696      0.43697216
       1.3094200      0.22770408      0.43491875
       1.3100500      0.21923079      0.43280307
       1.3106700      0.22674212      0.43069210
       1.3112900      0.69344518      0.42855232
       1.3119100       1.4422609      0.42638356
       1.3125300       1.5629674      0.42418564
       1.3131600       1.2952915      0.42192225
       1.3137800       1.3718362      0.41966504
       1.3144000       1.6627909      0.41737817
       1.3150200       1.5303844      0.41506146
       1.3156500       1.1325703      0.41267664
       1.3162700      0.52437057      0.41029926
       1.3168900     -0.21668699      0.40789152
       1.3175100      0.10924056      0.40545326
       1.3181300       1.1133492      0.40298430
       1.3187600       1.3407270      0.40044391
       1.3193800       1.0708372      0.39791255
       1.3200000      0.77363515      0.39534998
       1.3206200      0.45881811      0.39275603
       1.3212400      0.53049172      0.39013052
       1.3218700      0.85320038      0.38743018
       1.3224900      0.90616907      0.38474055
       1.3231100      0.78279989      0.38201885
       1.3237300      0.82881162      0.37926491
       1.3243600      0.98625592      0.37643336
       1.3249800       1.3004106      0.37361390
       1.3256000       1.7184041      0.37076170
       1.3262200       1.8990120      0.36787657
       1.3268400       1.9213142      0.36495835
       1.3274700       1.4499275      0.36195898
       1.3280900      0.64693609      0.35897351
       1.3287100      0.57733319      0.35595444
       1.3293300       1.0034876      0.35290158
       1.3299500      0.99899315      0.34981478
       1.3305800      0.70129980      0.34664323
       1.3312000      0.86337803      0.34348745
       1.3318200       1.3407391      0.34029721
       1.3324400       1.3210025      0.33707233
       1.3330700      0.95822188      0.33375978
       1.3336900      0.71460718      0.33046455
       1.3343100      0.55381480      0.32713416
       1.3349300      0.47318328      0.32376845
       1.3355500      0.44861983      0.32036725
       1.3361800      0.44479623      0.31687465
       1.3368000      0.45558103      0.31340136
