# data from        0.0000000
# via WISEREP
# de-redshifted assuming z=    0.0220000
# type is SNIIn
# phase is       1531.80
# WARNING: fake error spectrum!

       3658.8700       17.318643       6.0273493
       3662.4900       15.573988       6.0079666
       3666.1100      -8.8419007       5.9886275
       3669.7300      -5.9993457       5.9693319
       3673.3500      -5.3821135       5.9500799
       3676.9700       14.473817       5.9308712
       3680.5900       25.958738       5.9117060
       3684.2100       9.1024807       5.8925841
       3687.8300       2.7275572       5.8735056
       3691.4500       7.3109832       5.8544703
       3695.0700       16.078944       5.8354782
       3698.6900      -7.6028175       5.8165294
       3702.3100      -15.020689       5.7976237
       3705.9300       3.0073940       5.7787611
       3709.5500      -7.0642597       5.7599415
       3713.1700      -2.4106695       5.7411650
       3716.7900       3.6026443       5.7224315
       3720.4100       6.5233541       5.7037409
       3724.0300       5.1456669       5.6850932
       3727.6500     -0.33161717       5.6664883
       3731.2700      0.35967283       5.6479262
       3734.8900      -8.6870538       5.6294069
       3738.5100      -9.8754835       5.6109303
       3742.1300      -8.6527203       5.5924964
       3745.7500      -1.2699563       5.5741051
       3749.3700       8.2767845       5.5557564
       3752.9900      -3.2830584       5.5374503
       3756.6100      -10.051385       5.5191866
       3760.2300       1.5135352       5.5009654
       3763.8500       4.0696291       5.4827866
       3767.4700       7.4756452       5.4646503
       3771.0900      -6.2585016       5.4465562
       3774.7100      -5.2405843       5.4285044
       3778.3300       1.4673698       5.4104949
       3781.9500       2.1081965       5.3925276
       3785.5700      -5.3022844       5.3746024
       3789.1900      0.64276284       5.3567193
       3792.8100       9.6393449       5.3388784
       3796.4300      0.97845307       5.3210794
       3800.0400       3.6354381       5.3033714
       3803.6600      -1.2099228       5.2856563
       3807.2800      -10.235831       5.2679831
       3810.9000      0.75617097       5.2503517
       3814.5200       4.3680068       5.2327622
       3818.1400       3.8381440       5.2152144
       3821.7600      -2.5121649       5.1977083
       3825.3800      -8.4787437       5.1802440
       3829.0000       2.6271242       5.1628212
       3832.6200       6.7868209       5.1454401
       3836.2400       4.7136121       5.1281005
       3839.8600    -0.081546929       5.1108025
       3843.4800       1.8041878       5.0935459
       3847.1000       11.018225       5.0763308
       3850.7200       6.5773561       5.0591570
       3854.3400       4.2756298       5.0420246
       3857.9600      -3.3642886       5.0249335
       3861.5800      -6.8183445       5.0078836
       3865.2000      0.83060372       4.9908750
       3868.8200       1.3611786       4.9739075
       3872.4400      -6.0427244       4.9569812
       3876.0600      -4.9182656       4.9400959
       3879.6800       1.1383692       4.9232517
       3883.3000       10.248840       4.9064485
       3886.9200       9.7437694       4.8896862
       3890.5400      0.55351899       4.8729649
       3894.1600      -4.4007236       4.8562844
       3897.7800     -0.66833972       4.8396448
       3901.4000       8.5208907       4.8230459
       3905.0200       9.2966263       4.8064878
       3908.6400       8.2445680       4.7899704
       3912.2600     -0.45056870       4.7734936
       3915.8800      -2.3694848       4.7570574
       3919.5000       2.3590154       4.7406619
       3923.1200       1.2209734       4.7243068
       3926.7400      -5.9412636       4.7079922
       3930.3600      -7.4270318       4.6917181
       3933.9800      -3.6729278       4.6754844
       3937.6000      -2.1640692       4.6592910
       3941.2200      -2.7568830       4.6431379
       3944.8400     -0.65652316       4.6270251
       3948.4600      -5.1607167       4.6109526
       3952.0800      -3.9547738       4.5949202
       3955.7000       5.6520467       4.5789279
       3959.3200       6.2067320       4.5629758
       3962.9400       4.0235176       4.5470637
       3966.5500       3.0587710       4.5312354
       3970.1700       8.0413387       4.5154032
       3973.7900       6.7247743       4.4996109
       3977.4100       7.0179173       4.4838585
       3981.0300      0.86283559       4.4681459
       3984.6500      -3.3315564       4.4524731
       3988.2700     -0.42853679       4.4368401
       3991.8900       1.4493293       4.4212468
       3995.5100       1.2551798       4.4056931
       3999.1300       1.6552068       4.3901791
       4002.7500       2.6253883       4.3747047
       4006.3700       8.9106060       4.3592698
       4009.9900       5.9632802       4.3438744
       4013.6100      0.98653606       4.3285184
       4017.2300      -2.1349551       4.3132019
       4020.8500      -5.4444680       4.2979247
       4024.4700      -2.5906969       4.2826869
       4028.0900       3.5064606       4.2674883
       4031.7100       4.8172668       4.2523290
       4035.3300      -3.2035604       4.2372089
       4038.9500      -7.8881084       4.2221279
       4042.5700       2.6837859       4.2070860
       4046.1900       3.5511095       4.1920832
       4049.8100       3.1400435       4.1771194
       4053.4300       1.4324667       4.1621946
       4057.0500       4.3226651       4.1473088
       4060.6700       4.7433652       4.1324618
       4064.2900       3.9780605       4.1176537
       4067.9100     -0.31621062       4.1028844
       4071.5300      -1.1450434       4.0881539
       4075.1500     -0.64232020       4.0734620
       4078.7700      0.90633360       4.0588089
       4082.3900       2.3840804       4.0441944
       4086.0100     -0.53371182       4.0296185
       4089.6300     -0.50895094       4.0150811
       4093.2500      -1.4691711       4.0005823
       4096.8700      -2.0809569       3.9861219
       4100.4900      -1.8555109       3.9717000
       4104.1100      -2.8138912       3.9573164
       4107.7300      -4.6858221       3.9429711
       4111.3500      -3.7115106       3.9286642
       4114.9700       2.4842517       3.9143955
       4118.5800       2.0437059       3.9002043
       4122.2100     -0.71289236       3.8859727
       4125.8200     -0.80404534       3.8718575
       4129.4400       1.5766132       3.8577413
       4133.0600       2.3666981       3.8436631
       4136.6800       2.8899059       3.8296229
       4140.3000      -2.0088605       3.8156206
       4143.9200      -4.3972980       3.8016563
       4147.5400      -5.6416928       3.7877298
       4151.1600      -1.5502281       3.7738411
       4154.7800       1.0994592       3.7599903
       4158.4000      0.50686091       3.7461771
       4162.0200      -1.5586921       3.7324016
       4165.6400      -1.1052751       3.7186638
       4169.2600       1.8118012       3.7049636
       4172.8800      -1.2623083       3.6913010
       4176.5000      -1.9861088       3.6776759
       4180.1200      0.20152807       3.6640882
       4183.7400      -1.5460480       3.6505380
       4187.3600       4.9363176       3.6370252
       4190.9800       3.5361637       3.6235497
       4194.6000      -1.3575643       3.6101116
       4198.2200      -1.9724601       3.5967107
       4201.8400      -5.8574700       3.5833470
       4205.4600      -7.0412810       3.5700205
       4209.0800      -10.210196       3.5567311
       4212.7000      -10.120513       3.5434788
       4216.3200      -1.8982660       3.5302636
       4219.9400       3.4399261       3.5170854
       4223.5600       4.4674660       3.5039441
       4227.1800       5.3476261       3.4908398
       4230.8000       2.1337811       3.4777723
       4234.4200       1.3668136       3.4647417
       4238.0400      0.79669367       3.4517478
       4241.6600       1.4820192       3.4387907
       4245.2800       2.8105348       3.4258703
       4248.9000    0.0062747830       3.4129866
       4252.5200      -1.3485807       3.4001395
       4256.1400       1.8311079       3.3873289
       4259.7600      0.36956256       3.3745549
       4263.3800      -2.2110160       3.3618174
       4267.0000      -3.1208214       3.3491163
       4270.6200      -3.6837128       3.3364516
       4274.2400      -1.2203768       3.3238233
       4277.8600      -1.1979870       3.3112313
       4281.4800       2.4637902       3.2986756
       4285.0900       1.9558554       3.2861906
       4288.7100       1.1158985       3.2737072
       4292.3300       3.6061893       3.2612600
       4295.9500       3.3880911       3.2488488
       4299.5700      0.64655800       3.2364737
       4303.1900      -1.9522873       3.2241347
       4306.8100      -1.1441158       3.2118316
       4310.4300       3.5732569       3.1995644
       4314.0500       5.1726102       3.1873331
       4317.6700      0.12818498       3.1751377
       4321.2900      -3.8898405       3.1629780
       4324.9100      -1.8899136       3.1508542
       4328.5300       3.6680241       3.1387660
       4332.1500       4.4646562       3.1267135
       4335.7700     -0.24333404       3.1146966
       4339.3900       2.5191086       3.1027154
       4343.0100       5.4129058       3.0907696
       4346.6300       4.4140798       3.0788594
       4350.2500       3.6151575       3.0669846
       4353.8700       1.0462847       3.0551453
       4357.4900    -0.024390562       3.0433413
       4361.1100     -0.34653028       3.0315727
       4364.7300       2.0440292       3.0198393
       4368.3500       1.4951367       3.0081412
       4371.9700      -3.3069379       2.9964783
       4375.5900      -4.0114701       2.9848505
       4379.2100      -1.0271896       2.9732578
       4382.8300    -0.010391332       2.9617003
       4386.4500     0.027087431       2.9501777
       4390.0700     -0.43198938       2.9386902
       4393.6900     -0.86402109       2.9272375
       4397.3100      -1.8219126       2.9158198
       4400.9300       1.5971363       2.9044369
       4404.5500       4.1513828       2.8930889
       4408.1700      -2.9130887       2.8817756
       4411.7900       1.6238217       2.8704971
       4415.4100       5.0818114       2.8592532
       4419.0300       1.4301996       2.8480440
       4422.6500     -0.75849579       2.8368694
       4426.2700      0.74450453       2.8257293
       4429.8900      -6.3040357       2.8146237
       4433.5100      -18.403610       2.8035526
       4437.1300      -15.221801       2.7925160
       4440.7500      -3.5753854       2.7815137
       4444.3700      -2.3063374       2.7705458
       4447.9800      -3.5696888       2.7596423
       4451.6000     -0.59550432       2.7487428
       4455.2200      -1.6175709       2.7378776
       4458.8400       3.2477473       2.7270465
       4462.4600       3.1337311       2.7162495
       4466.0800      -1.0019784       2.7054866
       4469.7000      -4.2683166       2.6947578
       4473.3200     -0.17166452       2.6840629
       4476.9400       1.7683609       2.6734021
       4480.5600      0.67683840       2.6627751
       4484.1800     -0.13679683       2.6521820
       4487.8000      -1.0256654       2.6416227
       4491.4200      -1.0622698       2.6310972
       4495.0400       1.3689305       2.6206054
       4498.6600       1.9155213       2.6101474
       4502.2800     -0.60966494       2.5997230
       4505.9000      -2.6916110       2.5893322
       4509.5200      -2.4457458       2.5789749
       4513.1400       4.3020342       2.5686512
       4516.7600       2.9258983       2.5583610
       4520.3800       1.2975039       2.5481042
       4524.0000      -2.6019823       2.5378809
       4527.6200      -1.1269491       2.5276908
       4531.2400       2.5028040       2.5175341
       4534.8600       4.4541483       2.5074106
       4538.4800       3.4474856       2.4973204
       4542.1000     -0.52258040       2.4872634
       4545.7200      0.11429957       2.4772395
       4549.3400       3.3024538       2.4672486
       4552.9600       1.8389869       2.4572909
       4556.5800      -1.5271838       2.4473661
       4560.2000      -1.3489155       2.4374744
       4563.8200      -2.4053271       2.4276155
       4567.4400      -1.6112315       2.4177895
       4571.0600       1.4786551       2.4079964
       4574.6800     0.037153096       2.3982360
       4578.3000       1.7429457       2.3885084
       4581.9200       5.3958546       2.3788135
       4585.5400       2.1060180       2.3691513
       4589.1600     0.058317584       2.3595217
       4592.7800     -0.28990859       2.3499247
       4596.4000     0.043172764       2.3403602
       4600.0200       2.3083928       2.3308282
       4603.6400       3.9955351       2.3213287
       4607.2500       2.2998942       2.3118877
       4610.8800       1.0338947       2.3024268
       4614.4900    -0.070492100       2.2930503
       4618.1100      -2.0939782       2.2836801
       4621.7300     -0.61933758       2.2743420
       4625.3500      0.63707781       2.2650362
       4628.9700      -1.6506264       2.2557626
       4632.5900      0.94999711       2.2465210
       4636.2100     -0.17880218       2.2373115
       4639.8300    -0.063309405       2.2281340
       4643.4500     0.057503127       2.2189885
       4647.0700       1.0252766       2.2098750
       4650.6900       1.0854833       2.2007933
       4654.3100      0.18856873       2.1917435
       4657.9300      0.40771348       2.1827255
       4661.5500      0.13229961       2.1737392
       4665.1700       1.1754200       2.1647847
       4668.7900       1.3120109       2.1558619
       4672.4100      0.43708551       2.1469707
       4676.0300     -0.94427359       2.1381110
       4679.6500     -0.25032621       2.1292830
       4683.2700     -0.11169454       2.1204864
       4686.8900      -1.0342565       2.1117213
       4690.5100       2.1566983       2.1029876
       4694.1300      0.99491157       2.0942853
       4697.7500       1.2515040       2.0856144
       4701.3700       1.0276785       2.0769747
       4704.9900       2.5714632       2.0683662
       4708.6100       1.3154250       2.0597890
       4712.2300       1.3025731       2.0512430
       4715.8500      0.28736437       2.0427280
       4719.4700       1.3285926       2.0342442
       4723.0900       2.9565482       2.0257913
       4726.7100       1.5553242       2.0173695
       4730.3300     -0.30035758       2.0089786
       4733.9500     -0.71346202       2.0006186
       4737.5700     -0.34060738       1.9922895
       4741.1900       1.1553396       1.9839912
       4744.8100       3.0965917       1.9757236
       4748.4300       3.6507227       1.9674869
       4752.0500       3.9074306       1.9592807
       4755.6700       3.1887531       1.9511053
       4759.2900       1.8128366       1.9429604
       4762.9100       1.3932719       1.9348461
       4766.5300    -0.031386848       1.9267624
       4770.1500     -0.62775158       1.9187091
       4773.7600       1.3732068       1.9107083
       4777.3800       2.3157407       1.9027157
       4781.0000       1.9898924       1.8947535
       4784.6200      0.53527068       1.8868216
       4788.2400       1.4200843       1.8789200
       4791.8600      0.84823618       1.8710485
       4795.4800       1.4048113       1.8632073
       4799.1000       1.8816151       1.8553961
       4802.7200     -0.80833702       1.8476151
       4806.3400     -0.33656820       1.8398641
       4809.9600       1.2370971       1.8321431
       4813.5800       1.7973788       1.8244521
       4817.2000       1.7101865       1.8167909
       4820.8200       1.4913223       1.8091597
       4824.4400       1.1235234       1.8015583
       4828.0600       1.0293682       1.7939867
       4831.6800       1.0862455       1.7864448
       4835.3000      0.41346779       1.7789326
       4838.9200      0.93273417       1.7714501
       4842.5400       1.1008526       1.7639972
       4846.1600     -0.10725005       1.7565739
       4849.7800      0.29703662       1.7491801
       4853.4000       2.3763476       1.7418158
       4857.0200       2.6329324       1.7344809
       4860.6400       1.7041319       1.7271754
       4864.2600       2.4258656       1.7198993
       4867.8800       1.2078482       1.7126525
       4871.5000       1.9874483       1.7054350
       4875.1200       1.6426782       1.6982467
       4878.7400       1.0675661       1.6910876
       4882.3600      0.27045361       1.6839577
       4885.9800       2.2481323       1.6768568
       4889.6000       3.4300495       1.6697850
       4893.2200       3.2280249       1.6627351
       4896.8400       2.7901888       1.6557503
       4900.4600       3.2625892       1.6487354
       4904.0800       3.6658032       1.6417583
       4907.7000       2.3504859       1.6348411
       4911.3200       1.7135428       1.6279648
       4914.9400       1.3798426       1.6211015
       4918.5600       1.6706645       1.6142702
       4922.1800       1.2994092       1.6074633
       4925.8000       2.0110621       1.6006797
       4929.4200       2.0034295       1.5939124
       4933.0400       1.1826293       1.5871519
       4936.6500   -0.0027758434       1.5804684
       4940.2700       1.2592136       1.5738197
       4943.8900      0.74784550       1.5672029
       4947.5100     -0.32989819       1.5605862
       4951.1300      0.46749293       1.5539854
       4954.7500      0.85842074       1.5474252
       4958.3700     -0.87547199       1.5409194
       4961.9900      0.22761918       1.5344212
       4965.6100     0.031283694       1.5279243
       4969.2300     -0.75212948       1.5214522
       4972.8500      0.65289352       1.5150433
       4976.4700       1.8948019       1.5086873
       4980.0900       1.1405477       1.5023429
       4983.7100      0.59667058       1.4960044
       4987.3300       1.1078193       1.4896904
       4990.9500      0.35451743       1.4834071
       4994.5700      -1.3636920       1.4771641
       4998.1900     -0.94857682       1.4709487
       5001.8100      0.84357499       1.4647591
       5005.4300       1.8023325       1.4585962
       5009.0500       1.1132118       1.4524690
       5012.6700       1.1019957       1.4463563
       5016.2900      0.69780412       1.4402582
       5019.9100      0.74206424       1.4341938
       5023.5300      0.37024461       1.4281651
       5027.1500     -0.44330171       1.4221807
       5030.7700      0.71196474       1.4162202
       5034.3900      0.83482612       1.4102676
       5038.0100       1.1957353       1.4043495
       5041.6300       3.4533131       1.3984624
       5045.2500       2.0776275       1.3925890
       5048.8700       1.2419930       1.3867455
       5052.4900       2.1728412       1.3809555
       5056.1100      0.54228748       1.3751753
       5059.7300       3.2750101       1.3693998
       5063.3500       3.2712419       1.3636742
       5066.9700       1.8064240       1.3579862
       5070.5900      0.53832682       1.3523210
       5074.2100       1.3910856       1.3466735
       5077.8300       2.3511172       1.3410509
       5081.4500       1.6141606       1.3354421
       5085.0700      0.38036219       1.3298648
       5088.6900      -1.7170262       1.3243376
       5092.3100      -1.4207617       1.3188342
       5095.9200     -0.24135910       1.3133711
       5099.5400      0.70223437       1.3079027
       5103.1600      0.80771348       1.3024680
       5106.7800     0.085449472       1.2970597
       5110.4000    -0.029503820       1.2916779
       5114.0200      0.77511980       1.2863240
       5117.6400       1.2348954       1.2809925
       5121.2600       2.5958854       1.2756905
       5124.8800       2.9955351       1.2704123
       5128.5000       1.1829872       1.2651686
       5132.1200       1.6129482       1.2599501
       5135.7400       4.2326360       1.2547524
       5139.3600       4.9518293       1.2495751
       5142.9800       3.8420546       1.2444286
       5146.6000       1.9831951       1.2393084
       5150.2200      0.92993206       1.2342238
       5153.8400      0.81859856       1.2291585
       5157.4600       1.1489617       1.2241197
       5161.0800      0.67355517       1.2191020
       5164.7000       1.4385250       1.2141094
       5168.3200      0.24240373       1.2091478
       5171.9400       2.3025269       1.2042151
       5175.5600       2.6461500       1.1993018
       5179.1800       2.7385539       1.1944102
       5182.8000       1.0663806       1.1895455
       5186.4200       1.3664749       1.1847117
       5190.0400       2.4739632       1.1799017
       5193.6600       3.7528108       1.1751119
       5197.2800      0.43443352       1.1703530
       5200.9000     -0.43507631       1.1656206
       5204.5200      0.52301919       1.1609176
       5208.1400       1.5952888       1.1562351
       5211.7600       1.6385058       1.1515821
       5215.3800       1.7623140       1.1469492
       5219.0000       1.8660033       1.1423389
       5222.6200      0.15148015       1.1377600
       5226.2400     0.093746464       1.1332056
       5229.8600       1.6301341       1.1286689
       5233.4800       2.3805469       1.1241482
       5237.1000       1.7299783       1.1196681
       5240.7200      0.47577221       1.1152178
       5244.3400      0.71056369       1.1107900
       5247.9600       1.2941321       1.1063789
       5251.5800       1.0889667       1.1019930
       5255.1900      0.57834530       1.0976489
       5258.8100      0.78962684       1.0933134
       5262.4300     -0.19937953       1.0890056
       5266.0500     -0.46366313       1.0847224
       5269.6700      0.44802448       1.0804546
       5273.2900      0.86122284       1.0762172
       5276.9100      0.93949693       1.0720072
       5280.5300      0.69604126       1.0678320
       5284.1500      0.70729586       1.0636815
       5287.7700      0.94065934       1.0595436
       5291.3900       1.3752276       1.0554095
       5295.0100      0.26553954       1.0513088
       5298.6300    0.0012026443       1.0472473
       5302.2500       1.0112046       1.0432166
       5305.8700       1.0595023       1.0392011
       5309.4900       2.2077135       1.0352062
       5313.1100       2.1032582       1.0312315
       5316.7300      0.97194434       1.0272935
       5320.3500      -2.3680799       1.0233802
       5323.9700      -1.3407209       1.0194845
       5327.5900      0.34217394       1.0156059
       5331.2100      -4.1310213       1.0117514
       5334.8300      -15.920402       1.0079299
       5338.4500      -11.919671       1.0041349
       5342.0700      0.52565578       1.0003589
       5345.6900       5.4691403      0.99659985
       5349.3100       20.933354      0.99285922
       5352.9300       13.253171      0.98914569
       5356.5500      0.19832105      0.98546290
       5360.1700     -0.31786763      0.98180556
       5363.7900       1.7712053      0.97817443
       5367.4100      0.75979677      0.97456548
       5371.0300      -1.1110525      0.97097608
       5374.6500     -0.58446912      0.96740813
       5378.2700      0.98934201      0.96386592
       5381.8900      0.79795231      0.96035058
       5385.5100     -0.97558554      0.95684845
       5389.1300     -0.14415081      0.95336164
       5392.7500       1.0966610      0.94990583
       5396.3700       2.0849291      0.94648596
       5399.9900       1.4960451      0.94308329
       5403.6100      0.52387367      0.93969987
       5407.2300       1.2620927      0.93633871
       5410.8500       1.6899906      0.93300800
       5414.4600       1.4320895      0.92970659
       5418.0800       1.1289429      0.92641634
       5421.7000       2.3128462      0.92315163
       5425.3200       2.8031562      0.91990116
       5428.9400       2.1384654      0.91667523
       5432.5600      0.59543504      0.91347445
       5436.1800      0.31268798      0.91029560
       5439.8000       1.3489463      0.90714167
       5443.4200       2.7785301      0.90401258
       5447.0400       2.9351244      0.90090323
       5450.6600      0.94975077      0.89782002
       5454.2800     -0.77166721      0.89475477
       5457.9000      0.55456977      0.89170949
       5461.5200       1.1635265      0.88868713
       5465.1400      0.33961548      0.88568797
       5468.7600     -0.38941899      0.88271362
       5472.3800     -0.42970690      0.87975711
       5476.0000      0.41448009      0.87682271
       5479.6200      0.96452724      0.87391632
       5483.2400       1.1385693      0.87103478
       5486.8600      0.79660900      0.86816652
       5490.4800      0.66099575      0.86531799
       5494.1000      0.84005697      0.86249847
       5497.7200       1.8966379      0.85969523
       5501.3400       3.1256827      0.85691642
       5504.9600       1.8228941      0.85416278
       5508.5800      0.23175151      0.85142921
       5512.2000      0.98374165      0.84871547
       5515.8200      0.91785762      0.84602145
       5519.4400      0.91489001      0.84335511
       5523.0600       2.2614230      0.84070818
       5526.6800       1.3418371      0.83808120
       5530.3000      0.18325821      0.83547387
       5533.9200      0.15387040      0.83288523
       5537.5400       1.5292854      0.83032215
       5541.1600       1.9014530      0.82778468
       5544.7800      0.17403399      0.82526169
       5548.4000    0.0089874714      0.82275716
       5552.0200      0.47014107      0.82028217
       5555.6400       1.4732203      0.81783592
       5559.2600      0.80603530      0.81540013
       5562.8800       1.1134697      0.81297309
       5566.5000       1.0769308      0.81057151
       5570.1200      0.50106041      0.80820762
       5573.7300     0.077451165      0.80587440
       5577.3500     0.067681145      0.80354533
       5580.9700      0.61032313      0.80122909
       5584.5900       1.0415850      0.79893407
       5588.2100     -0.92120244      0.79667072
       5591.8300     -0.37746464      0.79443068
       5595.4500     -0.35982718      0.79220717
       5599.0700     -0.31469564      0.79000352
       5602.6900      0.34555147      0.78780844
       5606.3100       1.1402206      0.78563419
       5609.9300      0.35897500      0.78349139
       5613.5500       1.3111641      0.78137230
       5617.1700       2.0231597      0.77927208
       5620.7900       3.5448163      0.77718036
       5624.4100       1.8983584      0.77510611
       5628.0300       1.4110121      0.77306871
       5631.6500      0.56955794      0.77105751
       5635.2700       1.5360944      0.76906289
       5638.8900       1.8212198      0.76707564
       5642.5100       1.0801986      0.76510790
       5646.1300       1.9929332      0.76316368
       5649.7500     -0.52117935      0.76124368
       5653.3700       1.3974558      0.75934702
       5656.9900       5.1839264      0.75747317
       5660.6100       3.2428860      0.75561266
       5664.2300      0.84289756      0.75376680
       5667.8500       1.6176671      0.75193800
       5671.4700     -0.11056100      0.75013232
       5675.0900       1.0310810      0.74835027
       5678.7100       2.2653914      0.74658934
       5682.3300      0.97068571      0.74484449
       5685.9500       1.9059718      0.74311820
       5689.5700     -0.80996902      0.74141616
       5693.1900     -0.48189604      0.73973452
       5696.8100       1.1785839      0.73806883
       5700.4300     -0.77901503      0.73642204
       5704.0500      -1.6951290      0.73479430
       5707.6700     -0.79189392      0.73318758
       5711.2900      0.32228787      0.73160025
       5714.9100      0.46885549      0.73003167
       5718.5300       1.2037336      0.72848555
       5722.1500      0.92148727      0.72695510
       5725.7700      0.13686765      0.72544555
       5729.3900      0.19411251      0.72394728
       5733.0100       1.1400743      0.72247299
       5736.6200       1.6057466      0.72104014
       5740.2400     -0.16651527      0.71969499
       5743.8600      0.75763361      0.71860013
       5747.4800       1.1261215      0.71797183
       5751.1000       1.1829026      0.71798565
       5754.7200       1.9433845      0.71857483
       5758.3400       2.6463848      0.71921544
       5761.9600       3.8400108      0.71911550
       5765.5800       2.0837705      0.71809848
       5769.2000       1.4765651      0.71672430
       5772.8200       2.8604030      0.71495422
       5776.4400       2.7802968      0.71251391
       5780.0600       2.5840650      0.71022167
       5783.6800       1.4764612      0.70890622
       5787.3000       2.3182425      0.70852214
       5790.9200       2.9113066      0.70827806
       5794.5400       3.0714613      0.70690140
       5798.1600       2.9608668      0.70418497
       5801.7800       1.4634976      0.70145176
       5805.4000       1.0393911      0.69996466
       5809.0200      0.70616809      0.70014747
       5812.6400      0.41820211      0.70135084
       5816.2600       1.9885799      0.70167562
       5819.8800       2.6022478      0.69990220
       5823.5000       2.5204904      0.69705369
       5827.1200    -0.079043129      0.69474486
       5830.7400     0.032973076      0.69323817
       5834.3600    -0.046232751      0.69218098
       5837.9800     -0.12835781      0.69144558
       5841.6000     -0.63931025      0.69062255
       5845.2200      -1.4904448      0.68949704
       5848.8400     -0.71041743      0.68819036
       5852.4600     -0.37054714      0.68680511
       5856.0800      0.79545428      0.68562564
       5859.7000       1.2618579      0.68470016
       5863.3200     -0.20040415      0.68369066
       5866.9400     -0.78238294      0.68249784
       5870.5600      0.83949885      0.68128890
       5874.1800      0.27727372      0.68014431
       5877.8000      0.86956371      0.67906632
       5881.4200      0.19658898      0.67811747
       5885.0400     0.026169435      0.67730325
       5888.6600     -0.51811551      0.67656898
       5892.2800      0.81537692      0.67588035
       5895.9000      0.84685437      0.67521740
       5899.5200       1.7318951      0.67457956
       5903.1300     -0.42510729      0.67395912
       5906.7500     0.058751756      0.67334986
       5910.3700       1.7630531      0.67275850
       5913.9900      0.71256904      0.67218088
       5917.6100     0.062918728      0.67162369
       5921.2300      0.60687054      0.67108130
       5924.8500     -0.94856142      0.67055641
       5928.4700      -1.0779662      0.67005009
       5932.0900     -0.99001944      0.66956177
       5935.7100       1.7126422      0.66908757
       5939.3300      0.38543138      0.66862683
       5942.9500     -0.37830681      0.66818419
       5946.5700     -0.65041473      0.66775888
       5950.1900      0.46657301      0.66735027
       5953.8100       1.3714363      0.66695991
       5957.4300      0.83818248      0.66658428
       5961.0500       1.0227940      0.66622764
       5964.6700      0.13558400      0.66588326
       5968.2900       1.3361521      0.66555743
       5971.9100       1.0474163      0.66524306
       5975.5300       2.0072246      0.66494768
       5979.1500       1.5455091      0.66466882
       5982.7700       1.5011104      0.66440406
       5986.3900       1.3984642      0.66415994
       5990.0100      0.70357768      0.66393234
       5993.6300    -0.038962299      0.66371989
       5997.2500      0.55730644      0.66352146
       6000.8700       1.2223206      0.66333606
       6004.4900     -0.56331479      0.66316818
       6008.1100     -0.62946826      0.66301719
       6011.7300       1.4984969      0.66288171
       6015.3500       3.1814399      0.66276350
       6018.9700       1.8160159      0.66266064
       6022.5900       2.2354959      0.66257520
       6026.2100       1.4451454      0.66250134
       6029.8300       1.4274745      0.66244309
       6033.4500       1.5109794      0.66240186
       6037.0700       2.9791805      0.66237627
       6040.6900       1.1196474      0.66236734
       6044.3100      0.80109698      0.66237376
       6047.9300     -0.25043513      0.66238934
       6051.5500      0.11673717      0.66242244
       6055.1700       2.0137180      0.66247052
       6058.7900       5.7710591      0.66254145
       6062.4000      0.65123073      0.66262463
       6066.0200     -0.47428648      0.66272085
       6069.6400       1.0100768      0.66282727
       6073.2600      0.42571544      0.66295269
       6076.8800      0.51565982      0.66309561
       6080.5000     -0.23633225      0.66325037
       6084.1200      0.11126499      0.66342120
       6087.7400      0.56854564      0.66360742
       6091.3600       1.4777853      0.66380638
       6094.9800       1.3325879      0.66402112
       6098.6000      0.42135063      0.66425184
       6102.2200      -1.2832817      0.66449885
       6105.8400     0.038188295      0.66475819
       6109.4600       1.7154597      0.66503179
       6113.0800   -0.0089175343      0.66532299
       6116.7000      0.97763707      0.66565098
       6120.3200       2.3264679      0.66605126
       6123.9400      0.90175709      0.66659355
       6127.5600       2.8505456      0.66748291
       6131.1800       1.7234734      0.66943972
       6134.8000       1.4613037      0.67406373
       6138.4200       1.5943265      0.68214324
       6142.0400       1.1009719      0.69001134
       6145.6600      0.45629222      0.69187166
       6149.2800       1.8206193      0.68822752
       6152.9000      0.37363561      0.68479602
       6156.5200      0.69333924      0.68403990
       6160.1400      0.97222147      0.68424713
       6163.7600       1.2891168      0.68382188
       6167.3800       1.7659745      0.68280904
       6171.0000       1.3659090      0.68176188
       6174.6200       2.3520525      0.68095154
       6178.2400       3.1008603      0.68040191
       6181.8600       2.3990724      0.68003700
       6185.4800       1.9553396      0.67974633
       6189.1000       1.5176690      0.67951703
       6192.7200       3.1126845      0.67942794
       6196.3400       2.6015473      0.67951337
       6199.9600      0.79165143      0.67976923
       6203.5800      0.90476319      0.68017490
       6207.2000      0.95517022      0.68063814
       6210.8200       1.3594350      0.68106352
       6214.4400       1.5289159      0.68144296
       6218.0600       1.1107831      0.68185316
       6221.6800       1.0766190      0.68233785
       6225.2900       1.2592714      0.68286401
       6228.9100       1.4179211      0.68342001
       6232.5300       1.6739054      0.68399341
       6236.1500       1.0689787      0.68453229
       6239.7700      0.15838918      0.68507477
       6243.3900       1.0172976      0.68573404
       6247.0100       1.4772887      0.68651636
       6250.6300       1.7749004      0.68728857
       6254.2500       1.8448914      0.68795142
       6257.8700    -0.084700448      0.68855354
       6261.4900      -1.3815169      0.68922407
       6265.1100     0.021214719      0.69000202
       6268.7300       1.1764747      0.69085362
       6272.3500       1.2704220      0.69173418
       6275.9700       1.0437405      0.69263403
       6279.5900      0.36172745      0.69354098
       6283.2100       1.5245396      0.69446297
       6286.8300       2.4637786      0.69539744
       6290.4500       1.8993745      0.69634384
       6294.0700       1.3292469      0.69730902
       6297.6900       1.5684879      0.69828852
       6301.3100       1.6518350      0.69929902
       6304.9300       1.1793076      0.70034732
       6308.5500       1.2271126      0.70147533
       6312.1700       1.3201863      0.70277753
       6315.7900       1.1276072      0.70433912
       6319.4100      0.65765863      0.70611704
       6323.0300      0.86811262      0.70805265
       6326.6500      0.88018706      0.71025405
       6330.2700       1.4444372      0.71280874
       6333.8900       1.7543157      0.71539197
       6337.5100      0.96223321      0.71735842
       6341.1300    0.0076336098      0.71844647
       6344.7500      0.63120032      0.71898906
       6348.3700       2.2367853      0.71935949
       6351.9900       1.0109621      0.71960041
       6355.6100     -0.47664980      0.71951296
       6359.2300       1.7304247      0.71928645
       6362.8500       1.9832066      0.71964333
       6366.4700       1.1670022      0.72125033
       6370.0900       1.0818845      0.72416638
       6373.7100       1.2732088      0.72735869
       6377.3300       1.7363638      0.72910616
       6380.9500       1.3849579      0.72894098
       6384.5600       1.5006563      0.72825048
       6388.1900       3.2240681      0.72837588
       6391.8000       2.5820673      0.72937445
       6395.4200       1.7001405      0.73077187
       6399.0400       2.4776505      0.73249548
       6402.6600       2.7676796      0.73453884
       6406.2800       3.4714767      0.73647870
       6409.9000       5.0554069      0.73797898
       6413.5200       5.7737149      0.73915707
       6417.1400       8.1395662      0.74028708
       6420.7600       11.004022      0.74144032
       6424.3800       15.139855      0.74252751
       6428.0000       22.543177      0.74358088
       6431.6200       35.934605      0.74459214
       6435.2400       51.918554      0.74545810
       6438.8600       79.115875      0.74632496
       6442.4800       112.24880      0.74733978
       6446.1000       137.49812      0.74840603
       6449.7200       149.75231      0.74951574
       6453.3400       157.98888      0.75082696
       6456.9600       151.01749      0.75234043
       6460.5800       122.66662      0.75392261
       6464.2000       81.314447      0.75550324
       6467.8200       60.459191      0.75707209
       6471.4400       39.524643      0.75862337
       6475.0600       20.866881      0.76016365
       6478.6800       13.284848      0.76170375
       6482.3000       6.7328573      0.76324694
       6485.9200       4.1467254      0.76480620
       6489.5400       3.6744174      0.76637234
       6493.1600       3.3699582      0.76794948
       6496.7800       2.7744000      0.76953959
       6500.4000       1.9861358      0.77113149
       6504.0200       1.6554377      0.77273054
       6507.6400       1.8646485      0.77434368
       6511.2600       1.6089490      0.77596634
       6514.8800      0.76510460      0.77760599
       6518.5000     -0.36629010      0.77925018
       6522.1200     -0.27114374      0.78090648
       6525.7400      0.88656107      0.78256954
       6529.3600       1.1784338      0.78424387
       6532.9800      0.88366275      0.78592767
       6536.6000      0.76337253      0.78762169
       6540.2200      0.65571486      0.78932382
       6543.8400       1.2422355      0.79103491
       6547.4500       2.8104963      0.79274924
       6551.0700       3.3018533      0.79447703
       6554.6900       1.9508939      0.79621771
       6558.3100       1.1850773      0.79796765
       6561.9300       1.1472835      0.79972738
       6565.5500      0.99382229      0.80149266
       6569.1700       1.6208041      0.80326687
       6572.7900      0.90231520      0.80505274
       6576.4100     -0.18434557      0.80684659
       6580.0300       1.0729894      0.80865127
       6583.6500      0.97779488      0.81046404
       6587.2700       1.1299282      0.81228660
       6590.8900      0.68312773      0.81411604
       6594.5100       1.1207406      0.81595629
       6598.1300      0.51789611      0.81780660
       6601.7500       2.6441100      0.81966137
       6605.3700       2.6655607      0.82152369
       6608.9900       3.3181271      0.82339422
       6612.6100       1.6196455      0.82527541
       6616.2300      0.90616809      0.82716594
       6619.8500       3.1549893      0.82906945
       6623.4700       3.8602028      0.83097710
       6627.0900       1.8621466      0.83289651
       6630.7100      0.44584592      0.83482155
       6634.3300       1.9073728      0.83675578
       6637.9500     -0.15551587      0.83869418
       6641.5700     -0.11291623      0.84064364
       6645.1900      0.25797194      0.84260057
       6648.8100      0.77507361      0.84456749
       6652.4300     -0.27750236      0.84654235
       6656.0500     -0.22260619      0.84852586
       6659.6700       1.6765651      0.85051216
       6663.2900      0.71927022      0.85251046
       6666.9100      0.29737803      0.85451795
       6670.5300      0.65041473      0.85653464
       6674.1500      0.15997652      0.85855682
       6677.7700      0.26180328      0.86059073
       6681.3900       1.1098478      0.86262876
       6685.0100       1.0722503      0.86467412
       6688.6300      0.89928600      0.86671991
       6692.2500       1.5697004      0.86877555
       6695.8700      0.79739035      0.87085431
       6699.4900     0.052645253      0.87302870
       6703.1100      0.15549008      0.87586121
       6706.7200      0.23962279      0.88204225
       6710.3400       1.0282981      0.89962298
       6713.9600      0.33394584      0.94178131
       6717.5800     -0.14532322       1.0145512
       6721.2000      0.99999615       1.0923362
       6724.8200       1.9871981       1.1226150
       6728.4400       1.7462558       1.0920432
       6732.0600      0.87638421       1.0455719
       6735.6800      0.11507246       1.0208299
       6739.3000      0.42872924       1.0196223
       6742.9200       1.4935163       1.0250369
       6746.5400       1.8084025       1.0239489
       6750.1600       1.6352110       1.0151887
       6753.7800       1.5723908       1.0028982
       6757.4000       1.6494140      0.99027699
       6761.0200       1.9820250      0.97876916
       6764.6400       1.7445315      0.96912824
       6768.2600      0.89395893      0.96193144
       6771.8800      0.90759993      0.95746072
       6775.5000       1.7927330      0.95544090
       6779.1200       2.0344489      0.95521271
       6782.7400       2.4069937      0.95634896
       6786.3600       1.7308019      0.95861132
       6789.9800      0.56742172      0.96096887
       6793.6000      0.79594311      0.96186030
       6797.2200     -0.24640634      0.96124441
       6800.8400     -0.46469083      0.96061783
       6804.4600     -0.39157445      0.96066253
       6808.0800      0.17897577      0.96013467
       6811.7000       1.6687054      0.95774536
       6815.3200       1.5525413      0.95441277
       6818.9400      0.80109313      0.95239313
       6822.5600       1.8161583      0.95286503
       6826.1800       1.8881084      0.95567422
       6829.8000       1.6156271      0.96046683
       6833.4200       2.4368276      0.96671237
       6837.0400      0.65776640      0.97292383
       6840.6600     -0.19297127      0.97734263
       6844.2800       1.0535209      0.97977023
       6847.9000       1.3849002      0.98147418
       6851.5200      0.92952407      0.98336880
       6855.1400      0.89826986      0.98538211
       6858.7600       2.0891284      0.98739352
       6862.3800      0.62919497      0.98965359
       6866.0000       1.4045303      0.99216326
       6869.6100       1.2650411      0.99456535
       6873.2300      0.73393892      0.99623608
       6876.8500      0.72082908      0.99667732
       6880.4700      0.81733608      0.99669123
       6884.0900       1.2014973      0.99770864
       6887.7100      0.83186621      0.99967404
       6891.3300       1.1143281       1.0017426
       6894.9500       2.0867612       1.0039884
       6898.5700       1.0819114       1.0066333
       6902.1900      0.57393815       1.0090812
       6905.8100       1.6700718       1.0108893
       6909.4300       2.1064183       1.0123195
       6913.0500       2.0781817       1.0137066
       6916.6700       1.3750698       1.0152885
       6920.2900     0.085736610       1.0172957
       6923.9100      0.71806932       1.0195937
       6927.5300       2.2911992       1.0217275
       6931.1500       2.3373107       1.0236060
       6934.7700       1.7917554       1.0255416
       6938.3900       1.6611189       1.0277255
       6942.0100       1.7714671       1.0301334
       6945.6300       1.5423260       1.0326648
       6949.2500       2.2406035       1.0351479
       6952.8700       2.2257578       1.0374478
       6956.4900       2.0854602       1.0396015
       6960.1100       1.6201074       1.0417910
       6963.7300    -0.038165393       1.0441803
       6967.3500      0.72722619       1.0468288
       6970.9700       1.2805912       1.0497039
       6974.5900       3.0444949       1.0526835
       6978.2100       1.7659437       1.0556321
       6981.8300       2.9202825       1.0586210
       6985.4500       1.6300187       1.0619276
       6989.0700       2.2431285       1.0656931
       6992.6900       2.9627759       1.0697154
       6996.3100      0.47202325       1.0738332
       6999.9300     -0.50199188       1.0788446
       7003.5500     -0.56505071       1.0870452
       7007.1700       1.0362233       1.1013333
       7010.7900      0.41725140       1.1228058
       7014.4100       1.3235080       1.1485451
       7018.0300      0.46832817       1.1729596
       7021.6500      0.60874502       1.1929750
       7025.2700      0.27449472       1.2103907
       7028.8800      0.79917246       1.2260700
       7032.5000     -0.20452301       1.2361256
       7036.1200      0.18551875       1.2379649
       7039.7400      0.94291103       1.2350043
       7043.3600       1.4772118       1.2300870
       7046.9800       3.2821924       1.2199134
       7050.6000       3.2862647       1.2006932
       7054.2200       4.2482246       1.1764517
       7057.8400       1.6802833       1.1567005
       7061.4600    -0.037121495       1.1475574
       7065.0800    -0.089377803       1.1494867
       7068.7000      0.92595216       1.1611142
       7072.3200       2.9528339       1.1809515
       7075.9400       4.0670503       1.2046640
       7079.5600       3.1189392       1.2242905
       7083.1800       1.3858240       1.2342470
       7086.8000      0.55348434       1.2357563
       7090.4200      0.17219684       1.2337075
       7094.0400    -0.075248359       1.2315613
       7097.6600      -1.1255249       1.2295001
       7101.2800     -0.56817228       1.2274706
       7104.9000       1.8082216       1.2271519
       7108.5200       1.7070880       1.2296374
       7112.1400      0.14069090       1.2350126
       7115.7600      0.83579993       1.2415845
       7119.3800      0.13614827       1.2439578
       7123.0000      0.70748446       1.2395809
       7126.6200       1.6288101       1.2349341
       7130.2400       1.9441312       1.2362425
       7133.8600      0.23096168       1.2402718
       7137.4800      0.46297800       1.2417103
       7141.1000      0.49829295       1.2418177
       7144.7200      0.42181251       1.2433502
       7148.3400      0.96829545       1.2449426
       7151.9600       1.3390273       1.2444558
       7155.5800       2.0397837       1.2416100
       7159.2000     0.095135582       1.2363650
       7162.8200     -0.92550567       1.2292874
       7166.4400      0.21302323       1.2230098
       7170.0600       1.4482015       1.2198722
       7173.6800       2.6861531       1.2191141
       7177.3000       1.6606955       1.2186495
       7180.9200       2.3690499       1.2184169
       7184.5400       2.3327534       1.2197344
       7188.1600       1.6294990       1.2225890
       7191.7700       1.2166009       1.2256992
       7195.3900      0.14506033       1.2286261
       7199.0100      0.92612921       1.2317823
       7202.6300       2.3491696       1.2350302
       7206.2500       2.4138604       1.2374490
       7209.8700       2.1244818       1.2384376
       7213.4900       3.1640538       1.2385652
       7217.1100       3.0220742       1.2390853
       7220.7300       1.3394161       1.2406957
       7224.3500       1.3696734       1.2430279
       7227.9700       2.2717923       1.2454333
       7231.5900       2.0281981       1.2475588
       7235.2100       1.2270010       1.2491672
       7238.8300      0.37713824       1.2502377
       7242.4500      0.96693674       1.2512626
       7246.0700       2.0801062       1.2528134
       7249.6900       1.0448914       1.2549333
       7253.3100      0.70360463       1.2572653
       7256.9300       1.1883297       1.2596265
       7260.5500       1.5110410       1.2620446
       7264.1700       1.0698639       1.2644232
       7267.7900       1.3478570       1.2666521
       7271.4100       1.6973384       1.2688377
       7275.0300       1.9012798       1.2711924
       7278.6500       1.2350417       1.2737180
       7282.2700      0.63720868       1.2762494
       7285.8900      0.13164604       1.2787347
       7289.5100       1.1536806       1.2812503
       7293.1300       1.2809453       1.2838571
       7296.7500      -2.0744212       1.2865336
       7300.3700      -2.2456496       1.2892479
       7303.9900      -1.3251092       1.2919769
       7307.6100    -0.074400031       1.2947194
       7311.2300       1.7801813       1.2974570
       7314.8500       1.0559420       1.3002038
       7318.4700       1.0880045       1.3029501
       7322.0900       1.1060180       1.3056890
       7325.7100       1.4000962       1.3084257
       7329.3300      0.11027078       1.3111624
       7332.9500      0.25023421       1.3139022
       7336.5700      0.98698639       1.3166458
       7340.1900      0.90638748       1.3193910
       7343.8100      0.23769481       1.3221372
       7347.4300      0.69385116       1.3248823
       7351.0400      0.64603068       1.3276154
       7354.6700    -0.029679221       1.3303593
       7358.2800     -0.67215027       1.3330827
       7361.9000     -0.81010758       1.3358173
       7365.5200      -1.2798291       1.3385559
       7369.1400      -1.3022536       1.3412914
       7372.7600     -0.39372606       1.3440372
       7376.3800      0.24472662       1.3467821
       7380.0000       1.0349878       1.3495256
       7383.6200       1.8728508       1.3522627
       7387.2400       1.8624430       1.3550036
       7390.8600       1.0519274       1.3577487
       7394.4800      0.79539655       1.3605160
       7398.1000      0.48532168       1.3633379
       7401.7200       1.2726930       1.3662128
       7405.3400      0.88100691       1.3691922
       7408.9600    -0.046354766       1.3724938
       7412.5800     -0.15144743       1.3774317
       7416.2000      0.60907604       1.3894890
       7419.8200      0.83871750       1.4248753
       7423.4400       2.2839052       1.5178023
       7427.0600     -0.16050076       1.7251615
       7430.6800       1.8101730       2.1239274
       7434.3000     0.085675795       2.7724578
       7437.9200    -0.072387752       3.5389483
       7441.5400       2.4483440       3.9133628
       7445.1600       1.1448086       3.5913066
       7448.7800       2.1964935       3.0082801
       7452.4000       2.3617559       2.5888019
       7456.0200       1.9305056       2.4251187
       7459.6400      0.11666442       2.4583801
       7463.2600      -2.2022940       2.5739333
       7466.8800      0.20389908       2.6429784
       7470.5000       1.3562056       2.6051423
       7474.1200      0.22152307       2.4865285
       7477.7400       1.0000000       2.3354778
       7481.3600       2.0116280       2.1833704
       7484.9800       2.5229422       2.0446912
       7488.6000       1.5647312       1.9250175
       7492.2200       1.2142568       1.8255346
       7495.8400      0.70593330       1.7448505
       7499.4600      0.57190585       1.6802928
       7503.0800       1.3862243       1.6289880
       7506.7000       1.5205750       1.5886641
       7510.3200    -0.015489694       1.5575537
       7513.9400     -0.34580859       1.5340703
       7517.5500       2.6906218       1.5167266
       7521.1700       3.6200612       1.5040368
       7524.7900       1.9154751       1.4948205
       7528.4100      0.94575162       1.4880380
       7532.0300      0.69764246       1.4830414
       7535.6500      0.77105521       1.4795598
       7539.2700     -0.80112007       1.4775387
       7542.8900     -0.29941264       1.4769526
       7546.5100      0.11725409       1.4776321
       7550.1300       2.5618906       1.4792358
       7553.7500       4.0454572       1.4813569
       7557.3700       2.4147842       1.4836864
       7560.9900      -1.4794519       1.4860588
       7564.6100      -1.7306133       1.4884135
       7568.2300       1.1448163       1.4907712
       7571.8500       2.1374839       1.4931243
       7575.4700       1.6526510       1.4954892
       7579.0900       1.0764150       1.4978948
       7582.7100       2.2582514       1.5003986
       7586.3300       2.1697427       1.5030097
       7589.9500   -0.0024436019       1.5056872
       7593.5700     0.024632012       1.5083719
       7597.1900      0.36838475       1.5110488
       7600.8100      -1.0094417       1.5137272
       7604.4300     -0.30781432       1.5163852
       7608.0500      0.60036951       1.5190162
       7611.6700       2.4409230       1.5216233
       7615.2900       2.8438714       1.5242396
       7618.9100       1.7964050       1.5268888
       7622.5300      0.87182695       1.5295326
       7626.1500      0.99652817       1.5321590
       7629.7700     -0.54443140       1.5347656
       7633.3900     -0.84798214       1.5373682
       7637.0100       1.2959027       1.5399571
       7640.6300       2.2987548       1.5425461
       7644.2500       2.7638421       1.5451305
       7647.8700       2.6569273       1.5477178
       7651.4900      0.76048960       1.5502906
       7655.1100     -0.82660457       1.5528685
       7658.7300      0.76957333       1.5554402
       7662.3500       1.3423683       1.5579942
       7665.9700     -0.52958950       1.5605096
       7669.5900   -0.0020187140       1.5629415
       7673.2100      -1.3375108       1.5652473
       7676.8300     -0.47983295       1.5674519
       7680.4400    -0.082162006       1.5697408
       7684.0600       3.5888455       1.5723838
       7687.6800       1.9844499       1.5755892
       7691.3000      0.95617097       1.5793392
       7694.9200      0.16642174       1.5833532
       7698.5400      -1.4235022       1.5872602
       7702.1600       1.4953561       1.5908709
       7705.7800     -0.79311792       1.5942712
       7709.4000      0.78472316       1.5978077
       7713.0200      0.65756625       1.6020168
       7716.6400       2.1026116       1.6072147
       7720.2600      0.12803680       1.6128413
       7723.8800     -0.42507650       1.6176660
       7727.5000      0.68749254       1.6208161
       7731.1200      0.61550394       1.6225185
       7734.7400      0.95891534       1.6236540
       7738.3600       1.8888243       1.6248952
       7741.9800       1.6875387       1.6265338
       7745.6000      0.99564674       1.6286253
       7749.2200       1.3954235       1.6309362
       7752.8400       1.8348415       1.6328009
       7756.4600       1.8949250       1.6335242
       7760.0800       1.7705741       1.6329928
       7763.7000      0.28143454       1.6320738
       7767.3200      -1.1610285       1.6321121
       7770.9400      0.21043013       1.6339414
       7774.5600       3.2780124       1.6376822
       7778.1800       3.5209523       1.6432369
       7781.8000       1.5780605       1.6504233
       7785.4200       2.2485903       1.6582060
       7789.0400       1.3797271       1.6644118
       7792.6600      0.79682839       1.6671546
       7796.2800     0.075191778       1.6667066
       7799.9000      0.76190989       1.6651450
       7803.5200      0.19663016       1.6644810
       7807.1400      -1.0974385       1.6653923
       7810.7600     -0.56729470       1.6674575
       7814.3800       1.3202671       1.6700406
       7818.0000       4.8743866       1.6730952
       7821.6200       2.6521160       1.6769668
       7825.2400       1.3935567       1.6815802
       7828.8600       1.6606416       1.6862399
       7832.4800       1.2486981       1.6901792
       7836.1000      0.69304671       1.6930357
       7839.7100       1.8944208       1.6949140
       7843.3300    -0.064902908       1.6964286
       7846.9500      -1.3065645       1.6982834
       7850.5700      0.34733820       1.7005694
       7854.1900       1.3356132       1.7028232
       7857.8100      0.64005697       1.7047630
       7861.4300      0.11625565       1.7064949
       7865.0500      0.29615442       1.7080346
       7868.6700    0.0068516772       1.7090222
       7872.2900     -0.40824080       1.7091488
       7875.9100      0.21218452       1.7088214
       7879.5300       1.2719001       1.7089806
       7883.1500       1.3845884       1.7102214
       7886.7700       1.0739208       1.7123715
       7890.3900      0.35459402       1.7148555
       7894.0100      0.59588922       1.7172861
       7897.6300       2.3401436       1.7197399
       7901.2500       2.3406593       1.7225262
       7904.8700      0.74129828       1.7258632
       7908.4900     -0.20818845       1.7296651
       7912.1100      0.10045765       1.7337155
       7915.7300      0.80719386       1.7378731
       7919.3500       1.4552299       1.7420804
       7922.9700       1.4222244       1.7463384
       7926.5900       1.7438310       1.7509540
       7930.2100       1.0219549       1.7564438
       7933.8300      0.79706318       1.7628395
       7937.4500      0.95605550       1.7697079
       7941.0700     -0.31547276       1.7770941
       7944.6900      0.52675661       1.7862695
       7948.3100    -0.080927619       1.7992128
       7951.9300     -0.64263197       1.8168463
       7955.5500      0.37973788       1.8375346
       7959.1700       3.3062836       1.8577207
       7962.7900       1.6451954       1.8754280
       7966.4100      0.60358731       1.8921334
       7970.0300      0.92376205       1.9099718
       7973.6500      0.51867362       1.9292954
       7977.2700     -0.34079752       1.9497707
       7980.8900      0.27967976       1.9708816
       7984.5100      0.50434749       1.9889393
       7988.1300     0.079577760       1.9972023
       7991.7500     -0.78322588       1.9936263
       7995.3700      0.21309636       1.9848475
       7998.9800       1.2687824       1.9777327
       8002.6000     -0.67888609       1.9714861
       8006.2200      -1.6993707       1.9628743
       8009.8400     -0.82714343       1.9530632
       8013.4600     -0.42087335       1.9444301
       8017.0800     -0.96726391       1.9345987
       8020.7000     -0.42479937       1.9183485
       8024.3200       1.1573064       1.8950160
       8027.9400      0.78476165       1.8718001
       8031.5600      0.67974442       1.8590961
       8035.1800     0.025921249       1.8643967
       8038.8000      0.61196282       1.8918811
       8042.4200       1.4885626       1.9430856
       8046.0400       1.0811609       2.0092091
       8049.6600      -1.5008218       2.0629853
       8053.2800      -5.6440792       2.0720907
       8056.9000      -6.9706896       2.0327207
       8060.5200      -1.0956025       1.9737758
       8064.1400       1.7665133       1.9241843
       8067.7600       2.9422990       1.8947697
       8071.3800       1.6607340       1.8840078
       8075.0000       2.2203229       1.8856165
       8078.6200       3.0218818       1.8910426
       8082.2400       2.5394546       1.8939880
       8085.8600       2.6719694       1.8964081
       8089.4800     -0.70439753       1.9056291
       8093.1000       1.2247609       1.9242266
       8096.7200       1.7640808       1.9452644
       8100.3400      0.50382017       1.9591895
       8103.9600     0.014927619       1.9628899
       8107.5800      0.98232136       1.9598545
       8111.2000     -0.48398607       1.9538731
       8114.8200     -0.83763207       1.9466672
       8118.4400       1.8162122       1.9395237
       8122.0600       3.2501915       1.9335245
       8125.6800       3.6220704       1.9290464
       8129.3000       3.0304767       1.9271624
       8132.9200       2.2191990       1.9296120
       8136.5400       3.1091896       1.9351868
       8140.1600       2.0619426       1.9385041
       8143.7800       1.1471873       1.9354257
       8147.4000       2.3013799       1.9279768
       8151.0200      0.66587633       1.9210291
       8154.6400       1.7912434       1.9163047
       8158.2500       1.5048479       1.9119144
       8161.8700      0.95087854       1.9064990
       8165.4900      0.51357364       1.9015748
       8169.1100       2.3539924       1.8993791
       8172.7300      0.94045534       1.9001063
       8176.3500     0.069840457       1.9017083
       8179.9700       1.6668232       1.9021954
       8183.5900       1.0950521       1.9011974
       8187.2100      0.32556302       1.8996829
       8190.8300      -1.4046997       1.8984989
       8194.4500      -1.9762861       1.8975917
       8198.0700      -2.8261427       1.8965324
       8201.6900      0.85856700       1.8952868
       8205.3100      0.15570293       1.8942082
       8208.9300       2.0778815       1.8936505
       8212.5500       3.6575393       1.8938369
       8216.1700       1.5196821       1.8949056
       8219.7900      0.70296953       1.8967685
       8223.4100       1.2272743       1.8989593
       8227.0300       1.6999827       1.9007373
       8230.6500      0.89467485       1.9015237
       8234.2700      0.90169165       1.9013147
       8237.8900  -0.00098886088       1.9007188
       8241.5100       1.2264737       1.9005904
       8245.1300       3.8686707       1.9015146
       8248.7500       2.2800254       1.9033440
       8252.3700     -0.10458806       1.9052640
       8255.9900      0.44740094       1.9064386
       8259.6100      0.12152730       1.9066425
       8263.2300     -0.79876446       1.9063445
       8266.8500     -0.19055176       1.9062427
       8270.4700     0.081342160       1.9067940
       8274.0900     -0.62738977       1.9079954
       8277.7100      -1.4180366       1.9094851
       8281.3300       1.9762283       1.9108900
       8284.9500       3.2826697       1.9121134
       8288.5700       1.3049595       1.9133079
       8292.1900      -1.8041608       1.9146836
       8295.8100      -2.4828275       1.9162569
       8299.4300     -0.32911607       1.9179842
       8303.0500      0.97165566       1.9199084
       8306.6700      -1.4595831       1.9221482
       8310.2900       1.2773811       1.9245673
       8313.9100       1.9891688       1.9266764
       8317.5300      0.31745463       1.9280851
       8321.1500       6.0444564       1.9289811
       8324.7600      0.63288235       1.9298171
       8328.3800     -0.16880853       1.9306670
       8332.0000     -0.62751679       1.9311739
       8335.6200    -0.062855603       1.9311661
       8339.2400       5.3263024       1.9310474
       8342.8600       3.3174843       1.9315097
       8346.4800       1.9051712       1.9330325
       8350.1000       2.4956217       1.9355358
       8353.7200       3.8022671       1.9382443
       8357.3400       4.8887820       1.9401063
       8360.9600       4.5074575       1.9406213
       8364.5800      0.81250168       1.9402130
       8368.2000      0.46320125       1.9396556
       8371.8200       2.6140067       1.9393931
       8375.4400       2.2476511       1.9394441
       8379.0600       1.6652104       1.9397843
       8382.6800       3.3337503       1.9403976
       8386.3000       4.6514116       1.9411662
       8389.9200       2.0869652       1.9418987
       8393.5400       1.7056177       1.9425179
       8397.1600       2.7476146       1.9431221
       8400.7800       2.8537903       1.9437916
       8404.4000       3.2344759       1.9445000
       8408.0200       2.2623968       1.9452316
       8411.6400       2.6209888       1.9460019
       8415.2600       1.2396220       1.9469088
       8418.8800     -0.23451050       1.9479671
       8422.5000       2.2900483       1.9490701
       8426.1200       1.9413907       1.9500061
       8429.7400      0.73323454       1.9506705
       8433.3600       1.5764131       1.9511294
       8436.9800      0.72124863       1.9515128
       8440.6000      0.55456977       1.9519411
       8444.2200       1.4749023       1.9524634
       8447.8400       2.9146591       1.9530730
       8451.4600       2.9344701       1.9537745
       8455.0800       1.7365871       1.9545634
       8458.7000       3.1676065       1.9555645
       8462.3200       3.7986374       1.9569618
       8465.9400      0.42083486       1.9589747
       8469.5600       1.0874925       1.9614244
       8473.1800     -0.53488193       1.9636400
       8476.7900      -1.4542484       1.9647858
       8480.4200      0.95147899       1.9646861
       8484.0400       3.9096630       1.9639076
       8487.6600       2.2301033       1.9632063
       8491.2700     -0.79035430       1.9630343
       8494.8900     -0.16498990       1.9634273
       8498.5100      0.92036335       1.9640896
       8502.1300      0.19442697       1.9645623
       8505.7500     0.030879352       1.9645754
       8509.3700       1.0587825       1.9642965
       8512.9900      0.22047959       1.9640648
       8516.6100       1.1924366       1.9641292
       8520.2300      -1.6676007       1.9644394
       8523.8500      -4.2145840       1.9648471
       8527.4700       3.5312215       1.9652349
       8531.0900       4.4193145       1.9655902
       8534.7100       4.2345605       1.9659739
       8538.3300       2.5342122       1.9664526
       8541.9500       1.5602433       1.9670037
       8545.5700       2.1079425       1.9675353
       8549.1900      0.26006620       1.9679607
       8552.8100      0.19335463       1.9682592
       8556.4300      0.19423106       1.9685380
       8560.0500       2.6044649       1.9688922
       8563.6700       1.6351109       1.9693442
       8567.2900       3.5797040       1.9697916
       8570.9100       3.9943034       1.9700996
       8574.5300       4.0015011       1.9702270
       8578.1500       2.4138681       1.9702326
       8581.7700      0.29236312       1.9702529
       8585.3900       2.9674063       1.9703404
       8589.0100       3.4315082       1.9705495
       8592.6300       1.1100903       1.9708628
       8596.2500      0.30288370       1.9712925
       8599.8700      0.31575066       1.9718405
       8603.4900      0.64355959       1.9725396
       8607.1100       3.8127134       1.9733673
       8610.7300       2.4708762       1.9742080
       8614.3500     0.051002098       1.9748200
       8617.9700       3.7133735       1.9750289
       8621.5900       2.7233079       1.9749189
       8625.2100   -0.0034474548       1.9747923
       8628.8300      0.74853833       1.9748404
       8632.4500     -0.59840265       1.9749219
       8636.0700     -0.84104617       1.9747736
       8639.6900      -7.8329901       1.9743063
       8643.3000      -25.558707       1.9736643
       8646.9200      -43.026116       1.9730832
       8650.5400      -38.886088       1.9727776
       8654.1600      -16.922769       1.9728836
       8657.7800      -9.4198726       1.9734662
       8661.4000      0.73973557       1.9743459
       8665.0200     -0.85946768       1.9751547
       8668.6400       1.0150998       1.9755180
       8672.2600       2.5036701       1.9753723
       8675.8800      0.14684090       1.9750265
       8679.5000       1.6119898       1.9748586
       8683.1200       1.4569042       1.9749406
       8686.7400       2.6679125       1.9749027
       8690.3600       3.3880641       1.9743367
       8693.9800      0.72553261       1.9733211
       8697.6000      0.33527684       1.9723736
       8701.2200      0.73966629       1.9719172
       8704.8400     -0.81335232       1.9718531
       8708.4600     -0.93192587       1.9718294
       8712.0800       1.3661323       1.9717957
       8715.7000       1.5168299       1.9720780
       8719.3200      0.62309809       1.9731709
       8722.9400       1.2705144       1.9754676
       8726.5600      0.96148265       1.9793827
       8730.1800     -0.53143704       1.9851655
       8733.8000     0.026614345       1.9923511
       8737.4200       2.0339524       1.9998120
       8741.0400       1.0130098       2.0069884
       8744.6600      -2.0596447       2.0152387
       8748.2800     -0.82457612       2.0272225
       8751.9000       1.4532707       2.0448140
       8755.5200      0.89386270       2.0676687
       8759.1400     -0.10563346       2.0938565
       8762.7600     -0.89674949       2.1213641
       8766.3800      -1.4227247       2.1481656
       8770.0000     -0.21264641       2.1710489
       8773.6200     -0.38960759       2.1864194
       8777.2400      -1.5290891       2.1941351
       8780.8600     -0.25855892       2.2009460
       8784.4800     -0.65736995       2.2176794
       8788.1000       2.3599353       2.2500904
       8791.7200       2.1664749       2.2892917
       8795.3400      0.44333635       2.3145529
       8798.9600       1.4694867       2.3126795
       8802.5800       2.0363311       2.2919928
       8806.1900      0.56262966       2.2701346
       8809.8100     0.033097669       2.2550435
       8813.4300       2.8724466       2.2443926
       8817.0500       3.6620504       2.2344180
       8820.6700      0.31254056       2.2234523
       8824.2900      0.39082774       2.2088588
       8827.9100       2.6388907       2.1860399
       8831.5300      0.91566367       2.1523692
       8835.1500      -2.1383884       2.1113993
       8838.7700      -3.0276746       2.0721967
       8842.3900      -2.6910183       2.0433059
       8846.0100     -0.10180289       2.0275658
       8849.6300       2.1450703       2.0226381
       8853.2500       2.5352861       2.0251815
       8856.8700       2.6731087       2.0341920
       8860.4900     -0.10808222       2.0509721
       8864.1100      -2.1988568       2.0767179
       8867.7300      -2.2827544       2.1098876
       8871.3500      0.45848232       2.1452283
       8874.9700      0.43059987       2.1754340
       8878.5900       2.3330613       2.1952229
       8882.2100    -0.015380343       2.2038243
       8885.8300      0.30256577       2.2035867
       8889.4500     -0.94020515       2.1976999
       8893.0700      0.38457458       2.1896940
       8896.6900      0.86674621       2.1829438
       8900.3100     -0.55113258       2.1784534
       8903.9300      -2.6847751       2.1732553
       8907.5500     0.080349108       2.1630465
       8911.1700     -0.91797694       2.1475424
       8914.7900     -0.77410750       2.1322698
       8918.4100      0.52939705       2.1242192
       8922.0300      0.44573430       2.1277077
       8925.6500      -1.1595466       2.1439281
       8929.2700    -0.031880834       2.1702278
       8932.8900       1.9164412       2.1964497
       8936.5100       1.3119301       2.2066444
       8940.1300      0.68374743       2.1933332
       8943.7500      0.73293817       2.1686443
       8947.3700     -0.18112969       2.1542715
       8950.9900     -0.29940147       2.1600435
       8954.6100       2.6327361       2.1746423
       8958.2300       2.0246531       2.1774796
       8961.8500      0.62207810       2.1615001
       8965.4600       2.1514444       2.1404991
       8969.0800       1.0870461       2.1314433
       8972.7000      0.12645869       2.1365087
       8976.3200       1.1869441       2.1418711
       8979.9400      0.72224553       2.1325033
       8983.5600     -0.30529820       2.1063081
       8987.1800     -0.68264660       2.0730467
       8990.8000      -1.6145571       2.0424716
       8994.4200       3.8752911       2.0175342
       8998.0400       8.4393295       1.9968698
       9001.6600     -0.36405727       1.9804214
       9005.2800      -3.5516368       1.9707815
       9008.9000    -0.056030484       1.9692628
       9012.5200       2.2477550       1.9726145
       9016.1400     -0.32021940       1.9746882
       9019.7600      -3.2450992       1.9716397
       9023.3800       1.2197148       1.9651274
       9027.0000       1.1085660       1.9601869
       9030.6200     -0.45873636       1.9605268
       9034.2400       3.9735571       1.9658541
       9037.8600       3.0152422       1.9726990
       9041.4800       2.9177114       1.9769586
       9045.1000       1.2402571       1.9760769
       9048.7200     0.074914263       1.9701260
       9052.3400       2.7934297       1.9613736
       9055.9600       5.9710552       1.9528896
       9059.5800       7.2313466       1.9474299
       9063.2000       9.1810781       1.9480412
       9066.8200       6.7243125       1.9590029
       9070.4400       4.8552953       1.9842288
       9074.0600       4.9464791       2.0234746
       9077.6800       3.6544562       2.0707629
       9081.3000       1.4846904       2.1180184
       9084.9200       1.3044476       2.1620472
       9088.5400       3.0178172       2.2070668
       9092.1600       2.1316256       2.2598816
       9095.7800       1.6473701       2.3234855
       9099.4000      0.72422009       2.3969776
       9103.0200      -2.1950655       2.4810023
       9106.6400      -2.5849618       2.5806235
       9110.2600      0.74222590       2.7001121
       9113.8800      0.10356383       2.8339736
       9117.5000       2.1278651       2.9649065
       9121.1200      0.39060449       3.0767354
       9124.7300       2.3461481       3.1726922
       9128.3600       1.6754912       3.2770093
       9131.9700       5.2604838       3.4041846
       9135.5900      0.82804026       3.5318933
       9139.2100      0.33182926       3.6001237
       9142.8300     -0.57628606       3.5707321
       9146.4500      -2.7153673       3.4755573
       9150.0700      -3.0288678       3.3766382
       9153.6900       2.1711322       3.3062055
       9157.3100      0.20725621       3.2632540
       9160.9300      -3.0495641       3.2416715
       9164.5500      -3.0444256       3.2367743
       9168.1700      0.84430246       3.2310098
       9171.7900     -0.26434634       3.1913417
       9175.4100      -1.4370817       3.0870123
       9179.0300      0.97441158       2.9137918
       9182.6500       2.4264776       2.7042167
       9186.2700       1.2266431       2.5097560
       9189.8900       1.2127095       2.3708285
       9193.5100      0.58222898       2.3000764
       9197.1300     -0.22166933       2.2865293
       9200.7500       1.9642501       2.3064045
       9204.3700       2.8540521       2.3362306
       9207.9900      -2.0809453       2.3647960
       9211.6100      -5.9784454       2.3971001
       9215.2300      -2.4184869       2.4461534
       9218.8500      -2.9697350       2.5171847
       9222.4700      0.89841612       2.5986469
       9226.0900      -2.3005138       2.6712296
       9229.7100      -7.1915860       2.7255774
       9233.3300      -2.8768422       2.7598700
       9236.9500      0.17264949       2.7654871
       9240.5700     -0.86527203       2.7372112
       9244.1900      -1.1100325       2.6948808
       9247.8100     -0.95804546       2.6694389
       9251.4300       6.6967148       2.6678796
       9255.0500      -2.0143723       2.6667666
       9258.6700      -4.8295067       2.6419975
       9262.2900      -2.6591290       2.5976519
       9265.9100     -0.25936106       2.5567058
       9269.5300       1.1688574       2.5321390
       9273.1500      -1.8091376       2.5162817
       9276.7700      -1.1759743       2.4971017
       9280.3900       1.5698890       2.4803310
       9284.0000       3.2766613       2.4862262
       9287.6200       1.5226035       2.5192350
       9291.2400      0.71283848       2.5458970
       9294.8700       4.2438752       2.5178976
       9298.4800       4.1347164       2.4329672
       9302.1000       2.4943515       2.3449137
       9305.7200       4.8901676       2.3085378
       9309.3400       3.1407209       2.3363246
       9312.9600      0.43811705       2.3952934
       9316.5800       2.9722946       2.4304570
       9320.2000       3.0072785       2.4089165
       9323.8200       1.1840842       2.3468055
       9327.4400       1.9001790       2.2842265
       9331.0600       1.4455726       2.2484486
       9334.6800   -0.0089831220       2.2429903
       9338.3000       4.4035334       2.2563958
       9341.9200       1.0013626       2.2753472
       9345.5400       1.9401821       2.2911529
       9349.1600       4.0251342       2.2980276
       9352.7800      -4.5210831       2.2895099
       9356.4000       7.5034353       2.2595531
       9360.0200       1.7063220       2.2089460
       9363.6400       9.6351109       2.1506142
       9367.2600     -0.78048536       2.1057733
