# data from http://adsabs.harvard.edu/abs/2013A%26A...555A..10T
# original filename = SN05kj_rc201_CLA_LD_14mar06.txt
# via WISEREP
# de-redshifted assuming z=    0.0170000
# flux divided by   2.14875e-16
# observation JD =        2453808.5
# phase in rest-frame days relative to JD =        2453692.0
# type is SNIIn
# phase is       114.600
# WARNING: fake error spectrum!

       5578.1700       6.8476800      0.24691502
       5579.2800       10.229500      0.24619136
       5580.3900       1.0840200      0.24546966
       5581.5000      -2.0017400      0.24475028
       5582.6100      0.27866800      0.24403188
       5583.7200       2.4992900      0.24331390
       5584.8300       1.4386800      0.24259818
       5585.9400       4.0985700      0.24188308
       5587.0500       1.7116000      0.24116901
       5588.1600      -5.2559200      0.24045629
       5589.2700      -2.4594400      0.23974519
       5590.3800       2.0125900      0.23903461
       5591.4900     -0.97957600      0.23832609
       5592.6000      -2.4491700      0.23761979
       5593.7100     -0.66873800      0.23691513
       5594.8200       3.7606400      0.23621237
       5595.9300       3.8616800      0.23551283
       5597.0400      0.26218100      0.23481359
       5598.1400     -0.48772500      0.23412208
       5599.2500       4.6703700      0.23342652
       5600.3600      0.64785300      0.23273253
       5601.4700    -0.066922800      0.23203947
       5602.5800       2.2075300      0.23134784
       5603.6900       1.2596700      0.23065673
       5604.8000     -0.14932000      0.22996720
       5605.9100    -0.075471500      0.22927948
       5607.0200       2.6525700      0.22859234
       5608.1300       2.2522000      0.22790656
       5609.2400      -1.4204700      0.22722209
       5610.3500     -0.27210800      0.22653971
       5611.4600       1.8398000      0.22585881
       5612.5700       3.0183800      0.22517985
       5613.6800     0.091071800      0.22450210
       5614.7900       1.1977300      0.22382667
       5615.9000       3.1947200      0.22315312
       5617.0100       1.4054800      0.22248030
       5618.1200      0.70429900      0.22181004
       5619.2300       1.9356500      0.22114038
       5620.3400       1.2614600      0.22047223
       5621.4500      -1.8632500      0.21980573
       5622.5600      0.11949900      0.21913927
       5623.6700       1.7056400      0.21847628
       5624.7800      -3.0247000      0.21781370
       5625.8900      -2.1795900      0.21715164
       5627.0000      0.84349900      0.21649216
       5628.1000       2.8996200      0.21583931
       5629.2100       1.4418400      0.21518166
       5630.3200     -0.78852000      0.21452421
       5631.4300     -0.11062100      0.21387011
       5632.5400       1.0334300      0.21321625
       5633.6500    -0.093991700      0.21256396
       5634.7600      0.30229900      0.21191419
       5635.8700       1.5765800      0.21126569
       5636.9800       1.2826200      0.21061884
       5638.0900      0.71393500      0.20997473
       5639.2000       1.5676500      0.20933035
       5640.3100       2.1029700      0.20868889
       5641.4200      0.73168100      0.20804761
       5642.5300      0.37712800      0.20740863
       5643.6400      0.91776800      0.20677093
       5644.7500       1.9138600      0.20613394
       5645.8600      0.45596600      0.20549817
       5646.9700      0.33649800      0.20486334
       5648.0800      0.80624600      0.20423018
       5649.1900      0.45430000      0.20359802
       5650.3000      0.77975500      0.20296717
       5651.4100       1.4447500      0.20233845
       5652.5200      0.91741300      0.20171094
       5653.6300      0.64444200      0.20108628
       5654.7400      0.68912600      0.20046303
       5655.8500       2.1906100      0.19984079
       5656.9600       1.6146000      0.19922032
       5658.0600      0.67075400      0.19860740
       5659.1700      0.96357900      0.19798996
       5660.2800       2.1408200      0.19737398
       5661.3900       1.7049200      0.19675905
       5662.5000       1.1122700      0.19614548
       5663.6100      0.67874500      0.19553257
       5664.7200      0.84869500      0.19492032
       5665.8300       1.5221100      0.19431075
       5666.9400       1.2556900      0.19370185
       5668.0500       1.4047000      0.19309422
       5669.1600       1.4795400      0.19248798
       5670.2700      0.63891600      0.19188358
       5671.3800       1.1438000      0.19128035
       5672.4900       1.9006600      0.19067840
       5673.6000       1.4246900      0.19007856
       5674.7100      0.95790500      0.18948006
       5675.8200      0.83780500      0.18888254
       5676.9300       1.4597600      0.18828698
       5678.0400       1.5671400      0.18769299
       5679.1500      0.82631100      0.18710018
       5680.2600      0.78510400      0.18650859
       5681.3700       1.5238700      0.18591899
       5682.4800       1.1923800      0.18533038
       5683.5900      0.99472400      0.18474354
       5684.7000       1.3126800      0.18415807
       5685.8100       1.1419600      0.18357324
       5686.9200       1.1200700      0.18299033
       5688.0200       1.3219000      0.18241338
       5689.1300       1.5243600      0.18183308
       5690.2400       1.3372500      0.18125343
       5691.3500       1.0243700      0.18067427
       5692.4600       1.2431900      0.18009766
       5693.5700       1.5608600      0.17952138
       5694.6800       1.1408700      0.17894729
       5695.7900       1.0655900      0.17837461
       5696.9000       1.2249700      0.17780291
       5698.0100       1.3649600      0.17723288
       5699.1200       1.2301300      0.17666464
       5700.2300       1.1869700      0.17609741
       5701.3400       1.1808300      0.17553185
       5702.4500       1.2690300      0.17496763
       5703.5600       1.1889800      0.17440500
       5704.6700       1.1075600      0.17384304
       5705.7800       1.3767200      0.17328285
       5706.8900       1.2766100      0.17272442
       5708.0000       1.1347500      0.17216625
       5709.1100       1.1187100      0.17161019
       5710.2200       1.3246600      0.17105532
       5711.3300       1.3197500      0.17050164
       5712.4400       1.1429700      0.16994936
       5713.5500       1.0434500      0.16939822
       5714.6600       1.0591000      0.16884911
       5715.7700       1.2535400      0.16830058
       5716.8800       1.0618000      0.16775430
       5717.9800       1.1011300      0.16721340
       5719.0900       1.2435700      0.16666961
       5720.2000       1.0249200      0.16612702
       5721.3100       1.2813000      0.16558561
       5722.4200       1.1985300      0.16504550
       5723.5300       1.1170600      0.16450663
       5724.6400      0.94920600      0.16396881
       5725.7500       1.1762800      0.16343287
       5726.8600       1.2786900      0.16289782
       5727.9700       1.2110000      0.16236416
       5729.0800       1.2764800      0.16183163
       5730.1900       1.1484000      0.16130082
       5731.3000       1.1867700      0.16077087
       5732.4100       1.2710100      0.16024248
       5733.5200       1.2459400      0.15971600
       5734.6300       1.3335500      0.15919001
       5735.7400       1.2643400      0.15866544
       5736.8500       1.1005300      0.15814294
       5737.9600       1.3485100      0.15762096
       5739.0700       1.3401800      0.15710039
       5740.1800       1.3174500      0.15658056
       5741.2900       1.1900800      0.15606340
       5742.4000       1.3290900      0.15554684
       5743.5100       1.4051400      0.15503141
       5744.6200       1.1874400      0.15451767
       5745.7300       1.2885700      0.15400524
       5746.8400       1.1838400      0.15349409
       5747.9400       1.2759200      0.15298843
       5749.0500       1.1354300      0.15247975
       5750.1600       1.1922800      0.15197226
       5751.2700       1.1349500      0.15146685
       5752.3800       1.1398100      0.15096138
       5753.4900       1.2427400      0.15045773
       5754.6000       1.1567700      0.14995549
       5755.7100       1.2556400      0.14945439
       5756.8200       1.2325500      0.14895377
       5757.9300       1.2489700      0.14845486
       5759.0400       1.1726900      0.14795754
       5760.1500       1.2264600      0.14746117
       5761.2600       1.1513600      0.14696676
       5762.3700       1.1950700      0.14647385
       5763.4800       1.1892400      0.14598255
       5764.5900       1.2757600      0.14549331
       5765.7000       1.2230200      0.14500644
       5766.8100       1.2012000      0.14452264
       5767.9200       1.2075400      0.14404231
       5769.0300       1.1766200      0.14356702
       5770.1400       1.1371600      0.14309782
       5771.2500       1.1245100      0.14263570
       5772.3600       1.1351500      0.14218196
       5773.4700       1.2207400      0.14173765
       5774.5800       1.1595100      0.14130471
       5775.6900       1.2825500      0.14088367
       5776.8000       1.2143300      0.14047458
       5777.9000       1.0521500      0.14008226
       5779.0100       1.0637000      0.13969963
       5780.1200       1.2275600      0.13932813
       5781.2300       1.3801800      0.13896714
       5782.3400       1.2138500      0.13861388
       5783.4500       1.2174300      0.13826509
       5784.5600       1.2651200      0.13791621
       5785.6700       1.1967500      0.13756174
       5786.7800       1.1195100      0.13719762
       5787.8900       1.2349600      0.13681980
       5789.0000       1.3042800      0.13642421
       5790.1100       1.2499900      0.13601009
       5791.2200       1.2044600      0.13557884
       5792.3300       1.1271000      0.13513307
       5793.4400       1.2019400      0.13467796
       5794.5500       1.2008600      0.13421737
       5795.6600       1.2111100      0.13375375
       5796.7700       1.1908600      0.13328893
       5797.8800       1.2035000      0.13282072
       5798.9900       1.2351400      0.13234621
       5800.1000       1.1775000      0.13186236
       5801.2100       1.1595500      0.13136559
       5802.3200       1.2245800      0.13085662
       5803.4300       1.1493000      0.13033770
       5804.5400       1.2333900      0.12981483
       5805.6500       1.1651900      0.12929396
       5806.7500       1.1774700      0.12878620
       5807.8700       1.2375800      0.12828409
       5808.9700       1.1996100      0.12780804
       5810.0800       1.2556400      0.12734738
       5811.1900       1.2543600      0.12690598
       5812.3000       1.1862800      0.12648273
       5813.4100       1.2579000      0.12607666
       5814.5200       1.1976900      0.12568430
       5815.6300       1.2895600      0.12530165
       5816.7400       1.3108700      0.12492374
       5817.8500       1.1901500      0.12454349
       5818.9600       1.1920600      0.12415395
       5820.0700       1.2985300      0.12374760
       5821.1800       1.2112300      0.12331845
       5822.2900       1.1816000      0.12286476
       5823.4000       1.1685500      0.12238550
       5824.5100       1.2091900      0.12188511
       5825.6200       1.2044600      0.12136967
       5826.7300       1.2249900      0.12084811
       5827.8400       1.2320600      0.12032816
       5828.9500       1.2222000      0.11981839
       5830.0600       1.2372100      0.11932590
       5831.1700       1.1991900      0.11885374
       5832.2800       1.2115900      0.11840584
       5833.3900       1.1833200      0.11798544
       5834.5000       1.1804100      0.11759280
       5835.6100       1.1403600      0.11722792
       5836.7200       1.1609600      0.11688961
       5837.8300       1.1872400      0.11657339
       5838.9300       1.2846600      0.11627656
       5840.0400       1.1988400      0.11598516
       5841.1500       1.2124000      0.11569084
       5842.2600       1.2039100      0.11538325
       5843.3700       1.1846000      0.11505264
       5844.4800       1.1405300      0.11469081
       5845.5900       1.2139400      0.11429460
       5846.7000       1.1928300      0.11386560
       5847.8100       1.2077200      0.11340798
       5848.9200       1.1464300      0.11292931
       5850.0300       1.2144300      0.11243810
       5851.1400       1.2159100      0.11194492
       5852.2500       1.1332900      0.11145775
       5853.3600       1.0009400      0.11098302
       5854.4700       1.0765600      0.11052280
       5855.5800       1.1444100      0.11007912
       5856.6900       1.1408500      0.10964884
       5857.8000       1.1394800      0.10923039
       5858.9100       1.0712200      0.10882085
       5860.0200       1.1474300      0.10841819
       5861.1300       1.0401400      0.10802267
       5862.2400      0.95761100      0.10763378
       5863.3500       1.0100600      0.10725124
       5864.4600      0.96656000      0.10687476
       5865.5700      0.92986600      0.10650241
       5866.6800      0.96661200      0.10613175
       5867.7900      0.97210000      0.10576038
       5868.8900       1.0033800      0.10538931
       5870.0000      0.95609200      0.10501143
       5871.1100       1.0105600      0.10462914
       5872.2200       1.0193300      0.10424357
       5873.3300      0.90993000      0.10385599
       5874.4400      0.91117000      0.10346682
       5875.5500      0.81105300      0.10307616
       5876.6600      0.82015300      0.10268455
       5877.7700      0.73583700      0.10229191
       5878.8800      0.68564500      0.10189908
       5879.9900      0.69458300      0.10150732
       5881.1000      0.73984900      0.10111701
       5882.2100      0.80432300      0.10073184
       5883.3200      0.79327900      0.10035093
       5884.4300      0.85024500     0.099975716
       5885.5400      0.95610400     0.099606164
       5886.6500       1.0279100     0.099240669
       5887.7600       1.1160700     0.098877608
       5888.8700       1.1283800     0.098514985
       5889.9800       1.1274500     0.098151445
       5891.0900       1.1774700     0.097785501
       5892.2000       1.3562800     0.097417763
       5893.3100       1.4202600     0.097048258
       5894.4200       1.4209500     0.096677614
       5895.5300       1.3565700     0.096306898
       5896.6400       1.3841700     0.095937006
       5897.7500       1.4795000     0.095568506
       5898.8500       1.4454600     0.095205026
       5899.9600       1.4146300     0.094840446
       5901.0700       1.4375200     0.094477615
       5902.1800       1.4266500     0.094116338
       5903.2900       1.3527400     0.093756681
       5904.4000       1.3513500     0.093399040
       5905.5100       1.3383700     0.093042981
       5906.6200       1.3375600     0.092689541
       5907.7300       1.3753400     0.092338866
       5908.8400       1.3112900     0.091990701
       5909.9500       1.3365100     0.091645449
       5911.0600       1.3473500     0.091303103
       5912.1700       1.3195700     0.090963017
       5913.2800       1.2869600     0.090625383
       5914.3900       1.2741400     0.090289883
       5915.5000       1.2556900     0.089955768
       5916.6100       1.3087000     0.089623813
       5917.7200       1.2470400     0.089292541
       5918.8300       1.2669900     0.088963228
       5919.9400       1.2410700     0.088635002
       5921.0500       1.2993100     0.088307969
       5922.1600       1.2415200     0.087982302
       5923.2700       1.2187000     0.087657619
       5924.3800       1.1975400     0.087333877
       5925.4900       1.1661800     0.087011710
       5926.6000       1.1946700     0.086690664
       5927.7100       1.1877100     0.086370245
       5928.8100       1.1955000     0.086054157
       5929.9200       1.2307200     0.085736100
       5931.0300       1.2059300     0.085418894
       5932.1400       1.2244100     0.085102890
       5933.2500       1.2146700     0.084787913
       5934.3600       1.2086900     0.084473695
       5935.4700       1.1532600     0.084160602
       5936.5800       1.1415000     0.083848689
       5937.6900       1.1955800     0.083537687
       5938.8000       1.2396800     0.083227875
       5939.9100       1.2008100     0.082918835
       5941.0200       1.1631300     0.082610995
       5942.1300       1.1636800     0.082303980
       5943.2400       1.1901200     0.081998143
       5944.3500       1.2404100     0.081693246
       5945.4600       1.2306400     0.081389648
       5946.5700       1.2010400     0.081087065
       5947.6800       1.1770800     0.080785205
       5948.7900       1.0853700     0.080484302
       5949.9000       1.1532100     0.080185032
       5951.0100       1.1339800     0.079886103
       5952.1200       1.1300500     0.079588459
       5953.2300       1.1369300     0.079291916
       5954.3400       1.1736500     0.078996557
       5955.4500       1.1909900     0.078702129
       5956.5600       1.1365900     0.078408450
       5957.6700       1.0987500     0.078115991
       5958.7700       1.1667900     0.077827143
       5959.8800       1.1367100     0.077536759
       5960.9900       1.1497900     0.077247300
       5962.1000       1.1903000     0.076958707
       5963.2100       1.1454400     0.076671213
       5964.3200       1.1429100     0.076384857
       5965.4300       1.1829000     0.076099067
       5966.5400       1.2050800     0.075814770
       5967.6500       1.1781100     0.075530783
       5968.7600       1.1321300     0.075248329
       5969.8700       1.1779100     0.074966800
       5970.9800       1.1500700     0.074686227
       5972.0900       1.1721200     0.074406525
       5973.2000       1.1350100     0.074127959
       5974.3100       1.0756200     0.073850164
       5975.4200       1.1284500     0.073573690
       5976.5300       1.1186400     0.073298060
       5977.6400       1.1117900     0.073023456
       5978.7500       1.1374100     0.072749677
       5979.8600       1.1385300     0.072477043
       5980.9700       1.1239400     0.072205396
       5982.0800       1.1822500     0.071934657
       5983.1900       1.1676800     0.071665132
       5984.3000       1.1380500     0.071396346
       5985.4100       1.1840200     0.071128765
       5986.5200       1.1192800     0.070861711
       5987.6200       1.1610700     0.070598325
       5988.7300       1.1613700     0.070333440
       5989.8400       1.2338700     0.070069646
       5990.9500       1.1615900     0.069806591
       5992.0600       1.1992500     0.069544617
       5993.1700       1.1998500     0.069283621
       5994.2800       1.2726900     0.069023412
       5995.3900       1.1755100     0.068764302
       5996.5000       1.1729600     0.068506333
       5997.6100       1.1952400     0.068249042
       5998.7200       1.2613900     0.067992499
       5999.8300       1.1755600     0.067737153
       6000.9400       1.1243800     0.067482735
       6002.0500       1.1973900     0.067229324
       6003.1600       1.1997100     0.066976781
       6004.2700       1.1065400     0.066725320
       6005.3800       1.1317300     0.066474726
       6006.4900       1.1975300     0.066224878
       6007.6000       1.2310700     0.065976178
       6008.7100       1.1210700     0.065728647
       6009.8200       1.1120300     0.065481851
       6010.9300       1.1453500     0.065235720
       6012.0400       1.1144000     0.064990807
       6013.1500       1.1072400     0.064746882
       6014.2600       1.1808900     0.064504021
       6015.3700       1.2167200     0.064261830
       6016.4800       1.1269400     0.064020814
       6017.5800       1.1112100     0.063782711
       6018.7000       1.1474200     0.063541162
       6019.8000       1.1163300     0.063305080
       6020.9100       1.1166800     0.063067657
       6022.0200       1.1807000     0.062831081
       6023.1300       1.1827600     0.062595482
       6024.2400       1.1768900     0.062360736
       6025.3500       1.1088700     0.062127071
       6026.4600       1.1528000     0.061894063
       6027.5700       1.2174500     0.061661972
       6028.6800       1.2097300     0.061430839
       6029.7900       1.1251100     0.061200638
       6030.9000       1.1776900     0.060971321
       6032.0100       1.1464200     0.060743056
       6033.1200       1.1275800     0.060515497
       6034.2300       1.1694100     0.060288920
       6035.3400       1.1341500     0.060063463
       6036.4500       1.1929300     0.059838672
       6037.5600       1.1327800     0.059614763
       6038.6700       1.1555400     0.059391854
       6039.7800       1.1812500     0.059169851
       6040.8900       1.1559700     0.058948709
       6042.0000       1.1070100     0.058728492
       6043.1100       1.0470300     0.058509281
       6044.2200       1.1341700     0.058290683
       6045.3300       1.1781500     0.058073373
       6046.4400       1.1636500     0.057856729
       6047.5500       1.1421100     0.057640899
       6048.6600       1.1196400     0.057426099
       6049.7600       1.1152800     0.057214207
       6050.8700       1.1004200     0.057001093
       6051.9800       1.0893400     0.056788884
       6053.0900       1.1651900     0.056577603
       6054.2000       1.0786100     0.056367049
       6055.3100       1.0798700     0.056157284
       6056.4200       1.1000300     0.055948579
       6057.5300       1.1559200     0.055740629
       6058.6400       1.1309600     0.055533782
       6059.7500       1.1538900     0.055327608
       6060.8600       1.1687600     0.055122439
       6061.9700       1.1351200     0.054917962
       6063.0800       1.0794600     0.054714581
       6064.1900       1.1542100     0.054511980
       6065.3000       1.1677300     0.054310276
       6066.4100       1.0792800     0.054109327
       6067.5200       1.1094200     0.053909340
       6068.6300       1.1479100     0.053710199
       6069.7400       1.1471300     0.053511904
       6070.8500       1.1831300     0.053314519
       6071.9600       1.1458900     0.053118026
       6073.0700       1.1307500     0.052922207
       6074.1800       1.1130400     0.052727347
       6075.2900       1.0713100     0.052533256
       6076.4000       1.1286300     0.052340021
       6077.5100       1.1852500     0.052147422
       6078.6100       1.1778700     0.051957625
       6079.7200       1.1692500     0.051766798
       6080.8300       1.1594200     0.051576933
       6081.9400       1.1833400     0.051387879
       6083.0500       1.1560300     0.051199610
       6084.1600       1.0726300     0.051012285
       6085.2700       1.1530900     0.050825875
       6086.3800       1.1358000     0.050640283
       6087.4900       1.1918400     0.050455615
       6088.6000       1.1712000     0.050271841
       6089.7100       1.2023400     0.050088781
       6090.8200       1.1602300     0.049906570
       6091.9300       1.0692800     0.049725131
       6093.0400       1.0955600     0.049544441
       6094.1500       1.1476100     0.049364638
       6095.2600       1.1778900     0.049185735
       6096.3700       1.1302000     0.049007356
       6097.4800       1.0392800     0.048829982
       6098.5900       1.1233600     0.048653302
       6099.7000       1.1528600     0.048477519
       6100.8100       1.1733600     0.048302547
       6101.9200       1.1493200     0.048128452
       6103.0300       1.1467400     0.047955189
       6104.1400       1.1663700     0.047782850
       6105.2500       1.1429600     0.047611168
       6106.3600       1.1598100     0.047440370
       6107.4700       1.1668000     0.047270261
       6108.5700       1.1383900     0.047102493
       6109.6900       1.1451400     0.046932566
       6110.7900       1.1902200     0.046766435
       6111.9000       1.1735000     0.046599805
       6113.0100       1.1830300     0.046433622
       6114.1200       1.1771700     0.046268341
       6115.2300       1.1561200     0.046103985
       6116.3400       1.1680500     0.045940328
       6117.4500       1.1762700     0.045777448
       6118.5600       1.1665100     0.045615276
       6119.6700       1.1716900     0.045453906
       6120.7800       1.1518900     0.045293504
       6121.8900       1.1111500     0.045133825
       6123.0000       1.0885500     0.044974920
       6124.1100       1.1283100     0.044816736
       6125.2200       1.1431700     0.044659469
       6126.3300       1.0746200     0.044502975
       6127.4400       1.0265700     0.044347192
       6128.5500       1.0106400     0.044192153
       6129.6600       1.0954200     0.044037967
       6130.7700       1.0635200     0.043884596
       6131.8800       1.0349400     0.043731910
       6132.9900       1.0815900     0.043580139
       6134.1000       1.0512100     0.043428962
       6135.2100       1.0422600     0.043278643
       6136.3200       1.0445500     0.043128965
       6137.4300       1.0589300     0.042980252
       6138.5400       1.1113200     0.042832040
       6139.6500       1.0807200     0.042684814
       6140.7500       1.0578700     0.042539591
       6141.8600       1.1026400     0.042393849
       6142.9700       1.1565800     0.042248922
       6144.0800       1.1529600     0.042104912
       6145.1900       1.1424800     0.041961769
       6146.3000       1.1485700     0.041819690
       6147.4100       1.1744300     0.041678470
       6148.5200       1.1386900     0.041538384
       6149.6300       1.1167200     0.041399686
       6150.7400       1.1445800     0.041262374
       6151.8500       1.0934700     0.041126346
       6152.9600       1.1083500     0.040992059
       6154.0700       1.1286600     0.040859808
       6155.1800       1.0844100     0.040729877
       6156.2900       1.1070300     0.040603246
       6157.4000       1.1165100     0.040480398
       6158.5100       1.0897900     0.040363304
       6159.6200       1.0939700     0.040253747
       6160.7300       1.0876000     0.040154494
       6161.8400       1.1787100     0.040068951
       6162.9500       1.1795100     0.040000260
       6164.0600       1.1415000     0.039951363
       6165.1700       1.0990400     0.039924023
       6166.2800       1.1329900     0.039917116
       6167.3900       1.0831400     0.039927738
       6168.5000       1.1271500     0.039949203
       6169.6000       1.1576000     0.039971571
       6170.7100       1.1540600     0.039983384
       6171.8200       1.0931600     0.039972378
       6172.9300       1.0558000     0.039928452
       6174.0400       1.0382000     0.039845313
       6175.1500       1.0848300     0.039722550
       6176.2600       1.1209200     0.039563413
       6177.3700       1.1072900     0.039376256
       6178.4800       1.0311700     0.039172284
       6179.5900       1.0848300     0.038963258
       6180.7000       1.1629400     0.038759167
       6181.8100       1.1032400     0.038567468
       6182.9200       1.0600100     0.038391938
       6184.0300       1.0924800     0.038233299
       6185.1400       1.1483300     0.038089814
       6186.2500       1.0558300     0.037958012
       6187.3600       1.1006000     0.037833675
       6188.4700       1.0982500     0.037712608
       6189.5800       1.0889900     0.037591558
       6190.6900       1.1224700     0.037468255
       6191.8000       1.1020100     0.037341438
       6192.9100       1.1194200     0.037210775
       6194.0200       1.1642500     0.037076894
       6195.1300       1.1000100     0.036940672
       6196.2400       1.0942500     0.036803057
       6197.3500       1.0497000     0.036665156
       6198.4600       1.0547700     0.036527768
       6199.5600       1.0880000     0.036392768
       6200.6700       1.0904300     0.036258407
       6201.7800       1.1178000     0.036125790
       6202.8900       1.1223100     0.035995294
       6204.0000       1.0728900     0.035866975
       6205.1100       1.1134900     0.035740688
       6206.2200       1.0770900     0.035616422
       6207.3300       1.0826200     0.035494202
       6208.4400       1.0958700     0.035373651
       6209.5500       1.1051200     0.035254919
       6210.6600       1.0774600     0.035137450
       6211.7700       1.0970900     0.035021400
       6212.8800       1.0617000     0.034906281
       6213.9900       1.0830500     0.034792226
       6215.1000       1.0969700     0.034678885
       6216.2100       1.0198400     0.034566617
       6217.3200       1.0459900     0.034455175
       6218.4300       1.1093000     0.034344908
       6219.5400       1.0740700     0.034235733
       6220.6500       1.0091100     0.034128037
       6221.7600       1.0152500     0.034021760
       6222.8700       1.0240200     0.033916872
       6223.9800       1.0012300     0.033813440
       6225.0900      0.95478900     0.033711517
       6226.2000      0.95571100     0.033611177
       6227.3100       1.0246800     0.033512051
       6228.4200      0.96128800     0.033414311
       6229.5200      0.98357000     0.033318962
       6230.6300       1.0081400     0.033224131
       6231.7400       1.0410400     0.033130550
       6232.8500      0.99719700     0.033038173
       6233.9600      0.98048500     0.032946844
       6235.0700      0.98497100     0.032856336
       6236.1800       1.0155600     0.032766566
       6237.2900       1.0566300     0.032677427
       6238.4000       1.0617500     0.032588576
       6239.5100       1.1491500     0.032500180
       6240.6200       1.1989200     0.032412025
       6241.7300       1.1694400     0.032324136
       6242.8400       1.1879300     0.032236694
       6243.9500       1.2495500     0.032149714
       6245.0600       1.1783100     0.032063353
       6246.1700       1.1725100     0.031977720
       6247.2800       1.1821600     0.031893036
       6248.3900       1.2932100     0.031809165
       6249.5000       1.2227000     0.031726215
       6250.6100       1.1795100     0.031644224
       6251.7200       1.1450500     0.031563097
       6252.8300       1.1777200     0.031482738
       6253.9400       1.1366400     0.031403023
       6255.0500       1.1431600     0.031324119
       6256.1600       1.1384000     0.031245804
       6257.2700       1.1440600     0.031168152
       6258.3800       1.1410000     0.031091219
       6259.4800       1.0706800     0.031015706
       6260.5900       1.1065900     0.030940161
       6261.7000       1.1032500     0.030865278
       6262.8100       1.0350900     0.030790719
       6263.9200       1.0621600     0.030716462
       6265.0300       1.0845400     0.030642667
       6266.1400       1.1073700     0.030569373
       6267.2500       1.1060700     0.030496439
       6268.3600       1.0620300     0.030424077
       6269.4700       1.0447900     0.030352605
       6270.5800       1.1180200     0.030281908
       6271.6900       1.1211200     0.030212388
       6272.8000       1.1644800     0.030144034
       6273.9100       1.1293400     0.030076779
       6275.0200       1.0806700     0.030010608
       6276.1300       1.0834900     0.029945487
       6277.2400       1.0653500     0.029881173
       6278.3500       1.0863400     0.029817364
       6279.4600       1.0806300     0.029753922
       6280.5700       1.0438600     0.029690605
       6281.6800       1.0248700     0.029627535
       6282.7900       1.0955200     0.029564437
       6283.9000       1.0367800     0.029501152
       6285.0100       1.0364900     0.029438201
       6286.1200       1.0823200     0.029375482
       6287.2300       1.0961000     0.029313119
       6288.3400       1.0557300     0.029251454
       6289.4400       1.0088000     0.029191160
       6290.5500       1.0367800     0.029131150
       6291.6600       1.0775600     0.029072094
       6292.7700       1.0524600     0.029014096
       6293.8800       1.0216300     0.028957002
       6294.9900       1.0336700     0.028900846
       6296.1000       1.0545200     0.028845387
       6297.2100       1.0540700     0.028790787
       6298.3200       1.0392100     0.028736947
       6299.4300       1.0460800     0.028683742
       6300.5400       1.0408600     0.028631071
       6301.6500       1.1160100     0.028579103
       6302.7600       1.1185400     0.028527531
       6303.8700       1.0534300     0.028476793
       6304.9800       1.0743500     0.028426417
       6306.0900       1.0560000     0.028376516
       6307.2000       1.0700000     0.028327283
       6308.3100       1.0727500     0.028278519
       6309.4200       1.0704200     0.028230242
       6310.5300       1.0806100     0.028182445
       6311.6400       1.0502100     0.028135299
       6312.7500       1.0138200     0.028088646
       6313.8600       1.0434000     0.028042554
       6314.9700       1.0419800     0.027996891
       6316.0800       1.0872700     0.027951833
       6317.1900       1.1459300     0.027907291
       6318.3000       1.0529400     0.027863314
       6319.4000       1.0495600     0.027820240
       6320.5100       1.1325300     0.027777164
       6321.6200       1.0892900     0.027734752
       6322.7300       1.0211700     0.027692878
       6323.8400       1.0568800     0.027651461
       6324.9500       1.0704500     0.027610636
       6326.0600       1.0729700     0.027570211
       6327.1700       1.0511100     0.027530383
       6328.2800      0.99730600     0.027491183
       6329.3900      0.99481500     0.027452468
       6330.5000      0.98416100     0.027414358
       6331.6100       1.0112000     0.027376812
       6332.7200       1.0533300     0.027339884
       6333.8300       1.0229000     0.027303438
       6334.9400       1.0175200     0.027267743
       6336.0500      0.99779500     0.027232716
       6337.1600      0.93629100     0.027198293
       6338.2700      0.98724000     0.027164769
       6339.3800      0.99072300     0.027132203
       6340.4900      0.98186800     0.027100611
       6341.6000       1.0281500     0.027070247
       6342.7100       1.0181700     0.027041108
       6343.8200       1.0583100     0.027013388
       6344.9300       1.0533100     0.026987036
       6346.0400       1.0570500     0.026962064
       6347.1500       1.1014400     0.026938489
       6348.2600       1.1132700     0.026915943
       6349.3700       1.0628300     0.026894416
       6350.4700       1.0357500     0.026874149
       6351.5800       1.0473900     0.026854475
       6352.6900       1.0711600     0.026835746
       6353.8000       1.0272200     0.026818198
       6354.9100      0.97663500     0.026801921
       6356.0200      0.96415500     0.026787031
       6357.1300      0.99743500     0.026773837
       6358.2400      0.98898100     0.026762338
       6359.3500      0.99207400     0.026752576
       6360.4600       1.0000000     0.026744410
       6361.5700      0.99939800     0.026737255
       6362.6800      0.98239800     0.026730634
       6363.7900       1.0332600     0.026723777
       6364.9000       1.0518000     0.026715691
       6366.0100       1.0227700     0.026705826
       6367.1200      0.97811700     0.026693679
       6368.2300       1.0244800     0.026678747
       6369.3400       1.0813800     0.026660919
       6370.4500       1.0455300     0.026640380
       6371.5600       1.0001400     0.026617471
       6372.6700       1.0199100     0.026592788
       6373.7800       1.0508600     0.026566868
       6374.8900       1.0409700     0.026540164
       6376.0000       1.0648700     0.026513056
       6377.1100       1.0231900     0.026485920
       6378.2200      0.99893900     0.026458916
       6379.3300       1.0013400     0.026432055
       6380.4300       1.0397300     0.026405690
       6381.5400       1.0757300     0.026378866
       6382.6500       1.0621600     0.026351537
       6383.7600       1.0295500     0.026323654
       6384.8700       1.0236100     0.026294802
       6385.9800       1.0666000     0.026265132
       6387.0900       1.0618800     0.026234784
       6388.2000       1.0226800     0.026204479
       6389.3100       1.0166100     0.026174638
       6390.4200       1.0671500     0.026146361
       6391.5300       1.0280500     0.026120435
       6392.6400       1.0100200     0.026097685
       6393.7500       1.0617200     0.026078846
       6394.8600       1.0613900     0.026064633
       6395.9700       1.0242200     0.026055553
       6397.0800       1.0014300     0.026051650
       6398.1900      0.97780000     0.026052934
       6399.3000       1.0267600     0.026059129
       6400.4100       1.0535500     0.026069429
       6401.5200       1.0207400     0.026082645
       6402.6300       1.0191700     0.026097302
       6403.7400       1.0084300     0.026111272
       6404.8500       1.0051200     0.026122664
       6405.9600      0.99462700     0.026129375
       6407.0700       1.0161400     0.026130048
       6408.1800       1.0092600     0.026124025
       6409.2900       1.0506700     0.026111084
       6410.3900       1.0597400     0.026092304
       6411.5000       1.0748700     0.026068650
       6412.6100       1.0793700     0.026042245
       6413.7200       1.0805000     0.026015045
       6414.8300       1.0903100     0.025988919
       6415.9400       1.0538300     0.025965221
       6417.0500       1.0950800     0.025945032
       6418.1600       1.0665900     0.025928770
       6419.2700       1.0676200     0.025916486
       6420.3800       1.0444600     0.025907775
       6421.4900       1.0399600     0.025902017
       6422.6000       1.0735500     0.025898520
       6423.7100       1.0902200     0.025896845
       6424.8200       1.0887200     0.025896366
       6425.9300       1.0784400     0.025897158
       6427.0400       1.1178600     0.025899243
       6428.1500       1.0863100     0.025902690
       6429.2600       1.0675500     0.025907748
       6430.3700       1.1031700     0.025914529
       6431.4800       1.0613300     0.025922881
       6432.5900       1.0407500     0.025932462
       6433.7000       1.0855500     0.025942711
       6434.8100       1.0326500     0.025953197
       6435.9200       1.0168400     0.025963281
       6437.0300       1.0345200     0.025972505
       6438.1400       1.0162400     0.025980571
       6439.2500      0.98205600     0.025987435
       6440.3500      0.95697300     0.025992922
       6441.4600      0.98246200     0.025997406
       6442.5700      0.99327000     0.026001276
       6443.6800      0.95311100     0.026004514
       6444.7900      0.93183700     0.026007702
       6445.9000      0.96571600     0.026011062
       6447.0100       1.0013100     0.026014814
       6448.1200       1.0042500     0.026019025
       6449.2300       1.0268500     0.026023764
       6450.3400       1.0813100     0.026028848
       6451.4500       1.0999500     0.026034179
       6452.5600       1.1322000     0.026039612
       6453.6700       1.0616200     0.026045070
       6454.7800       1.0991100     0.026050564
       6455.8900       1.1603000     0.026056130
       6457.0000       1.1716300     0.026061964
       6458.1100       1.1103600     0.026068056
       6459.2200       1.0928300     0.026074364
       6460.3300       1.0876500     0.026080962
       6461.4400       1.0937000     0.026087778
       6462.5500       1.0920300     0.026094379
       6463.6600       1.0638000     0.026100823
       6464.7700       1.1224000     0.026106878
       6465.8800       1.1057800     0.026112805
       6466.9900       1.0594400     0.026118831
       6468.1000       1.0701500     0.026125098
       6469.2100       1.0717300     0.026132015
       6470.3100       1.0474000     0.026139623
       6471.4200       1.0049000     0.026148118
       6472.5300       1.0203500     0.026157433
       6473.6400       1.0703500     0.026167456
       6474.7500       1.0307100     0.026177932
       6475.8600       1.0783400     0.026188692
       6476.9700       1.0677000     0.026199754
       6478.0800       1.0514300     0.026211115
       6479.1900       1.0013500     0.026222848
       6480.3000      0.94597700     0.026235119
       6481.4100      0.97571700     0.026248189
       6482.5200      0.95357900     0.026262302
       6483.6300      0.91190600     0.026277449
       6484.7400      0.95946400     0.026293651
       6485.8500       1.0089200     0.026310880
       6486.9600       1.0300000     0.026329013
       6488.0700      0.97287100     0.026347671
       6489.1800      0.97323100     0.026367029
       6490.2900       1.0218800     0.026386729
       6491.4000       1.0410700     0.026406725
       6492.5100       1.0251900     0.026426960
       6493.6200       1.0518800     0.026447444
       6494.7300       1.0640100     0.026468186
       6495.8400       1.0174600     0.026489103
       6496.9500       1.0446300     0.026510182
       6498.0600       1.0339400     0.026531558
       6499.1700       1.0071600     0.026553105
       6500.2700       1.0606100     0.026574562
       6501.3800       1.0366300     0.026596466
       6502.4900       1.0543000     0.026618599
       6503.6000       1.0346900     0.026640804
       6504.7100      0.96710500     0.026663306
       6505.8200       1.0019200     0.026685985
       6506.9300       1.0631500     0.026708853
       6508.0400       1.0733000     0.026731941
       6509.1500       1.0473700     0.026755359
       6510.2600       1.0391300     0.026778969
       6511.3700       1.1209000     0.026802849
       6512.4800       1.1024200     0.026826895
       6513.5900       1.0907000     0.026851236
       6514.7000       1.0785500     0.026875855
       6515.8100       1.0616500     0.026900718
       6516.9200       1.1199400     0.026925879
       6518.0300       1.0763700     0.026951301
       6519.1400       1.1068100     0.026976869
       6520.2500       1.1035600     0.027002763
       6521.3600       1.0880500     0.027028922
       6522.4700       1.0881600     0.027055335
       6523.5800       1.0836500     0.027081964
       6524.6900       1.1351000     0.027108786
       6525.8000       1.1232800     0.027135972
       6526.9100       1.0525600     0.027163308
       6528.0200       1.0481100     0.027190874
       6529.1300       1.1060400     0.027218729
       6530.2300       1.1153900     0.027246454
       6531.3400       1.0503100     0.027274713
       6532.4500       1.0606300     0.027303125
       6533.5600       1.0889400     0.027331814
       6534.6700       1.0936700     0.027360683
       6535.7800       1.1050800     0.027389777
       6536.8900       1.0656000     0.027419145
       6538.0000       1.1367800     0.027448719
       6539.1100       1.1570600     0.027478612
       6540.2200       1.0963000     0.027508663
       6541.3300       1.1251800     0.027538943
       6542.4400       1.1296200     0.027569379
       6543.5500       1.1275600     0.027600123
       6544.6600       1.0878800     0.027631234
       6545.7700       1.0695900     0.027662371
       6546.8800       1.1070000     0.027693743
       6547.9900       1.1146200     0.027725312
       6549.1000       1.1532500     0.027757136
       6550.2100       1.2722800     0.027789119
       6551.3200       1.3976200     0.027821310
       6552.4300       1.5281200     0.027853753
       6553.5400       1.7513300     0.027886349
       6554.6500       1.9165000     0.027919196
       6555.7600       2.0189200     0.027952160
       6556.8700       2.1419600     0.027985484
       6557.9800       2.2159100     0.028018788
       6559.0800       2.2499800     0.028052089
       6560.2000       2.3844000     0.028086257
       6561.3000       2.4373400     0.028119909
       6562.4100       2.5243200     0.028154019
       6563.5200       2.5273800     0.028188502
       6564.6300       2.4655100     0.028223060
       6565.7400       2.4080200     0.028257735
       6566.8500       2.3715500     0.028292691
       6567.9600       2.3864900     0.028327829
       6569.0700       2.3233200     0.028363151
       6570.1800       2.2424900     0.028398550
       6571.2900       2.1923500     0.028434188
       6572.4000       2.1147900     0.028470094
       6573.5100       1.9967700     0.028506040
       6574.6200       1.8779100     0.028542227
       6575.7300       1.8159900     0.028578615
       6576.8400       1.7262500     0.028615107
       6577.9500       1.7023800     0.028651812
       6579.0600       1.6890800     0.028688680
       6580.1700       1.5900900     0.028725614
       6581.2800       1.6283000     0.028762828
       6582.3900       1.6122100     0.028800172
       6583.5000       1.5483400     0.028837668
       6584.6100       1.4845900     0.028875331
       6585.7200       1.4608000     0.028913126
       6586.8300       1.3727600     0.028951204
       6587.9400       1.3633400     0.028989379
       6589.0500       1.3320400     0.029027735
       6590.1600       1.3130400     0.029066172
       6591.2600       1.2682800     0.029104459
       6592.3700       1.1902900     0.029143248
       6593.4800       1.1964000     0.029182196
       6594.5900       1.2335900     0.029221235
       6595.7000       1.1797300     0.029260401
       6596.8100       1.1177600     0.029299762
       6597.9200       1.1122400     0.029339230
       6599.0300       1.1250500     0.029378875
       6600.1400       1.1380300     0.029418608
       6601.2500       1.1148200     0.029458489
       6602.3600       1.1319100     0.029498559
       6603.4700       1.1605400     0.029538758
       6604.5800       1.1404100     0.029579049
       6605.6900       1.1232000     0.029619518
       6606.8000       1.1081500     0.029660142
       6607.9100       1.1267800     0.029700804
       6609.0200       1.1243700     0.029741608
       6610.1300       1.0945900     0.029782584
       6611.2400       1.0863500     0.029823777
       6612.3500       1.0733100     0.029864941
       6613.4600       1.0811400     0.029906262
       6614.5700       1.0544800     0.029947729
       6615.6800       1.0801800     0.029989289
       6616.7900       1.0505200     0.030031099
       6617.9000       1.0221200     0.030072904
       6619.0100       1.0351100     0.030114763
       6620.1200       1.0290300     0.030156852
       6621.2200       1.0634900     0.030198591
       6622.3300       1.0290200     0.030240793
       6623.4400      0.97383600     0.030283194
       6624.5500       1.0170500     0.030325682
       6625.6600       1.0355000     0.030368338
       6626.7700       1.0266900     0.030410966
       6627.8800      0.99320500     0.030453772
       6628.9900      0.95784600     0.030496649
       6630.1000      0.94829900     0.030539700
       6631.2100       1.0016300     0.030582767
       6632.3200      0.98730000     0.030625916
       6633.4300       1.0475600     0.030669084
       6634.5400       1.0028100     0.030712543
       6635.6500      0.99056800     0.030755968
       6636.7600      0.94722100     0.030799461
       6637.8700      0.98589300     0.030843072
       6638.9800      0.96205700     0.030886706
       6640.0900      0.92371100     0.030930517
       6641.2000      0.96505200     0.030974380
       6642.3100      0.99974400     0.031018365
       6643.4200      0.95349600     0.031062455
       6644.5300      0.98025600     0.031106479
       6645.6400      0.95755200     0.031150775
       6646.7500      0.99361500     0.031195099
       6647.8600      0.96046900     0.031239457
       6648.9700      0.90820700     0.031283782
       6650.0800      0.95279000     0.031328465
       6651.1800       1.0069700     0.031372582
       6652.2900      0.95624200     0.031417283
       6653.4000      0.95772300     0.031461998
       6654.5100      0.97727600     0.031506753
       6655.6200      0.98278100     0.031551626
       6656.7300      0.95886600     0.031596539
       6657.8400      0.96450700     0.031641595
       6658.9500      0.98056700     0.031686610
       6660.0600      0.98431600     0.031731753
       6661.1700      0.95366300     0.031776895
       6662.2800      0.91969400     0.031822148
       6663.3900      0.89682100     0.031867394
       6664.5000      0.92171600     0.031912697
       6665.6100      0.87094300     0.031958024
       6666.7200      0.92469300     0.032003515
       6667.8300      0.92502300     0.032048992
       6668.9400      0.97193000     0.032094450
       6670.0500      0.96585300     0.032139999
       6671.1600      0.92714400     0.032185529
       6672.2700      0.94108100     0.032231247
       6673.3800      0.95867600     0.032276895
       6674.4900      0.95686600     0.032322576
       6675.6000      0.92503200     0.032368444
       6676.7100      0.95685200     0.032414090
       6677.8200      0.95489500     0.032459915
       6678.9300      0.97166500     0.032505785
       6680.0400      0.92977200     0.032551722
       6681.1500      0.95358900     0.032597631
       6682.2500      0.93933200     0.032643214
       6683.3600      0.93963700     0.032689122
       6684.4700      0.90868000     0.032735166
       6685.5800      0.93795800     0.032781223
       6686.6900      0.97033300     0.032827309
       6687.8000      0.93556800     0.032873369
       6688.9100      0.91511300     0.032919462
       6690.0200      0.93493400     0.032965455
       6691.1300      0.92450200     0.033011591
       6692.2400      0.89889400     0.033057702
       6693.3500      0.90829800     0.033103839
       6694.4600      0.91305200     0.033150103
       6695.5700      0.94607100     0.033196203
       6696.6800      0.92764300     0.033242463
       6697.7900      0.91654700     0.033288603
       6698.9000      0.90701100     0.033334805
       6700.0100      0.91180600     0.033381020
       6701.1200      0.93819800     0.033427266
       6702.2300      0.91887800     0.033473527
       6703.3400      0.90857500     0.033519753
       6704.4500      0.86465400     0.033565908
       6705.5600      0.87535900     0.033612161
       6706.6700      0.93015200     0.033658372
       6707.7800      0.93823800     0.033704620
       6708.8900      0.87579700     0.033750882
       6710.0000      0.87044200     0.033797045
       6711.1000      0.94259500     0.033842892
       6712.2100      0.92986300     0.033889088
       6713.3200      0.89366100     0.033935193
       6714.4300      0.92377700     0.033981309
       6715.5400      0.93008600     0.034027397
       6716.6500      0.95951700     0.034073457
       6717.7600      0.92501700     0.034119586
       6718.8700      0.94730000     0.034165461
       6719.9800      0.89148900     0.034211505
       6721.0900      0.91937300     0.034257373
       6722.2000      0.91383700     0.034303320
       6723.3100      0.88029600     0.034349178
       6724.4200      0.89320700     0.034395074
       6725.5300      0.90361800     0.034440919
       6726.6400      0.90003300     0.034486888
       6727.7500      0.90750800     0.034532829
       6728.8600      0.93774800     0.034578855
       6729.9700      0.95251900     0.034625044
       6731.0800      0.91643900     0.034671794
       6732.1900      0.92181400     0.034719346
       6733.3000      0.91841700     0.034768417
       6734.4100      0.89493000     0.034820620
       6735.5200      0.90451400     0.034878109
       6736.6300      0.91795600     0.034943973
       6737.7400      0.88740500     0.035023555
       6738.8500      0.91210100     0.035124320
       6739.9600      0.86859800     0.035256032
       6741.0600      0.87295600     0.035429662
       6742.1700      0.83996300     0.035663232
       6743.2800      0.88322100     0.035972628
       6744.3900      0.90153700     0.036374240
       6745.5000      0.87453700     0.036883447
       6746.6100      0.90687700     0.037513208
       6747.7200      0.93162400     0.038268265
       6748.8300      0.93804600     0.039142462
       6749.9400      0.86672000     0.040115210
       6751.0500      0.89738100     0.041149368
       6752.1600      0.96700400     0.042190777
       6753.2700      0.94817500     0.043173558
       6754.3800      0.84628900     0.044026469
       6755.4900      0.87612400     0.044680992
       6756.6000      0.89882800     0.045087876
       6757.7100      0.88687800     0.045226948
       6758.8200      0.87986200     0.045110904
       6759.9300      0.88726600     0.044781758
       6761.0400      0.86795500     0.044300736
       6762.1500      0.85800500     0.043736777
       6763.2600      0.81269400     0.043152671
       6764.3700      0.87704800     0.042602957
       6765.4800      0.89909500     0.042127485
       6766.5900      0.88533100     0.041750519
       6767.7000      0.86123000     0.041482175
       6768.8100      0.84053100     0.041319649
       6769.9200      0.88498300     0.041250744
       6771.0200      0.91487100     0.041255409
       6772.1300      0.82765000     0.041312762
       6773.2400      0.83260700     0.041399858
       6774.3500      0.85756500     0.041494504
       6775.4600      0.83961700     0.041578403
       6776.5700      0.86629300     0.041638427
       6777.6800      0.87445200     0.041666754
       6778.7900      0.87797300     0.041660479
       6779.9000      0.85655400     0.041620941
       6781.0100      0.83189000     0.041551296
       6782.1200      0.83572000     0.041456824
       6783.2300      0.88089300     0.041343163
       6784.3400      0.87618800     0.041215894
       6785.4500      0.85459400     0.041079746
       6786.5600      0.85363800     0.040938534
       6787.6700      0.89730100     0.040795520
       6788.7800      0.90871700     0.040652629
       6789.8900      0.84833500     0.040511910
       6791.0000      0.90677000     0.040374634
       6792.1100      0.92445300     0.040241700
       6793.2200      0.91597000     0.040114155
       6794.3300      0.89873100     0.039992727
       6795.4400      0.86867200     0.039878250
       6796.5500      0.89786500     0.039771350
       6797.6600      0.89067000     0.039672678
       6798.7700      0.90685700     0.039583117
       6799.8800      0.90645400     0.039503010
       6800.9800      0.94517400     0.039433556
       6802.0900      0.89269200     0.039373808
       6803.2000      0.90566800     0.039324306
       6804.3100      0.86356800     0.039285142
       6805.4200      0.92733500     0.039255521
       6806.5300      0.93058100     0.039235066
       6807.6400      0.87922300     0.039222850
       6808.7500      0.92201100     0.039218323
       6809.8600      0.87995800     0.039220256
       6810.9700      0.87174300     0.039228008
       6812.0800      0.88904000     0.039241248
       6813.1900      0.89816200     0.039259204
       6814.3000      0.93350300     0.039282135
       6815.4100      0.86150200     0.039309688
       6816.5200      0.88708000     0.039342093
       6817.6300      0.91485900     0.039378540
       6818.7400      0.85941200     0.039418462
       6819.8500      0.86784100     0.039460416
       6820.9600      0.87167700     0.039502677
       6822.0700      0.88154400     0.039542798
       6823.1800      0.91230200     0.039578690
       6824.2900      0.85065500     0.039608679
       6825.4000      0.84577800     0.039631042
       6826.5100      0.88819900     0.039645851
       6827.6200      0.87371900     0.039653632
       6828.7300      0.90674700     0.039655646
       6829.8400      0.87892000     0.039653808
       6830.9400      0.91461600     0.039650760
       6832.0500      0.94046100     0.039648135
       6833.1600      0.90767600     0.039647724
       6834.2700      0.85051600     0.039650339
       6835.3800      0.89385600     0.039656037
       6836.4900      0.93792400     0.039663986
       6837.6000      0.88821400     0.039672300
       6838.7100      0.87934000     0.039678970
       6839.8200      0.86219000     0.039681583
       6840.9300      0.85555900     0.039677903
       6842.0400      0.85770000     0.039666491
       6843.1500      0.86587900     0.039646758
       6844.2600      0.84959300     0.039619128
       6845.3700      0.87268000     0.039585237
       6846.4800      0.87431300     0.039547491
       6847.5900      0.81987100     0.039508660
       6848.7000      0.86496400     0.039472154
       6849.8100      0.88964600     0.039440429
       6850.9200      0.86014500     0.039416005
       6852.0300      0.90027600     0.039400381
       6853.1400      0.87619000     0.039394422
       6854.2500      0.85209000     0.039398478
       6855.3600      0.81890300     0.039412186
       6856.4700      0.84309100     0.039435057
       6857.5800      0.90391100     0.039466234
       6858.6900      0.86725100     0.039505652
       6859.8000      0.88161300     0.039552655
       6860.9000      0.88317200     0.039606623
       6862.0100      0.89439900     0.039668149
       6863.1200      0.91816700     0.039736269
       6864.2300      0.86380500     0.039810442
       6865.3400      0.84302100     0.039889325
       6866.4500      0.86361600     0.039971323
       6867.5600      0.87524100     0.040054383
       6868.6700      0.82206400     0.040135942
       6869.7800      0.87781800     0.040213503
       6870.8900      0.87207200     0.040284768
       6872.0000      0.81455400     0.040348002
       6873.1100      0.82460200     0.040402132
       6874.2200      0.86476100     0.040447240
       6875.3300      0.83734200     0.040483758
       6876.4400      0.82209500     0.040513068
       6877.5500      0.85121900     0.040537022
       6878.6600      0.82067500     0.040557447
       6879.7700      0.79930400     0.040576200
       6880.8800      0.83668600     0.040594331
       6881.9900      0.84871000     0.040613210
       6883.1000      0.80820600     0.040632879
       6884.2100      0.85281700     0.040653552
       6885.3200      0.86918400     0.040674728
       6886.4300      0.83695300     0.040696145
       6887.5400      0.83705800     0.040717059
       6888.6500      0.85735400     0.040737574
       6889.7600      0.83789000     0.040757625
       6890.8600      0.83876900     0.040777277
       6891.9800      0.83186800     0.040797482
       6893.0800      0.83583200     0.040817896
       6894.1900      0.88763700     0.040839539
       6895.3000      0.84312900     0.040862065
       6896.4100      0.86657400     0.040885658
       6897.5200      0.92973200     0.040909922
       6898.6300      0.88037800     0.040934506
       6899.7400      0.87815900     0.040959010
       6900.8500      0.87132500     0.040982852
       6901.9600      0.86928600     0.041005597
       6903.0700      0.87696900     0.041026389
       6904.1800      0.85124300     0.041044337
       6905.2900      0.83416300     0.041058423
       6906.4000      0.89388400     0.041067839
       6907.5100      0.86872300     0.041071924
       6908.6200      0.83845800     0.041070695
       6909.7300      0.84582100     0.041064289
       6910.8400      0.90847200     0.041054257
       6911.9500      0.82278500     0.041042383
       6913.0600      0.83152200     0.041030638
       6914.1700      0.85002000     0.041021284
       6915.2800      0.85842900     0.041016051
       6916.3900      0.84614300     0.041015697
       6917.5000      0.85242000     0.041020074
       6918.6100      0.88824400     0.041028655
       6919.7200      0.85532800     0.041039979
       6920.8300      0.84117500     0.041052593
       6921.9300      0.82176200     0.041065373
       6923.0400      0.82004900     0.041077778
       6924.1500      0.86563400     0.041089478
       6925.2600      0.83791000     0.041100717
       6926.3700      0.85820100     0.041112335
       6927.4800      0.82777700     0.041125097
       6928.5900      0.85222800     0.041139474
       6929.7000      0.86603800     0.041155428
       6930.8100      0.85414100     0.041172554
       6931.9200      0.84552700     0.041189992
       6933.0300      0.83355500     0.041206802
       6934.1400      0.82149200     0.041222061
       6935.2500      0.86776300     0.041234723
       6936.3600      0.84311200     0.041244508
       6937.4700      0.83412200     0.041251202
       6938.5800      0.81713900     0.041255222
       6939.6900      0.83439000     0.041256881
       6940.8000      0.85497900     0.041256778
       6941.9100      0.83472700     0.041255278
       6943.0200      0.85412600     0.041253053
       6944.1300      0.80649100     0.041250253
       6945.2400      0.81672300     0.041247096
       6946.3500      0.77807400     0.041243865
       6947.4600      0.81258300     0.041240840
       6948.5700      0.84292900     0.041238220
       6949.6800      0.84835500     0.041236677
       6950.7900      0.83912700     0.041236143
       6951.8900      0.84863000     0.041236869
       6953.0000      0.81346500     0.041239321
       6954.1100      0.85087300     0.041243045
       6955.2200      0.82130200     0.041247555
       6956.3300      0.77663700     0.041252619
       6957.4400      0.79194600     0.041257465
       6958.5500      0.85115900     0.041261344
       6959.6600      0.82031300     0.041263857
       6960.7700      0.83740800     0.041264908
       6961.8800      0.82874900     0.041264150
       6962.9900      0.83861800     0.041262080
       6964.1000      0.84348700     0.041259037
       6965.2100      0.80132200     0.041255404
       6966.3200      0.83532000     0.041251714
       6967.4300      0.84009800     0.041248241
       6968.5400      0.88873100     0.041245337
       6969.6500      0.79980600     0.041242975
       6970.7600      0.80954000     0.041241268
       6971.8700      0.81792200     0.041240130
       6972.9800      0.80386000     0.041239614
       6974.0900      0.79665700     0.041239472
       6975.2000      0.82058800     0.041239622
       6976.3100      0.83954400     0.041239931
       6977.4200      0.80258200     0.041240374
       6978.5300      0.81462400     0.041240687
       6979.6400      0.80884900     0.041240755
       6980.7500      0.77342300     0.041240250
       6981.8500      0.82723800     0.041238829
       6982.9600      0.84711900     0.041236620
       6984.0700      0.78122600     0.041233305
       6985.1800      0.79607900     0.041228863
       6986.2900      0.78622600     0.041223197
       6987.4000      0.80317800     0.041216340
       6988.5100      0.77450300     0.041208654
       6989.6200      0.78662300     0.041200210
       6990.7300      0.79642500     0.041191320
       6991.8400      0.79996600     0.041182174
       6992.9500      0.78912600     0.041172826
       6994.0600      0.78155900     0.041163944
       6995.1700      0.81786700     0.041155208
       6996.2800      0.81630300     0.041146918
       6997.3900      0.79103600     0.041139310
       6998.5000      0.78599400     0.041132156
       6999.6100      0.82583800     0.041125595
       7000.7200      0.84977200     0.041119389
       7001.8300      0.85798500     0.041113816
       7002.9400      0.84583100     0.041108553
       7004.0500      0.84594300     0.041103665
       7005.1600      0.80506000     0.041098962
       7006.2700      0.84643500     0.041094285
       7007.3800      0.81992800     0.041089326
       7008.4900      0.82170900     0.041083809
       7009.6000      0.79780400     0.041077796
       7010.7100      0.80102600     0.041071178
       7011.8100      0.81508800     0.041063890
       7012.9200      0.87790100     0.041056030
       7014.0300      0.83902700     0.041047974
       7015.1400      0.78122400     0.041039819
       7016.2500      0.80365200     0.041032207
       7017.3600      0.80744900     0.041025385
       7018.4700      0.81674400     0.041019458
       7019.5800      0.83350200     0.041014882
       7020.6900      0.80039100     0.041011659
       7021.8000      0.76131000     0.041009593
       7022.9100      0.81089900     0.041008321
       7024.0200      0.80758900     0.041007935
       7025.1300      0.81859000     0.041007626
       7026.2400      0.83559400     0.041007340
       7027.3500      0.77381500     0.041006471
       7028.4600      0.77406500     0.041005212
       7029.5700      0.79187300     0.041004012
       7030.6800      0.84593800     0.041003665
       7031.7900      0.77192900     0.041005475
       7032.9000      0.74545200     0.041011176
       7034.0100      0.76925100     0.041023545
       7035.1200      0.81930800     0.041045646
       7036.2300      0.81361100     0.041080309
       7037.3400      0.81116800     0.041131648
       7038.4500      0.77789600     0.041202097
       7039.5600      0.79030500     0.041294603
       7040.6700      0.77921600     0.041411925
       7041.7700      0.83356100     0.041553421
       7042.8800      0.79786200     0.041721299
       7043.9900      0.81284700     0.041912985
       7045.1000      0.82360300     0.042124974
       7046.2100      0.80818200     0.042352330
       7047.3200      0.78440700     0.042588882
       7048.4300      0.75971700     0.042828416
       7049.5400      0.77955400     0.043064155
       7050.6500      0.74413100     0.043289627
       7051.7600      0.78192700     0.043500503
       7052.8700      0.77726200     0.043693736
       7053.9800      0.75770800     0.043869077
       7055.0900      0.79459900     0.044028017
       7056.2000      0.80331700     0.044173640
       7057.3100      0.83759500     0.044309642
       7058.4200      0.76296200     0.044439155
       7059.5300      0.78229900     0.044564263
       7060.6400      0.82012300     0.044684691
       7061.7500      0.80254700     0.044797996
       7062.8600      0.80151900     0.044899309
       7063.9700      0.80080100     0.044983194
       7065.0800      0.81280700     0.045043839
       7066.1900      0.80530200     0.045076290
       7067.3000      0.73867200     0.045077942
       7068.4100      0.75933700     0.045049246
       7069.5200      0.80480300     0.044992942
       7070.6300      0.79672000     0.044913876
       7071.7300      0.83207200     0.044818683
       7072.8400      0.82680800     0.044711698
       7073.9500      0.80787000     0.044597734
       7075.0600      0.79530500     0.044478886
       7076.1700      0.76113900     0.044354347
       7077.2800      0.76962100     0.044221269
       7078.3900      0.78052700     0.044074668
       7079.5000      0.79486600     0.043908183
       7080.6100      0.74735400     0.043715894
       7081.7200      0.73491300     0.043493387
       7082.8300      0.77470700     0.043238411
       7083.9400      0.78474000     0.042951951
       7085.0500      0.77570200     0.042638347
       7086.1600      0.75583700     0.042305280
       7087.2700      0.75484100     0.041962553
       7088.3800      0.72993500     0.041620793
       7089.4900      0.74354500     0.041291032
       7090.6000      0.77804700     0.040982162
       7091.7100      0.73476300     0.040701866
       7092.8200      0.76976600     0.040455520
       7093.9300      0.78538900     0.040246255
       7095.0400      0.81694700     0.040075152
       7096.1500      0.82224600     0.039941695
       7097.2600      0.75986700     0.039844030
       7098.3700      0.72972600     0.039780641
       7099.4800      0.77817600     0.039748923
       7100.5900      0.78747900     0.039748062
       7101.6900      0.77726300     0.039776260
       7102.8000      0.76282300     0.039832870
       7103.9100      0.78395800     0.039916335
       7105.0200      0.75827700     0.040025012
       7106.1300      0.76063100     0.040155418
       7107.2400      0.74201100     0.040303057
       7108.3500      0.73649300     0.040461586
       7109.4600      0.80554500     0.040623892
       7110.5700      0.82941500     0.040781113
       7111.6800      0.79828900     0.040924432
       7112.7900      0.76857200     0.041045901
       7113.9000      0.75918700     0.041138999
       7115.0100      0.73312800     0.041199732
       7116.1200      0.73017500     0.041226778
       7117.2300      0.76636600     0.041220661
       7118.3400      0.79099800     0.041183637
       7119.4500      0.79077100     0.041119869
       7120.5600      0.74998200     0.041034551
       7121.6700      0.76668100     0.040933213
       7122.7800      0.77622800     0.040821036
       7123.8900      0.75766800     0.040702773
       7125.0000      0.75352300     0.040582009
       7126.1100      0.76702500     0.040460859
       7127.2200      0.72896800     0.040340944
       7128.3300      0.78011600     0.040222088
       7129.4400      0.79287100     0.040103701
       7130.5500      0.78482700     0.039984578
       7131.6600      0.74683100     0.039864074
       7132.7600      0.73654000     0.039743542
       7133.8700      0.74254600     0.039620886
       7134.9800      0.76044100     0.039499216
       7136.0900      0.74495500     0.039380289
       7137.2000      0.72821700     0.039266211
       7138.3100      0.75752100     0.039158466
       7139.4200      0.74946200     0.039058161
       7140.5300      0.72926300     0.038965799
       7141.6400      0.74908800     0.038881376
       7142.7500      0.77642500     0.038804938
       7143.8600      0.70988100     0.038736527
       7144.9700      0.73151400     0.038676098
       7146.0800      0.75760700     0.038623363
       7147.1900      0.75015600     0.038576737
       7148.3000      0.74144300     0.038533588
       7149.4100      0.77541000     0.038489897
       7150.5200      0.78080700     0.038440134
       7151.6300      0.73925700     0.038378272
       7152.7400      0.73903300     0.038298640
       7153.8500      0.80655200     0.038197076
       7154.9600      0.78951200     0.038072367
       7156.0700      0.73934500     0.037926924
       7157.1800      0.66492000     0.037765988
       7158.2900      0.73425500     0.037597537
       7159.4000      0.75104000     0.037430486
       7160.5100      0.77649500     0.037272993
       7161.6200      0.74315800     0.037131252
       7162.7200      0.79549900     0.037009319
       7163.8300      0.77193200     0.036905056
       7164.9400      0.76440300     0.036815677
       7166.0500      0.74595500     0.036735705
       7167.1600      0.73690800     0.036658386
       7168.2700      0.78016600     0.036577665
       7169.3800      0.73849500     0.036488839
       7170.4900      0.71483300     0.036389698
       7171.6000      0.73991400     0.036280368
       7172.7100      0.74723900     0.036163666
       7173.8200      0.73879900     0.036042990
       7174.9300      0.76272400     0.035922224
       7176.0400      0.76429800     0.035804271
       7177.1500      0.77093800     0.035690594
       7178.2600      0.75724400     0.035581373
       7179.3700      0.78108600     0.035474989
       7180.4800      0.77856700     0.035369385
       7181.5900      0.76827500     0.035261852
       7182.7000      0.73302500     0.035150123
       7183.8100      0.72690500     0.035032592
       7184.9200      0.76673800     0.034908352
       7186.0300      0.77400500     0.034777155
       7187.1400      0.77361700     0.034639135
       7188.2500      0.74862700     0.034494542
       7189.3600      0.76847100     0.034343890
       7190.4700      0.76212600     0.034186988
       7191.5800      0.78732900     0.034023592
       7192.6800      0.79456200     0.033855043
       7193.7900      0.82854400     0.033678534
       7194.9000      0.76236600     0.033496232
       7196.0100      0.77489600     0.033309323
       7197.1200      0.77299900     0.033119662
       7198.2300      0.72606100     0.032929592
       7199.3400      0.73910500     0.032742131
       7200.4500      0.79540500     0.032559730
       7201.5600      0.75043000     0.032384257
       7202.6700      0.78699600     0.032216930
       7203.7800      0.75101600     0.032058139
       7204.8900      0.75469600     0.031907009
       7206.0000      0.74231200     0.031762341
       7207.1100      0.74829100     0.031622079
       7208.2200      0.75524100     0.031484329
       7209.3300      0.74400000     0.031346996
       7210.4400      0.79314900     0.031209168
       7211.5500      0.79562900     0.031070077
       7212.6600      0.77776100     0.030930022
       7213.7700      0.80997100     0.030789846
       7214.8800      0.80603100     0.030650565
       7215.9900      0.82162900     0.030513469
       7217.1000      0.78917400     0.030379700
       7218.2100      0.80966300     0.030249742
       7219.3200      0.79969200     0.030123742
       7220.4300      0.77080600     0.030001057
       7221.5400      0.80462100     0.029881216
       7222.6500      0.79014300     0.029762851
       7223.7500      0.79923300     0.029645897
       7224.8600      0.78513200     0.029527380
       7225.9700      0.78272000     0.029407647
       7227.0800      0.77103200     0.029286432
       7228.1900      0.76957200     0.029163886
       7229.3000      0.79703600     0.029040369
       7230.4100      0.74820700     0.028916116
       7231.5200      0.73240700     0.028791635
       7232.6300      0.76010400     0.028667293
       7233.7400      0.74092100     0.028542929
       7234.8500      0.77130100     0.028418485
       7235.9600      0.73829900     0.028293335
       7237.0700      0.73058000     0.028167003
       7238.1800      0.73544200     0.028038641
       7239.2900      0.71638900     0.027907609
       7240.4000      0.73802900     0.027773433
       7241.5100      0.74936400     0.027635558
       7242.6200      0.73302400     0.027493697
       7243.7300      0.76316600     0.027348189
       7244.8400      0.77120100     0.027199299
       7245.9500      0.73308400     0.027047720
       7247.0600      0.74338200     0.026894146
       7248.1700      0.75183800     0.026739328
       7249.2800      0.74779300     0.026584299
       7250.3900      0.75361100     0.026429819
       7251.5000      0.77718600     0.026276505
       7252.6000      0.74239800     0.026126230
       7253.7100      0.74069100     0.025976297
       7254.8200      0.72665200     0.025827881
       7255.9300      0.74320900     0.025680733
       7257.0400      0.74097100     0.025534407
       7258.1500      0.78472000     0.025388526
       7259.2600      0.76734800     0.025242500
       7260.3700      0.77045900     0.025096021
       7261.4800      0.78326300     0.024948678
       7262.5900      0.73201900     0.024800403
       7263.7000      0.74323200     0.024650923
       7264.8100      0.79644000     0.024500200
       7265.9200      0.77891700     0.024348053
       7267.0300      0.76477400     0.024194404
       7268.1400      0.81952800     0.024039135
       7269.2500      0.78248400     0.023882070
       7270.3600      0.76977100     0.023723253
       7271.4700      0.78901400     0.023562597
       7272.5800      0.81886600     0.023400519
       7273.6900      0.78654300     0.023237031
       7274.8000      0.76697600     0.023072517
       7275.9100      0.78848800     0.022907439
       7277.0200      0.79863100     0.022742244
       7278.1300      0.77335800     0.022577034
       7279.2400      0.75248700     0.022412225
       7280.3500      0.78615200     0.022247809
       7281.4600      0.76950500     0.022083754
       7282.5600      0.78419400     0.021921536
       7283.6700      0.80466100     0.021757957
       7284.7800      0.81930500     0.021594275
       7285.8900      0.78607200     0.021430239
       7287.0000      0.76497400     0.021265622
       7288.1100      0.77569000     0.021100374
       7289.2200      0.75885400     0.020934442
       7290.3300      0.75447600     0.020767691
       7291.4400      0.74324800     0.020600236
       7292.5500      0.77107600     0.020432089
       7293.6600      0.78422300     0.020263191
       7294.7700      0.73196800     0.020093752
       7295.8800      0.74629400     0.019923594
       7296.9900      0.78052100     0.019752592
       7298.1000      0.79936200     0.019580623
       7299.2100      0.77277400     0.019407778
       7300.3200      0.77403800     0.019233957
       7301.4300      0.80302900     0.019059075
       7302.5400      0.79547700     0.018883162
       7303.6500      0.82226200     0.018706392
       7304.7600      0.81068200     0.018528766
       7305.8700      0.79754100     0.018350414
       7306.9800      0.78111500     0.018171454
       7308.0900      0.76545800     0.017991958
       7309.2000      0.77109100     0.017811997
       7310.3100      0.80956100     0.017631510
       7311.4200      0.82726300     0.017450473
       7312.5200      0.80161800     0.017270494
       7313.6300      0.81254900     0.017088199
       7314.7400      0.77510600     0.016949972
       7315.8500      0.77710700     0.016949170
       7316.9600      0.76462800     0.016948317
       7318.0700      0.79079800     0.016947430
       7319.1800      0.81963700     0.016946437
       7320.2900      0.81230600     0.016945404
       7321.4000      0.77041400     0.016944354
       7322.5100      0.76236600     0.016943404
       7323.6200      0.80125900     0.016942448
       7324.7300      0.83582800     0.016941544
       7325.8400      0.78388500     0.016940833
       7326.9500      0.75877400     0.016940208
       7328.0600      0.79391000     0.016939731
       7329.1700      0.79031800     0.016939326
       7330.2800      0.77326500     0.016938998
       7331.3900      0.77533400     0.016938762
       7332.5000      0.80122100     0.016938593
       7333.6100      0.78485800     0.016938459
       7334.7200      0.78574200     0.016938347
       7335.8300      0.74190900     0.016938288
       7336.9400      0.74024100     0.016938194
       7338.0500      0.76362400     0.016938204
       7339.1600      0.75592000     0.016938157
       7340.2700      0.73530300     0.016938115
       7341.3800      0.73056600     0.016938137
       7342.4900      0.75857000     0.016938127
       7343.5900      0.77435900     0.016938155
       7344.7000      0.77056400     0.016938141
       7345.8100      0.75571100     0.016938131
       7346.9200      0.80695100     0.016938119
       7348.0300      0.77378900     0.016938183
       7349.1400      0.75640600     0.016938171
       7350.2500      0.79058100     0.016938212
       7351.3600      0.82238100     0.016938234
       7352.4700      0.76892500     0.016938242
       7353.5800      0.76592300     0.016938256
       7354.6900      0.81420400     0.016938297
       7355.8000      0.77574000     0.016938279
       7356.9100      0.77546500     0.016938262
       7358.0200      0.75851400     0.016938271
       7359.1300      0.76261000     0.016938245
       7360.2400      0.77886300     0.016938260
       7361.3500      0.75320500     0.016938240
       7362.4600      0.73827100     0.016938173
       7363.5700      0.76829400     0.016938228
       7364.6800      0.78465200     0.016938187
       7365.7900      0.74823900     0.016938159
       7366.9000      0.73256700     0.016938173
       7368.0100      0.75877300     0.016938202
       7369.1200      0.76238900     0.016938145
       7370.2300      0.77751600     0.016938157
       7371.3400      0.73211600     0.016938224
       7372.4500      0.71629500     0.016938194
       7373.5500      0.70582800     0.016938216
       7374.6600      0.72223300     0.016938226
       7375.7700      0.70886500     0.016938194
       7376.8800      0.72214200     0.016938247
       7377.9900      0.75019300     0.016938240
       7379.1000      0.72582800     0.016938308
       7380.2100      0.77157700     0.016938308
       7381.3200      0.75023200     0.016938351
       7382.4300      0.72913600     0.016938416
       7383.5400      0.74149400     0.016938362
       7384.6500      0.73538800     0.016938390
       7385.7600      0.72013000     0.016938388
       7386.8700      0.74832100     0.016938372
       7387.9800      0.75651900     0.016938351
       7389.0900      0.70984500     0.016938309
       7390.2000      0.75228800     0.016938316
       7391.3100      0.74141300     0.016938291
       7392.4200      0.73715900     0.016938226
       7393.5300      0.72629200     0.016938206
       7394.6400      0.76360500     0.016938190
       7395.7500      0.72243200     0.016938147
       7396.8600      0.74562600     0.016938083
       7397.9700      0.74073100     0.016938119
       7399.0800      0.73861200     0.016938083
       7400.1900      0.69430500     0.016938107
       7401.3000      0.71527500     0.016938115
       7402.4000      0.71500100     0.016938101
       7403.5100      0.71368900     0.016938099
       7404.6200      0.72013300     0.016938101
       7405.7300      0.68881200     0.016938093
       7406.8400      0.72513600     0.016938145
       7407.9500      0.74303400     0.016938151
       7409.0600      0.69747500     0.016938159
       7410.1700      0.71154600     0.016938234
       7411.2800      0.74805500     0.016938240
       7412.3900      0.70280700     0.016938234
       7413.5000      0.67710200     0.016938288
       7414.6100      0.74604600     0.016938326
       7415.7200      0.71682900     0.016938307
       7416.8300      0.68666400     0.016938324
       7417.9400      0.72329100     0.016938302
       7419.0500      0.76635300     0.016938320
       7420.1600      0.75196900     0.016938317
       7421.2700      0.70205000     0.016938348
       7422.3800      0.68865900     0.016938335
       7423.4900      0.70262200     0.016938358
       7424.6000      0.68237100     0.016938389
       7425.7100      0.70714500     0.016938371
       7426.8200      0.67641500     0.016938432
       7427.9300      0.69457000     0.016938555
       7429.0400      0.73560500     0.016938641
       7430.1500      0.70551400     0.016938754
       7431.2600      0.75167700     0.016938970
       7432.3600      0.75652900     0.016939260
       7433.4800      0.69934600     0.016939582
       7434.5800      0.66137100     0.016939997
       7435.6900      0.67858700     0.016940459
       7436.8000      0.67145100     0.016940952
       7437.9100      0.67422600     0.016941587
       7439.0200      0.65791800     0.016942347
       7440.1300      0.66954400     0.016943204
       7441.2400      0.66941800     0.016944193
       7442.3500      0.66645300     0.016945453
       7443.4600      0.66671400     0.016947109
