# data from http://adsabs.harvard.edu/abs/2013A%26A...555A..10T
# original filename = SN05kj_b01_DUP_WF_24mar06.txt
# via WISEREP
# de-redshifted assuming z=    0.0170000
# flux divided by   1.61413e-16
# observation JD =        2453818.5
# phase in rest-frame days relative to JD =        2453692.0
# type is SNIIn
# phase is       124.400
# WARNING: fake error spectrum!

       3736.4800      0.24422300      0.12891960
       3739.4700      0.26881000      0.12893643
       3742.4600      0.29374400      0.12895292
       3745.4500      0.43043900      0.12896908
       3748.4400      0.36760000      0.12898491
       3751.4300      0.27984600      0.12900039
       3754.4200      0.28081300      0.12901554
       3757.4100      0.36034900      0.12903036
       3760.4000      0.34336100      0.12904484
       3763.4000      0.34577300      0.12905903
       3766.3900      0.36630800      0.12907285
       3769.3800      0.54334900      0.12908633
       3772.3700      0.67482600      0.12909948
       3775.3600      0.67547600      0.12911229
       3778.3500      0.58411100      0.12912478
       3781.3400      0.56279900      0.12913693
       3784.3300      0.63395500      0.12914876
       3787.3200      0.50559100      0.12916025
       3790.3100      0.44777100      0.12917141
       3793.3000      0.50708400      0.12918225
       3796.2900      0.73694100      0.12919276
       3799.2800      0.74594900      0.12920294
       3802.2700      0.57723100      0.12921279
       3805.2600      0.45038900      0.12922232
       3808.2500      0.34084600      0.12923151
       3811.2400      0.45706800      0.12924039
       3814.2300      0.43231700      0.12924894
       3817.2300      0.46205000      0.12925719
       3820.2200      0.32885000      0.12926508
       3823.2100      0.42942000      0.12927266
       3826.2000      0.34701400      0.12927991
       3829.1900      0.41006000      0.12928684
       3832.1800      0.49822200      0.12929344
       3835.1700      0.72087000      0.12929973
       3838.1600      0.64123500      0.12930569
       3841.1500      0.71425200      0.12931133
       3844.1400      0.65632200      0.12931665
       3847.1300      0.66913500      0.12932166
       3850.1200      0.51512900      0.12932634
       3853.1100      0.69079500      0.12933070
       3856.1000      0.79671800      0.12933475
       3859.0900      0.88141500      0.12933848
       3862.0800      0.74891100      0.12934189
       3865.0700      0.77247400      0.12934498
       3868.0700      0.58855800      0.12934777
       3871.0600      0.63638300      0.12935023
       3874.0500      0.68870800      0.12935237
       3877.0400      0.54345600      0.12935420
       3880.0300      0.45367900      0.12935572
       3883.0200      0.47640400      0.12935692
       3886.0100      0.63534700      0.12935781
       3889.0000      0.60602400      0.12935839
       3891.9900      0.60835000      0.12935865
       3894.9800      0.59628500      0.12935861
       3897.9700      0.81092500      0.12935825
       3900.9600      0.84777000      0.12935758
       3903.9500      0.66374100      0.12935660
       3906.9400      0.59744100      0.12935531
       3909.9300      0.63583400      0.12935371
       3912.9200      0.67131900      0.12935180
       3915.9100      0.59150200      0.12934959
       3918.9000      0.54987900      0.12934706
       3921.9000      0.37762800      0.12934422
       3924.8900      0.33799800      0.12934109
       3927.8800      0.40772800      0.12933764
       3930.8700      0.58065100      0.12933389
       3933.8600      0.66458400      0.12932984
       3936.8500      0.71396300      0.12932548
       3939.8400      0.69179500      0.12932081
       3942.8300      0.72909800      0.12931584
       3945.8200      0.62909100      0.12931057
       3948.8100      0.57890400      0.12930500
       3951.8000      0.52989600      0.12929912
       3954.7900      0.42807400      0.12929295
       3957.7800      0.37412000      0.12928647
       3960.7700      0.40421000      0.12927969
       3963.7600      0.50109500      0.12927261
       3966.7500      0.66448000      0.12926523
       3969.7400      0.71049300      0.12925755
       3972.7400      0.76186400      0.12924955
       3975.7300      0.74927900      0.12924127
       3978.7200      0.74741600      0.12923270
       3981.7100      0.71358000      0.12922382
       3984.7000      0.76355200      0.12921466
       3987.6900      0.71960000      0.12920519
       3990.6800      0.73382900      0.12919543
       3993.6700      0.75150200      0.12918538
       3996.6600      0.85879000      0.12917503
       3999.6500      0.88349600      0.12916438
       4002.6400      0.87054700      0.12915345
       4005.6300      0.75867200      0.12914222
       4008.6200      0.89310000      0.12913069
       4011.6100      0.83823400      0.12911888
       4014.6000      0.66828100      0.12910677
       4017.5900      0.72839300      0.12909437
       4020.5800      0.63674600      0.12908168
       4023.5700      0.66027400      0.12906871
       4026.5700      0.72956500      0.12905539
       4029.5600      0.82668300      0.12904183
       4032.5500      0.82583100      0.12902799
       4035.5400      0.71633100      0.12901385
       4038.5300      0.67852700      0.12899943
       4041.5200      0.70371300      0.12898472
       4044.5100      0.81325600      0.12896972
       4047.5000      0.95180600      0.12895444
       4050.4900       1.0042800      0.12893887
       4053.4800      0.94274400      0.12892302
       4056.4700      0.80275500      0.12890688
       4059.4600      0.74256400      0.12889046
       4062.4500      0.72561000      0.12887375
       4065.4400      0.59621400      0.12885676
       4068.4300      0.68331000      0.12883949
       4071.4200      0.83442500      0.12882194
       4074.4100       1.0394800      0.12880410
       4077.4100       1.0867500      0.12878592
       4080.4000       1.0707200      0.12876753
       4083.3900      0.91417600      0.12874885
       4086.3800      0.98814700      0.12872989
       4089.3700      0.87266800      0.12871065
       4092.3600      0.76279900      0.12869114
       4095.3500      0.84775700      0.12867134
       4098.3400       1.1389900      0.12865127
       4101.3300       1.2560400      0.12863093
       4104.3200       1.1718700      0.12861030
       4107.3100       1.2196500      0.12858940
       4110.3000       1.1038400      0.12856822
       4113.2900      0.94803500      0.12854677
       4116.2800      0.90328300      0.12852505
       4119.2700      0.83828800      0.12850305
       4122.2600      0.93587800      0.12848077
       4125.2500      0.86275300      0.12845823
       4128.2400      0.97080800      0.12843541
       4131.2400       1.0666000      0.12841224
       4134.2300      0.99248900      0.12838888
       4137.2200      0.82960800      0.12836524
       4140.2100      0.69615000      0.12834134
       4143.2000      0.83018800      0.12831716
       4146.1900      0.80423000      0.12829272
       4149.1800      0.76446300      0.12826800
       4152.1700      0.78920000      0.12824302
       4155.1600      0.78335800      0.12821777
       4158.1500      0.87307200      0.12819225
       4161.1400      0.90339400      0.12816647
       4164.1300      0.77554700      0.12814042
       4167.1200      0.63242300      0.12811410
       4170.1100      0.68475200      0.12808752
       4173.1000      0.81159200      0.12806067
       4176.0900      0.87879500      0.12803356
       4179.0800       1.0490100      0.12800618
       4182.0700       1.0911400      0.12797854
       4185.0700      0.99921100      0.12795054
       4188.0600      0.97046400      0.12792238
       4191.0500       1.0043200      0.12789395
       4194.0400      0.82118700      0.12786526
       4197.0300      0.73598200      0.12783631
       4200.0200      0.61170800      0.12780710
       4203.0100      0.57576900      0.12777762
       4206.0000      0.69510100      0.12774789
       4208.9900      0.90395600      0.12771790
       4211.9800      0.98767500      0.12768766
       4214.9700      0.90818800      0.12765715
       4217.9600      0.86228500      0.12762639
       4220.9500      0.75223900      0.12759537
       4223.9400      0.69344300      0.12756409
       4226.9300      0.76937400      0.12753255
       4229.9200      0.98460000      0.12750077
       4232.9100      0.93157600      0.12746872
       4235.9100      0.78908000      0.12743632
       4238.9000      0.74890800      0.12740376
       4241.8900      0.80193300      0.12737096
       4244.8800      0.91473000      0.12733790
       4247.8700      0.98683500      0.12730459
       4250.8600      0.99222500      0.12727102
       4253.8500       1.0553300      0.12723721
       4256.8400       1.1359200      0.12720314
       4259.8300      0.97167800      0.12716882
       4262.8200       1.0402200      0.12713426
       4265.8100      0.91097800      0.12709944
       4268.8000      0.86661400      0.12706438
       4271.7900      0.90410900      0.12702906
       4274.7800      0.92171300      0.12699350
       4277.7700      0.84597700      0.12695769
       4280.7600      0.71505000      0.12692164
       4283.7500      0.58742400      0.12688534
       4286.7500      0.60995800      0.12684867
       4289.7400      0.54158700      0.12681187
       4292.7300      0.53836800      0.12677483
       4295.7200      0.59565500      0.12673755
       4298.7100      0.56217000      0.12670002
       4301.7000      0.61439000      0.12666225
       4304.6900      0.60321700      0.12662424
       4307.6800      0.60243000      0.12658598
       4310.6700      0.61506100      0.12654748
       4313.6600      0.65939500      0.12650874
       4316.6500      0.76314200      0.12646976
       4319.6400      0.81855800      0.12643054
       4322.6300      0.84648200      0.12639108
       4325.6200      0.78748700      0.12635138
       4328.6100      0.71883200      0.12631144
       4331.6000      0.61973200      0.12627126
       4334.5900      0.79661400      0.12623085
       4337.5800       1.0363700      0.12619020
       4340.5800      0.95639800      0.12614917
       4343.5700      0.94621300      0.12610804
       4346.5600      0.88032300      0.12606668
       4349.5500      0.88562100      0.12602508
       4352.5400      0.98555400      0.12598325
       4355.5300       1.0536400      0.12594118
       4358.5200      0.90721900      0.12589888
       4361.5100      0.75720200      0.12585635
       4364.5000      0.69965100      0.12581358
       4367.4900      0.73601300      0.12577058
       4370.4800      0.79129600      0.12572735
       4373.4700      0.82711900      0.12568389
       4376.4600      0.79709200      0.12564019
       4379.4500      0.77187200      0.12559627
       4382.4400      0.83104600      0.12555211
       4385.4300      0.74046300      0.12550773
       4388.4200      0.66507600      0.12546312
       4391.4200      0.70877200      0.12541813
       4394.4100      0.80674200      0.12537306
       4397.4000      0.88109600      0.12532776
       4400.3900       1.0821000      0.12528224
       4403.3800       1.0631000      0.12523649
       4406.3700      0.82049000      0.12519051
       4409.3600      0.79093800      0.12514431
       4412.3500      0.86044100      0.12509789
       4415.3400      0.99958200      0.12505124
       4418.3300       1.1640900      0.12500436
       4421.3200       1.2855200      0.12495727
       4424.3100       1.1844000      0.12490995
       4427.3000       1.0724800      0.12486241
       4430.2900      0.97032400      0.12481464
       4433.2800      0.82770800      0.12476666
       4436.2700      0.75935000      0.12471845
       4439.2600      0.83197200      0.12467002
       4442.2500      0.84807100      0.12462138
       4445.2500      0.94565100      0.12457235
       4448.2400      0.94169200      0.12452326
       4451.2300      0.93698100      0.12447396
       4454.2200      0.90073500      0.12442444
       4457.2100      0.80576200      0.12437470
       4460.2000      0.77984200      0.12432475
       4463.1900      0.87418200      0.12427458
       4466.1800       1.1112600      0.12422419
       4469.1700       1.2694400      0.12417359
       4472.1600       1.1907500      0.12412277
       4475.1500       1.1409600      0.12407174
       4478.1400      0.97451400      0.12402049
       4481.1300      0.83978200      0.12396903
       4484.1200      0.78014500      0.12391736
       4487.1100      0.82324400      0.12386548
       4490.1000      0.85400200      0.12381338
       4493.0900      0.78463300      0.12376108
       4496.0800      0.91892400      0.12370856
       4499.0800      0.96073900      0.12365566
       4502.0700       1.0062900      0.12360272
       4505.0600      0.96042600      0.12354957
       4508.0500      0.90211800      0.12349621
       4511.0400      0.82474900      0.12344265
       4514.0300      0.81552300      0.12338888
       4517.0200      0.87926900      0.12333490
       4520.0100      0.87468700      0.12328071
       4523.0000      0.88713600      0.12322632
       4525.9900      0.83545000      0.12317172
       4528.9800      0.97914300      0.12311692
       4531.9700       1.0126500      0.12306191
       4534.9600      0.96488000      0.12300670
       4537.9500      0.80578400      0.12295128
       4540.9400      0.73587000      0.12289566
       4543.9300      0.74496600      0.12283984
       4546.9200      0.82712600      0.12278382
       4549.9200      0.85027900      0.12272740
       4552.9100      0.83114700      0.12267098
       4555.9000      0.80636400      0.12261435
       4558.8900      0.81946200      0.12255752
       4561.8800      0.83928800      0.12250049
       4564.8700      0.83668300      0.12244326
       4567.8600      0.83438500      0.12238584
       4570.8500      0.85344400      0.12232821
       4573.8400      0.85490200      0.12227039
       4576.8300      0.83247300      0.12221237
       4579.8200      0.96298800      0.12215416
       4582.8100       1.1762800      0.12209574
       4585.8000       1.3126200      0.12203714
       4588.7900       1.4281100      0.12197833
       4591.7800       1.4128400      0.12191934
       4594.7700       1.3605900      0.12186014
       4597.7600       1.3554700      0.12180076
       4600.7500       1.2247800      0.12174118
       4603.7500       1.1567900      0.12168121
       4606.7400       1.1126600      0.12162124
       4609.7300       1.0187100      0.12156109
       4612.7200       1.0436700      0.12150074
       4615.7100       1.0442900      0.12144020
       4618.7000       1.0452900      0.12137948
       4621.6900       1.0243400      0.12131856
       4624.6800       1.1684400      0.12125745
       4627.6700       1.2914700      0.12119616
       4630.6600       1.4064200      0.12113467
       4633.6500       1.4187300      0.12107300
       4636.6400       1.3915400      0.12101115
       4639.6300       1.3620100      0.12094910
       4642.6200       1.3179000      0.12088687
       4645.6100       1.2289000      0.12082445
       4648.6000       1.1641300      0.12076185
       4651.5900       1.1556600      0.12069906
       4654.5800       1.1729200      0.12063609
       4657.5800       1.1199700      0.12057273
       4660.5700       1.1859600      0.12050939
       4663.5600       1.2268800      0.12044587
       4666.5500       1.2571700      0.12038217
       4669.5400       1.2529900      0.12031828
       4672.5300       1.2594900      0.12025422
       4675.5200       1.2097400      0.12018997
       4678.5100       1.4046800      0.12012555
       4681.5000       1.4186900      0.12006094
       4684.4900       1.4168800      0.11999616
       4687.4800       1.4339400      0.11993119
       4690.4700       1.3261700      0.11986605
       4693.4600       1.3081900      0.11980073
       4696.4500       1.3944600      0.11973524
       4699.4400       1.3645000      0.11966956
       4702.4300       1.2947900      0.11960371
       4705.4200       1.3722400      0.11953769
       4708.4200       1.4359900      0.11947127
       4711.4100       1.3414900      0.11940489
       4714.4000       1.3592500      0.11933835
       4717.3900       1.3008800      0.11927162
       4720.3800       1.2054900      0.11920473
       4723.3700       1.2490100      0.11913766
       4726.3600       1.3200300      0.11907042
       4729.3500       1.3376200      0.11900301
       4732.3400       1.4458300      0.11893543
       4735.3300       1.4991000      0.11886767
       4738.3200       1.5066900      0.11879975
       4741.3100       1.4218500      0.11873166
       4744.3000       1.3376700      0.11866339
       4747.2900       1.2874100      0.11859496
       4750.2800       1.2705900      0.11852637
       4753.2700       1.2894900      0.11845760
       4756.2600       1.1830700      0.11838867
       4759.2500       1.3566700      0.11831957
       4762.2500       1.4364200      0.11825007
       4765.2400       1.4063600      0.11818064
       4768.2300       1.2879800      0.11811104
       4771.2200       1.2017400      0.11804128
       4774.2100       1.1899900      0.11797135
       4777.2000       1.2554100      0.11790127
       4780.1900       1.3437400      0.11783101
       4783.1800       1.3162700      0.11776060
       4786.1700       1.4053300      0.11769002
       4789.1600       1.3603100      0.11761928
       4792.1500       1.2139400      0.11754839
       4795.1400       1.1638100      0.11747733
       4798.1300       1.1707600      0.11740611
       4801.1200       1.2798500      0.11733473
       4804.1100       1.3038600      0.11726319
       4807.1000       1.2474200      0.11719149
       4810.0900       1.2760500      0.11711964
       4813.0900       1.2234100      0.11704738
       4816.0800       1.2081500      0.11697522
       4819.0700       1.3081900      0.11690289
       4822.0600       1.4446500      0.11683041
       4825.0500       1.4468900      0.11675777
       4828.0400       1.4284600      0.11668498
       4831.0300       1.4160800      0.11661203
       4834.0200       1.2037400      0.11653893
       4837.0100       1.1584200      0.11646567
       4840.0000       1.0325600      0.11639227
       4842.9900      0.91379800      0.11631871
       4845.9800      0.86789500      0.11624499
       4848.9700      0.84338800      0.11617113
       4851.9600      0.98934500      0.11609712
       4854.9500       1.5115300      0.11602295
       4857.9400       1.8517800      0.11594864
       4860.9300       1.9922300      0.11587417
       4863.9300       1.8001100      0.11579931
       4866.9200       1.6411000      0.11572455
       4869.9100       1.2783600      0.11564964
       4872.9000       1.1916200      0.11557458
       4875.8900       1.1805700      0.11549938
       4878.8800       1.2698700      0.11542402
       4881.8700       1.2199800      0.11534853
       4884.8600       1.1962800      0.11527288
       4887.8500       1.1395900      0.11519710
       4890.8400       1.2374100      0.11512117
       4893.8300       1.2741900      0.11504509
       4896.8200       1.3809000      0.11496887
       4899.8100       1.4186800      0.11489251
       4902.8000       1.2559300      0.11481600
       4905.7900       1.1719100      0.11473936
       4908.7800       1.1263200      0.11466257
       4911.7700      0.94547500      0.11458564
       4914.7600      0.90042200      0.11450857
       4917.7600       1.1068400      0.11443105
       4920.7500       1.3953200      0.11435540
       4923.7400       1.4829800      0.11427628
       4926.7300       1.4437700      0.11419671
       4929.7200       1.5210300      0.11411905
       4932.7100       1.5338700      0.11404182
       4935.7000       1.4920000      0.11396513
       4938.6900       1.4465000      0.11388728
       4941.6800       1.4334900      0.11380981
       4944.6700       1.3984000      0.11373178
       4947.6600       1.3587000      0.11365318
       4950.6500       1.3698300      0.11357450
       4953.6400       1.3346400      0.11349470
       4956.6300       1.3657700      0.11341352
       4959.6200       1.3749800      0.11333369
       4962.6100       1.3940200      0.11325511
       4965.6000       1.3827700      0.11317727
       4968.6000       1.3020100      0.11309879
       4971.5900       1.2159000      0.11301887
       4974.5800       1.2708600      0.11293807
       4977.5700       1.3221600      0.11285715
       4980.5600       1.3201400      0.11277823
       4983.5500       1.3785600      0.11269931
       4986.5400       1.4574900      0.11261892
       4989.5300       1.5192100      0.11253703
       4992.5200       1.2795000      0.11245426
       4995.5100       1.2833700      0.11237319
       4998.5000       1.1785900      0.11229360
       5001.4900       1.1381200      0.11221470
       5004.4800      0.96652600      0.11213447
       5007.4700      0.83003200      0.11205296
       5010.4600      0.93166100      0.11197054
       5013.4500       1.2377500      0.11188886
       5016.4400       1.4010200      0.11180742
       5019.4400       1.4015300      0.11172554
       5022.4300       1.4693900      0.11164412
       5025.4200       1.4654500      0.11156190
       5028.4100       1.4624000      0.11148054
       5031.4000       1.5251700      0.11139891
       5034.3900       1.5098300      0.11131705
       5037.3800       1.5104400      0.11123421
       5040.3700       1.4526400      0.11115041
       5043.3600       1.4259000      0.11106747
       5046.3500       1.4132100      0.11098422
       5049.3400       1.4529900      0.11090168
       5052.3300       1.5464800      0.11081969
       5055.3200       1.3770300      0.11073724
       5058.3100       1.3823200      0.11065336
       5061.3000       1.3189800      0.11056970
       5064.2900       1.3252100      0.11048683
       5067.2800       1.2698400      0.11040328
       5070.2700       1.2222700      0.11031870
       5073.2700       1.1690900      0.11023417
       5076.2600       1.1351300      0.11015126
       5079.2500       1.1895200      0.11006777
       5082.2400       1.3862500      0.10998285
       5085.2300       1.4352700      0.10989737
       5088.2200       1.4462000      0.10981355
       5091.2100       1.3699300      0.10973009
       5094.2000       1.3484100      0.10964562
       5097.1900       1.2992700      0.10956135
       5100.1800       1.3058500      0.10947688
       5103.1700       1.2414200      0.10939148
       5106.1600       1.1745100      0.10930540
       5109.1500       1.1392200      0.10921929
       5112.1400       1.1644300      0.10913484
       5115.1300       1.2269700      0.10905010
       5118.1200       1.2482000      0.10896520
       5121.1100       1.4126800      0.10888028
       5124.1000       1.3984300      0.10879383
       5127.1000       1.4422900      0.10870779
       5130.0900       1.5571700      0.10862176
       5133.0800       1.4741800      0.10853582
       5136.0700       1.4375700      0.10844982
       5139.0600       1.3772300      0.10836362
       5142.0500       1.3467400      0.10827712
       5145.0400       1.2480100      0.10819059
       5148.0300       1.1866200      0.10810378
       5151.0200       1.2483400      0.10801726
       5154.0100       1.0029600      0.10793119
       5157.0000      0.80924100      0.10784463
       5159.9900      0.79344400      0.10775808
       5162.9800       1.0361100      0.10767046
       5165.9700       1.2683200      0.10758301
       5168.9600       1.3473000      0.10749582
       5171.9500       1.2382500      0.10740841
       5174.9400       1.1053300      0.10732163
       5177.9300       1.0635500      0.10723450
       5180.9300       1.0693600      0.10714689
       5183.9200       1.1046200      0.10705920
       5186.9100      0.99930400      0.10697106
       5189.9000       1.0571800      0.10688303
       5192.8900       1.0967200      0.10679506
       5195.8800       1.1341600      0.10670784
       5198.8700       1.2566300      0.10661982
       5201.8600       1.3918300      0.10653094
       5204.8500       1.4975300      0.10644243
       5207.8400       1.4820100      0.10635374
       5210.8300       1.4538200      0.10626526
       5213.8200       1.4353000      0.10617681
       5216.8100       1.1879500      0.10608822
       5219.8000       1.1539100      0.10599882
       5222.7900       1.1389100      0.10591007
       5225.7800       1.1504100      0.10582122
       5228.7700       1.2790100      0.10573259
       5231.7700       1.3704800      0.10564325
       5234.7600       1.6088300      0.10555450
       5237.7500       1.5107700      0.10546536
       5240.7400       1.4855100      0.10537601
       5243.7300       1.3822000      0.10528619
       5246.7200       1.3464000      0.10519720
       5249.7100       1.2954900      0.10510750
       5252.7000       1.2122800      0.10501790
       5255.6900       1.2066700      0.10492778
       5258.6800       1.1127200      0.10483681
       5261.6700       1.0162100      0.10474706
       5264.6600       1.0194300      0.10465792
       5267.6500       1.1288900      0.10456788
       5270.6400       1.3280400      0.10447792
       5273.6300       1.3675400      0.10438713
       5276.6200       1.3862700      0.10429686
       5279.6100       1.4715000      0.10420626
       5282.6000       1.5274500      0.10411569
       5285.6000       1.5362800      0.10402478
       5288.5900       1.5766900      0.10393429
       5291.5800       1.5244300      0.10384366
       5294.5700       1.3627400      0.10375250
       5297.5600       1.2264900      0.10366125
       5300.5500       1.1430700      0.10357003
       5303.5400       1.1616600      0.10347913
       5306.5300       1.0531100      0.10338903
       5309.5200       1.1450800      0.10329888
       5312.5100       1.2782300      0.10320765
       5315.5000       1.3659700      0.10311523
       5318.4900       1.3537700      0.10302280
       5321.4800       1.2506600      0.10293031
       5324.4700       1.3097200      0.10283904
       5327.4600       1.2569600      0.10274855
       5330.4500       1.3393200      0.10265721
       5333.4400       1.3627100      0.10256558
       5336.4400       1.4232400      0.10247261
       5339.4300       1.4164600      0.10238032
       5342.4200       1.4614800      0.10228888
       5345.4100       1.3553800      0.10219742
       5348.4000       1.3253100      0.10210576
       5351.3900       1.2646900      0.10201335
       5354.3800       1.3139000      0.10192069
       5357.3700       1.4084900      0.10182794
       5360.3600       1.3687200      0.10173580
       5363.3500       1.3982200      0.10164409
       5366.3400       1.4877700      0.10155181
       5369.3300       1.4604500      0.10145918
       5372.3200       1.3830400      0.10136622
       5375.3100       1.4224700      0.10127267
       5378.3000       1.4972600      0.10117925
       5381.2900       1.4744900      0.10108627
       5384.2800       1.3762200      0.10099336
       5387.2700       1.3115300      0.10090117
       5390.2700       1.2945000      0.10080815
       5393.2600       1.2174000      0.10071563
       5396.2500       1.2720800      0.10062250
       5399.2400       1.3591500      0.10052937
       5402.2300       1.3731300      0.10043588
       5405.2200       1.3266000      0.10034303
       5408.2100       1.3359400      0.10024999
       5411.2000       1.3128200      0.10015628
       5414.1900       1.2670800      0.10006170
       5417.1800       1.3148000     0.099967470
       5420.1700       1.3386000     0.099873706
       5423.1600       1.3737500     0.099780779
       5426.1500       1.3720900     0.099687321
       5429.1400       1.4195700     0.099593370
       5432.1300       1.4760000     0.099499567
       5435.1200       1.5255600     0.099405676
       5438.1100       1.4633400     0.099312039
       5441.1100       1.3422700     0.099218238
       5444.1000       1.3377400     0.099124266
       5447.0900       1.3066900     0.099030126
       5450.0800       1.4050500     0.098935988
       5453.0700       1.4198600     0.098841865
       5456.0600       1.3460800     0.098747210
       5459.0500       1.2578600     0.098652806
       5462.0400       1.1692300     0.098558343
       5465.0300       1.1282000     0.098464243
       5468.0200       1.1687400     0.098369860
       5471.0100       1.2464200     0.098275395
       5474.0000       1.3933200     0.098181130
       5476.9900       1.3181700     0.098086982
       5479.9800       1.1842100     0.097992407
       5482.9700       1.2267400     0.097897853
       5485.9600       1.2563800     0.097802705
       5488.9500       1.1671700     0.097707957
       5491.9400       1.2148000     0.097613009
       5494.9400       1.2864500     0.097518096
       5497.9300       1.3002900     0.097423074
       5500.9200       1.3285400     0.097327992
       5503.9100       1.3459100     0.097233056
       5506.9000       1.2772400     0.097138431
       5509.8900       1.2511300     0.097044043
       5512.8800       1.2194900     0.096948695
       5515.8700       1.1368900     0.096853147
       5518.8600       1.2210200     0.096757964
       5521.8500       1.2695200     0.096662801
       5524.8400       1.2483600     0.096567427
       5527.8300       1.2702500     0.096472084
       5530.8200       1.3093900     0.096377027
       5533.8100       1.3540900     0.096282151
       5536.8000       1.3572300     0.096186676
       5539.7900       1.3726400     0.096091069
       5542.7800       1.4133400     0.095995530
       5545.7800       1.4372700     0.095899964
       5548.7700       1.4688200     0.095804865
       5551.7600       1.4260600     0.095709212
       5554.7500       1.4572200     0.095613613
       5557.7400       1.4055500     0.095517941
       5560.7300       1.3067500     0.095421766
       5563.7200       1.3332000     0.095326049
       5566.7100       1.3632100     0.095230608
       5569.7000       1.3807300     0.095134829
       5572.6900       1.3703200     0.095038851
       5575.6800       1.2807700     0.094942651
       5578.6700       1.2490900     0.094847091
       5581.6600       1.3045800     0.094752281
       5584.6500       1.3449700     0.094656832
       5587.6400       1.2800200     0.094560368
       5590.6300       1.2515400     0.094463191
       5593.6200       1.3381400     0.094366481
       5596.6200       1.3448700     0.094271020
       5599.6100       1.2612200     0.094175988
       5602.6000       1.3134300     0.094080857
       5605.5900       1.3549100     0.093984713
       5608.5800       1.2647800     0.093887717
       5611.5700       1.3141700     0.093790991
       5614.5600       1.2529600     0.093694908
       5617.5500       1.3321000     0.093599667
       5620.5400       1.2993600     0.093504307
       5623.5300       1.2532100     0.093408535
       5626.5200       1.2354300     0.093312302
       5629.5100       1.2463900     0.093215554
       5632.5000       1.2262600     0.093118176
       5635.4900       1.1766400     0.093021414
       5638.4800       1.1685600     0.092925587
       5641.4700       1.1363700     0.092829519
       5644.4600      0.98605600     0.092733620
       5647.4500      0.95511900     0.092636611
       5650.4500       1.0086200     0.092538678
       5653.4400       1.0726600     0.092441991
       5656.4300       1.1688300     0.092346280
       5659.4200       1.2655800     0.092251102
       5662.4100       1.3816100     0.092155511
       5665.4000       1.4012100     0.092058614
       5668.3900       1.3425600     0.091961617
       5671.3800       1.3030300     0.091864712
       5674.3700       1.2839900     0.091768188
       5677.3600       1.2876000     0.091671828
       5680.3500       1.3379500     0.091575706
       5683.3400       1.3962700     0.091479965
       5686.3300       1.3667500     0.091383939
       5689.3200       1.2812300     0.091287826
       5692.3100       1.3058500     0.091190533
       5695.3000       1.3771200     0.091093342
       5698.2900       1.2790300     0.090996213
       5701.2900       1.3143000     0.090899372
       5704.2800       1.3220100     0.090803041
       5707.2700       1.2834900     0.090706518
       5710.2600       1.2746000     0.090609794
       5713.2500       1.2720600     0.090513043
       5716.2400       1.2094200     0.090416491
       5719.2300       1.2729100     0.090320159
       5722.2200       1.3201000     0.090223790
       5725.2100       1.3332700     0.090127110
       5728.2000       1.3966500     0.090030373
       5731.1900       1.3203400     0.089933595
       5734.1800       1.2926500     0.089837136
       5737.1700       1.3757700     0.089740514
       5740.1600       1.4530300     0.089643420
       5743.1500       1.3631200     0.089547062
       5746.1400       1.3524800     0.089450799
       5749.1300       1.3422900     0.089354125
       5752.1200       1.3478300     0.089257690
       5755.1100       1.2759000     0.089160980
       5758.1100       1.2984300     0.089063327
       5761.1000       1.3425600     0.088966493
       5764.0900       1.3664100     0.088871108
       5767.0800       1.3416000     0.088780344
       5770.0700       1.2721300     0.088702356
       5773.0600       1.2352400     0.088651227
       5776.0500       1.3138900     0.088642606
       5779.0400       1.3111600     0.088687422
       5782.0300       1.2950200     0.088781655
       5785.0200       1.2822700     0.088896180
       5788.0100       1.2606100     0.088975306
       5791.0000       1.3189000     0.088972686
       5793.9900       1.2633800     0.088897637
       5796.9800       1.2623900     0.088793984
       5799.9700       1.2241400     0.088663107
       5802.9600       1.2398500     0.088471277
       5805.9500       1.2488400     0.088242439
       5808.9500       1.2563000     0.088053590
       5811.9400       1.2547400     0.087951177
       5814.9300       1.2680200     0.087928524
       5817.9200       1.2723800     0.087938386
       5820.9100       1.3197200     0.087892976
       5823.9000       1.3832000     0.087720891
       5826.8900       1.2974800     0.087450042
       5829.8800       1.2232000     0.087185072
       5832.8700       1.2987800     0.087016385
       5835.8600       1.3034100     0.086985088
       5838.8500       1.2802200     0.087081855
       5841.8400       1.2821400     0.087217368
       5844.8300       1.2681000     0.087247266
       5847.8200       1.2634500     0.087092886
       5850.8100       1.2730700     0.086817369
       5853.8000       1.2044200     0.086547990
       5856.7900       1.2176000     0.086351408
       5859.7900       1.1701200     0.086211180
       5862.7800       1.0358200     0.086105461
       5865.7700      0.99836300     0.086027662
       5868.7600       1.0801800     0.085950832
       5871.7500      0.96906400     0.085847854
       5874.7400      0.92870500     0.085721707
       5877.7300      0.82402700     0.085580325
       5880.7200      0.76406700     0.085430781
       5883.7100      0.85521000     0.085294042
       5886.7000       1.0640800     0.085181930
       5889.6900       1.2435400     0.085076937
       5892.6800       1.4008500     0.084955296
       5895.6700       1.5033000     0.084817889
       5898.6600       1.5388700     0.084677547
       5901.6500       1.4899900     0.084541432
       5904.6400       1.4545900     0.084408764
       5907.6300       1.4902800     0.084282033
       5910.6200       1.4341200     0.084165841
       5913.6200       1.4183400     0.084059036
       5916.6100       1.3722500     0.083958766
       5919.6000       1.3460800     0.083860885
       5922.5900       1.3444600     0.083764426
       5925.5800       1.3409700     0.083668655
       5928.5700       1.3596200     0.083573343
       5931.5600       1.3084500     0.083478011
       5934.5500       1.2655400     0.083382421
       5937.5400       1.2769000     0.083286822
       5940.5300       1.2601500     0.083191175
       5943.5200       1.2654500     0.083095363
       5946.5100       1.2723400     0.083000030
       5949.5000       1.2440100     0.082904403
       5952.4900       1.2605900     0.082808713
       5955.4800       1.2800400     0.082713742
       5958.4700       1.3034100     0.082618372
       5961.4600       1.3388600     0.082523332
       5964.4600       1.3189300     0.082427832
       5967.4500       1.3005800     0.082332102
       5970.4400       1.2785500     0.082236862
       5973.4300       1.2593100     0.082141581
       5976.4200       1.2412500     0.082046279
       5979.4100       1.2358500     0.081951163
       5982.4000       1.2053600     0.081856075
       5985.3900       1.2744000     0.081761495
       5988.3800       1.2919400     0.081666375
       5991.3700       1.2419300     0.081571382
       5994.3600       1.2578700     0.081476426
       5997.3500       1.2417600     0.081381773
       6000.3400       1.2275500     0.081286445
       6003.3300       1.2505200     0.081191480
       6006.3200       1.2480200     0.081096519
       6009.3100       1.2288900     0.081001978
       6012.3000       1.2193300     0.080906903
       6015.2900       1.2740400     0.080812528
       6018.2900       1.2738600     0.080717766
       6021.2800       1.2868700     0.080623557
       6024.2700       1.2842000     0.080529086
       6027.2600       1.2319600     0.080434576
       6030.2500       1.2559700     0.080339892
       6033.2400       1.2934200     0.080245429
       6036.2300       1.2151400     0.080151205
       6039.2200       1.2016300     0.080056771
       6042.2100       1.2618000     0.079962540
       6045.2000       1.2576100     0.079868577
       6048.1900       1.2425200     0.079774416
       6051.1800       1.2502800     0.079680676
       6054.1700       1.2399400     0.079586707
       6057.1600       1.2340300     0.079492296
       6060.1500       1.2565800     0.079398512
       6063.1400       1.2337200     0.079304741
       6066.1300       1.1703300     0.079210995
       6069.1200       1.2333300     0.079117387
       6072.1200       1.2223600     0.079023680
       6075.1100       1.2311000     0.078929987
       6078.1000       1.2883200     0.078835917
       6081.0900       1.2940900     0.078742143
       6084.0800       1.2615700     0.078648350
       6087.0700       1.2174400     0.078555186
       6090.0600       1.2199700     0.078462392
       6093.0500       1.2750300     0.078369215
       6096.0400       1.2858600     0.078275965
       6099.0300       1.3530300     0.078182355
       6102.0200       1.2997900     0.078089134
       6105.0100       1.2685500     0.077996262
       6108.0000       1.2769500     0.077903152
       6110.9900       1.2762200     0.077810242
       6113.9800       1.2940700     0.077717365
       6116.9700       1.3608500     0.077624675
       6119.9600       1.3502800     0.077531538
       6122.9600       1.3362700     0.077438713
       6125.9500       1.2672200     0.077346233
       6128.9400       1.1936800     0.077253549
       6131.9300       1.1472200     0.077161261
       6134.9200       1.1630400     0.077069064
       6137.9100       1.1885100     0.076976685
       6140.9000       1.2730800     0.076884274
       6143.8900       1.3022000     0.076792666
       6146.8800       1.3231000     0.076703214
       6149.8700       1.2751100     0.076618261
       6152.8600       1.2437500     0.076542180
       6155.8500       1.2623900     0.076483894
       6158.8400       1.2711500     0.076468991
       6161.8300       1.3295700     0.076565617
       6164.8200       1.3521400     0.076887096
       6167.8100       1.2761100     0.077485244
       6170.8000       1.2268000     0.078168378
       6173.8000       1.2206800     0.078530488
       6176.7900       1.1755000     0.078342752
       6179.7800       1.2786300     0.077825966
       6182.7700       1.2816400     0.077364579
       6185.7600       1.2599400     0.077118011
       6188.7500       1.1892700     0.076994403
       6191.7400       1.1853900     0.076858242
       6194.7300       1.2587500     0.076659815
       6197.7200       1.2021600     0.076423842
       6200.7100       1.2561100     0.076185818
       6203.7000       1.2900000     0.075963957
       6206.6900       1.2592400     0.075761919
       6209.6800       1.2202000     0.075577295
       6212.6700       1.1880000     0.075403024
       6215.6600       1.1997300     0.075232903
       6218.6500       1.1793900     0.075066471
       6221.6400       1.2581000     0.074908326
       6224.6300       1.1915300     0.074761774
       6227.6300       1.1198200     0.074627458
       6230.6200       1.1359400     0.074505457
       6233.6100       1.1228700     0.074393625
       6236.6000       1.1305800     0.074286355
       6239.5900       1.1805700     0.074177018
       6242.5800       1.3089200     0.074062340
       6245.5700       1.3668900     0.073944937
       6248.5600       1.3546500     0.073830195
       6251.5500       1.3392000     0.073720170
       6254.5400       1.3511800     0.073613122
       6257.5300       1.4144500     0.073507128
       6260.5200       1.2811100     0.073402758
       6263.5100       1.2420300     0.073297689
       6266.5000       1.2664900     0.073189195
       6269.4900       1.2830800     0.073079371
       6272.4800       1.2314800     0.072975292
       6275.4700       1.2159500     0.072880658
       6278.4600       1.2879400     0.072791759
       6281.4600       1.2901300     0.072698598
       6284.4500       1.2188600     0.072596518
       6287.4400       1.2024100     0.072488219
       6290.4300       1.2032800     0.072381430
       6293.4200       1.2543100     0.072281261
       6296.4100       1.2533800     0.072187463
       6299.4000       1.2001500     0.072097803
       6302.3900       1.2057000     0.072009287
       6305.3800       1.2027500     0.071921517
       6308.3700       1.2044900     0.071833703
       6311.3600       1.2408700     0.071745556
       6314.3500       1.2912000     0.071657735
       6317.3400       1.2618600     0.071570103
       6320.3300       1.2007500     0.071482525
       6323.3200       1.1550900     0.071395418
       6326.3100       1.2210100     0.071308271
       6329.3000       1.1730700     0.071222201
       6332.2900       1.1248400     0.071137482
       6335.2900       1.1232900     0.071054114
       6338.2800       1.1613800     0.070974864
       6341.2700       1.1980900     0.070904294
       6344.2600       1.2349200     0.070848126
       6347.2500       1.2371700     0.070809086
       6350.2400       1.2156000     0.070782945
       6353.2300       1.1960600     0.070766082
       6356.2200       1.1548300     0.070763399
       6359.2100       1.1632900     0.070783106
       6362.2000       1.1999000     0.070822215
       6365.1900       1.1786500     0.070853065
       6368.1800       1.2186800     0.070839026
       6371.1700       1.1803800     0.070763662
       6374.1600       1.2386900     0.070641687
       6377.1500       1.2376300     0.070498098
       6380.1400       1.1143300     0.070347425
       6383.1300       1.1661000     0.070186303
       6386.1300       1.2177400     0.070002313
       6389.1200       1.1588700     0.069802212
       6392.1100       1.1854000     0.069620219
       6395.1000       1.2069200     0.069498660
       6398.0900       1.1371000     0.069465686
       6401.0800       1.1466000     0.069516024
       6404.0700       1.1311700     0.069593807
       6407.0600       1.1571600     0.069603260
       6410.0500       1.2533200     0.069480895
       6413.0400       1.2767400     0.069256702
       6416.0300       1.2266900     0.069021600
       6419.0200       1.1751300     0.068842508
       6422.0100       1.2168400     0.068724533
       6425.0000       1.1996500     0.068639243
       6427.9900       1.2074400     0.068571906
       6430.9800       1.2652800     0.068526869
       6433.9700       1.2468200     0.068499890
       6436.9700       1.1864300     0.068466658
       6439.9600       1.1833200     0.068406699
       6442.9500       1.0936200     0.068319398
       6445.9400       1.1029400     0.068218897
       6448.9300       1.2001200     0.068118453
       6451.9200       1.2651600     0.068018964
       6454.9100       1.3043300     0.067915005
       6457.9000       1.3889700     0.067807384
       6460.8900       1.2945500     0.067698553
       6463.8800       1.2879600     0.067584101
       6466.8700       1.2822100     0.067459853
       6469.8600       1.2332300     0.067335473
       6472.8500       1.2307300     0.067220004
       6475.8400       1.1926800     0.067110225
       6478.8300       1.1541600     0.067000867
       6481.8200       1.1219700     0.066895792
       6484.8100       1.1346600     0.066803664
       6487.8000       1.1508400     0.066723835
       6490.8000       1.2771000     0.066649360
       6493.7900       1.2426800     0.066575274
       6496.7800       1.2132100     0.066500101
       6499.7700       1.2584000     0.066423829
       6502.7600       1.2206700     0.066345989
       6505.7500       1.2162600     0.066266823
       6508.7400       1.2587900     0.066186779
       6511.7300       1.3235200     0.066106752
       6514.7200       1.3482000     0.066026490
       6517.7100       1.3344300     0.065946676
       6520.7000       1.2896500     0.065866744
       6523.6900       1.3274500     0.065787239
       6526.6800       1.3678300     0.065707833
       6529.6700       1.3264000     0.065628354
       6532.6600       1.2974300     0.065548686
       6535.6500       1.3559000     0.065468990
       6538.6400       1.3244700     0.065389736
       6541.6400       1.3710400     0.065310335
       6544.6300       1.3651700     0.065231799
       6547.6200       1.3959100     0.065153039
       6550.6100       1.6957200     0.065074437
       6553.6000       2.1593300     0.064996094
       6556.5900       2.6401900     0.064918079
       6559.5800       2.9508000     0.064839659
       6562.5700       3.2362900     0.064761545
       6565.5600       3.4489400     0.064683761
       6568.5500       3.0968000     0.064606153
       6571.5400       2.6223600     0.064528421
       6574.5300       2.3453200     0.064450946
       6577.5200       2.1717000     0.064373603
       6580.5100       2.0258400     0.064296235
       6583.5000       1.9001300     0.064219137
       6586.4900       1.7971500     0.064142194
       6589.4800       1.5941100     0.064065584
       6592.4800       1.4701700     0.063988767
       6595.4700       1.3884100     0.063912207
       6598.4600       1.4183500     0.063835836
       6601.4500       1.4314100     0.063759429
       6604.4400       1.3307300     0.063683401
       6607.4300       1.3101300     0.063607532
       6610.4200       1.2849100     0.063531686
       6613.4100       1.2840000     0.063456091
       6616.4000       1.3243300     0.063380755
       6619.3900       1.2516900     0.063305387
       6622.3800       1.2099100     0.063230091
       6625.3700       1.2128200     0.063155329
       6628.3600       1.2459900     0.063080379
       6631.3500       1.2485400     0.063005694
       6634.3400       1.2098900     0.062931014
       6637.3300       1.2138000     0.062856331
       6640.3200       1.1894300     0.062781838
       6643.3100       1.1648100     0.062707735
       6646.3100       1.1413300     0.062633490
       6649.3000       1.1341000     0.062559450
       6652.2900       1.1667300     0.062485956
       6655.2800       1.1298200     0.062412354
       6658.2700       1.1039400     0.062339108
       6661.2600       1.0467400     0.062265934
       6664.2500       1.1037700     0.062192868
       6667.2400       1.0669700     0.062120031
       6670.2300       1.1150700     0.062047063
       6673.2200       1.1463700     0.061974449
       6676.2100       1.1082800     0.061901899
       6679.2000       1.1920300     0.061829483
       6682.1900       1.1219700     0.061757441
       6685.1800       1.0850500     0.061685390
       6688.1700       1.1577100     0.061613626
       6691.1600       1.0740700     0.061541707
       6694.1500       1.0601200     0.061470251
       6697.1500       1.0765600     0.061398720
       6700.1400       1.0919000     0.061327316
       6703.1300       1.0981400     0.061256471
       6706.1200       1.0701500     0.061185545
       6709.1100       1.0927800     0.061115027
       6712.1000       1.1659600     0.061044646
       6715.0900       1.1230800     0.060974164
       6718.0800       1.1155100     0.060903794
       6721.0700       1.0948500     0.060833232
       6724.0600       1.0748300     0.060763020
       6727.0500       1.0880400     0.060693399
       6730.0400       1.1516000     0.060625153
       6733.0300       1.1071900     0.060564791
       6736.0200       1.0990700     0.060542764
       6739.0100       1.0661300     0.060667384
       6742.0000       1.0653900     0.061215095
       6744.9900       1.0333600     0.062664350
       6747.9800       1.0244400     0.065492539
       6750.9800       1.0106700     0.069635743
       6753.9700       1.0514600     0.073790610
       6756.9600       1.0946000     0.075858846
       6759.9500       1.0622100     0.074875057
       6762.9400       1.0008400     0.072121689
       6765.9300       1.0095400     0.069556408
       6768.9200      0.95686700     0.068173496
       6771.9100      0.98317700     0.067859962
       6774.9000       1.1208400     0.067959210
       6777.8900       1.0224700     0.067880513
       6780.8800      0.99821000     0.067417727
       6783.8700       1.0624500     0.066665671
       6786.8600       1.0452900     0.065790109
       6789.8500       1.0545700     0.064903578
       6792.8400       1.0864700     0.064062611
       6795.8300       1.0435300     0.063296897
       6798.8200       1.0365100     0.062628846
       6801.8100       1.0528100     0.062076090
       6804.8100       1.1300000     0.061644386
       6807.8000       1.1071500     0.061325585
       6810.7900       1.0617500     0.061093635
       6813.7800       1.0572500     0.060926611
       6816.7700       1.0720800     0.060816135
       6819.7600       1.0470300     0.060750739
       6822.7500       1.0022400     0.060689565
       6825.7400       1.0614100     0.060572959
       6828.7300       1.0787400     0.060380431
       6831.7200       1.0711100     0.060151098
       6834.7100       1.0424200     0.059940909
       6837.7000       1.0755400     0.059759805
       6840.6900       1.0594600     0.059560075
       6843.6800       1.0469700     0.059287039
       6846.6700       1.1010000     0.058945248
       6849.6600       1.1199600     0.058603272
       6852.6500       1.0665300     0.058336636
       6855.6500       1.0983300     0.058176039
       6858.6400       1.0916800     0.058115022
       6861.6300       1.0490000     0.058138792
       6864.6200       1.0975600     0.058235615
       6867.6100       1.1376000     0.058376532
       6870.6000       1.0481100     0.058501790
       6873.5900       1.0721900     0.058552044
       6876.5800       1.0477700     0.058514064
       6879.5700       1.0612600     0.058425433
       6882.5600       1.0642800     0.058330730
       6885.5500       1.0235700     0.058247168
       6888.5400       1.0803200     0.058167083
       6891.5300       1.1369200     0.058086228
       6894.5200       1.0859800     0.058012628
       6897.5100       1.0894200     0.057951696
       6900.5000       1.0600800     0.057896701
       6903.4900       1.0387600     0.057834012
       6906.4800       1.0792800     0.057741391
       6909.4800       1.0479200     0.057599745
       6912.4700       1.0433000     0.057423977
       6915.4600       1.0541600     0.057263617
       6918.4500       1.0114200     0.057152194
       6921.4400       1.0327600     0.057073132
       6924.4300       1.0402800     0.056997829
       6927.4200       1.0242700     0.056924904
       6930.4100       1.0347700     0.056868994
       6933.4000       1.0190000     0.056821773
       6936.3900       1.0843700     0.056759659
       6939.3800       1.0710400     0.056672462
       6942.3700       1.1058500     0.056569595
       6945.3600       1.1332000     0.056462734
       6948.3500       1.0696600     0.056359035
       6951.3400       1.0531700     0.056266763
       6954.3300       1.0325800     0.056191729
       6957.3200       1.0165500     0.056127869
       6960.3100       1.0032900     0.056060341
       6963.3100       1.0358600     0.055981190
       6966.3000       1.1115900     0.055897710
       6969.2900       1.0681900     0.055819953
       6972.2800       1.0704600     0.055751865
       6975.2700       1.0418800     0.055692408
       6978.2600      0.98365900     0.055638437
       6981.2500       1.0286200     0.055585816
       6984.2400       1.0445800     0.055528798
       6987.2300       1.0327400     0.055464717
       6990.2200       1.0908900     0.055395558
       6993.2100       1.0413100     0.055326724
       6996.2000       1.0688500     0.055264063
       6999.1900      0.99720600     0.055210558
       7002.1800       1.0066300     0.055165895
       7005.1700       1.0532900     0.055129046
       7008.1600       1.0638500     0.055096138
       7011.1500       1.0773100     0.055062425
       7014.1500       1.0656800     0.055027493
       7017.1400       1.0197800     0.054998062
       7020.1300      0.98131500     0.054982195
       7023.1200      0.96404300     0.054982410
       7026.1100       1.0285300     0.054992510
       7029.1000       1.1010600     0.055004355
       7032.0900      0.99374300     0.055027458
       7035.0800      0.98951700     0.055103713
       7038.0700       1.0090200     0.055309189
       7041.0600      0.98082500     0.055725553
       7044.0500       1.0535900     0.056390430
       7047.0400       1.0040400     0.057249813
       7050.0300      0.93251900     0.058158590
       7053.0200      0.97041400     0.058962043
       7056.0100      0.96273700     0.059607756
       7059.0000      0.95817300     0.060158170
       7061.9900      0.99861700     0.060662433
       7064.9800       1.0149100     0.061041216
       7067.9800       1.0480000     0.061163822
       7070.9700       1.0403800     0.061018140
       7073.9600       1.0184800     0.060725772
       7076.9500       1.0650400     0.060376471
       7079.9400       1.0390900     0.059906903
       7082.9300       1.0557700     0.059174152
       7085.9200      0.95754900     0.058151150
       7088.9100      0.98946500     0.057017151
       7091.9000       1.0054600     0.056040368
       7094.8900      0.99760300     0.055400631
       7097.8800       1.0086900     0.055136497
       7100.8700      0.98899700     0.055210990
       7103.8600      0.99102700     0.055585865
       7106.8500      0.98828200     0.056217677
       7109.8400      0.95631200     0.056988255
       7112.8300      0.97863000     0.057688263
       7115.8200      0.99435700     0.058120697
       7118.8200      0.94329500     0.058227529
       7121.8100      0.97498600     0.058092785
       7124.8000       1.0232100     0.057855364
       7127.7900      0.97177400     0.057611170
       7130.7800      0.98751500     0.057378027
       7133.7700      0.92658500     0.057139036
       7136.7600      0.90266100     0.056914994
       7139.7500      0.93008100     0.056754796
       7142.7400      0.92994400     0.056683284
       7145.7300      0.96828700     0.056703644
       7148.7200       1.0088700     0.056797365
       7151.7100      0.99126600     0.056866668
       7154.7000      0.92683600     0.056757502
       7157.6900      0.88885900     0.056438216
       7160.6800      0.96953800     0.056086632
       7163.6700       1.0039100     0.055902446
       7166.6600      0.93938100     0.055884731
       7169.6600       1.0032500     0.055872063
       7172.6500      0.98850000     0.055764049
       7175.6400      0.95722300     0.055618014
       7178.6300      0.97131500     0.055514928
       7181.6200      0.97494400     0.055440728
       7184.6100       1.0104700     0.055329481
       7187.6000       1.1444300     0.055147679
       7190.5900       1.0106200     0.054897475
       7193.5800      0.98105800     0.054576701
       7196.5700       1.0769600     0.054192446
       7199.5600      0.98895800     0.053795437
       7202.5500      0.94311400     0.053462980
       7205.5400      0.94987300     0.053231217
       7208.5300      0.97660000     0.053067752
       7211.5200      0.99059100     0.052916892
       7214.5100       1.0358600     0.052764620
       7217.5000       1.0808100     0.052641123
       7220.4900       1.0230900     0.052571663
       7223.4900      0.95729900     0.052542737
       7226.4800      0.99495300     0.052520930
       7229.4700       1.1077300     0.052492197
       7232.4600       1.0613500     0.052465665
       7235.4500       1.0056800     0.052448766
       7238.4400       1.0058700     0.052428714
       7241.4300      0.97282800     0.052381813
       7244.4200      0.99156600     0.052293353
       7247.4100      0.97114500     0.052173423
       7250.4000      0.95851500     0.052049610
       7253.3900      0.89279000     0.051950196
       7256.3800      0.93049400     0.051882769
       7259.3700       1.0579400     0.051835451
       7262.3600       1.0200400     0.051792287
       7265.3500      0.99774200     0.051743726
       7268.3400       1.0586600     0.051684165
       7271.3300       1.0076000     0.051608642
       7274.3300       1.0374600     0.051519250
       7277.3200      0.92701000     0.051428819
       7280.3100       1.0229800     0.051351416
       7283.3000       1.0651600     0.051292118
       7286.2900       1.0368400     0.051245061
       7289.2800       1.0157900     0.051201779
       7292.2700       1.0367200     0.051159326
       7295.2600      0.99726800     0.051118785
       7298.2500      0.96235600     0.051078642
       7301.2400       1.0353400     0.051035725
       7304.2300       1.0669200     0.050988923
       7307.2200       1.0271900     0.050942370
       7310.2100      0.98326300     0.050901068
       7313.2000       1.1019700     0.050865171
       7316.1900       1.0657600     0.050831330
       7319.1800       1.0681700     0.050796511
       7322.1700       1.0314800     0.050761152
       7325.1700       1.0177700     0.050726892
       7328.1600       1.0237900     0.050695682
       7331.1500       1.0100800     0.050666699
       7334.1400      0.98170300     0.050639401
       7337.1300       1.0225000     0.050613007
       7340.1200       1.0370800     0.050587288
       7343.1100       1.0131700     0.050562223
       7346.1000      0.98204200     0.050537070
       7349.0900       1.0073800     0.050512517
       7352.0800       1.0807800     0.050488329
       7355.0700      0.96814700     0.050464281
       7358.0600      0.91406200     0.050440304
       7361.0500      0.97651500     0.050416626
       7364.0400       1.0081800     0.050393212
       7367.0300       1.0205800     0.050369956
       7370.0200      0.99129600     0.050347050
       7373.0100      0.98467000     0.050324633
       7376.0000      0.98419900     0.050302422
       7379.0000      0.99971400     0.050280637
       7381.9900       1.0226300     0.050259179
       7384.9800      0.98589200     0.050237713
       7387.9700      0.98484600     0.050216424
       7390.9600      0.96411000     0.050195393
       7393.9500      0.96374600     0.050174464
       7396.9400      0.92229700     0.050153755
       7399.9300      0.97911800     0.050133742
       7402.9200      0.99390900     0.050113900
       7405.9100      0.96161500     0.050094472
       7408.9000      0.97139800     0.050075383
       7411.8900      0.95540000     0.050056650
       7414.8800       1.0056600     0.050038254
       7417.8700      0.99242000     0.050019794
       7420.8600      0.96374000     0.050001803
       7423.8500      0.91878500     0.049984060
       7426.8400      0.90180100     0.049966688
       7429.8300      0.93228000     0.049950247
       7432.8300      0.91824500     0.049935199
       7435.8200      0.90648400     0.049921796
       7438.8100      0.91752000     0.049910267
       7441.8000      0.94145000     0.049901855
       7444.7900      0.95150700     0.049901157
       7447.7800      0.94132700     0.049929652
       7450.7700      0.99564300     0.050062104
       7453.7600      0.97790000     0.050502614
       7456.7500      0.93911600     0.051694928
       7459.7400      0.97246100     0.054411892
       7462.7300      0.98458800     0.059794625
       7465.7200      0.94195500     0.069333408
       7468.7100      0.82372400     0.084564383
       7471.7000      0.87779400      0.10561051
       7474.6900      0.87754700      0.12759876
       7477.6800      0.75483300      0.13915209
       7480.6700      0.88731000      0.13310398
       7483.6600      0.82536900      0.11654547
       7486.6600      0.74027400      0.10041547
       7489.6500      0.90036100     0.089962755
       7492.6400      0.92223600     0.085613398
       7495.6300      0.86500400     0.086028167
       7498.6200      0.87957700     0.089000971
       7501.6100      0.84769900     0.091875581
       7504.6000      0.84986800     0.092626014
       7507.5900      0.81080300     0.090814330
       7510.5800      0.85640500     0.087212327
       7513.5700      0.91791700     0.082795649
       7516.5600      0.87942600     0.078238915
       7519.5500      0.86577300     0.073908084
       7522.5400      0.81457100     0.069978619
       7525.5300      0.91505800     0.066522344
       7528.5200      0.94043600     0.063550614
       7531.5100      0.91138000     0.061036435
       7534.5000      0.90787900     0.058928709
       7537.5000      0.93008200     0.057162833
       7540.4900      0.92753800     0.055697888
       7543.4800      0.88885800     0.054485669
       7546.4700      0.89149800     0.053492247
       7549.4600      0.95018100     0.052685811
       7552.4500      0.89518100     0.052036343
       7555.4400      0.95280700     0.051515504
       7558.4300      0.94761700     0.051097011
       7561.4200      0.91550700     0.050757666
       7564.4100      0.90442300     0.050477202
       7567.4000      0.92854500     0.050241694
       7570.3900      0.90859500     0.050043593
       7573.3800      0.95027500     0.049880058
       7576.3700       1.0324600     0.049750588
       7579.3600      0.96586000     0.049654590
       7582.3500      0.87805400     0.049589082
       7585.3400      0.95140800     0.049547962
       7588.3300      0.98693200     0.049523963
       7591.3300      0.93180700     0.049509564
       7594.3200       1.0217300     0.049499605
       7597.3100      0.95336100     0.049491082
       7600.3000      0.92042900     0.049482544
       7603.2900      0.92547400     0.049474283
       7606.2800      0.86222700     0.049466407
       7609.2700      0.85332100     0.049458872
       7612.2600      0.84659100     0.049452057
       7615.2500      0.86545500     0.049446385
       7618.2400      0.84332400     0.049442890
       7621.2300      0.85243300     0.049442386
       7624.2200      0.92152900     0.049444458
       7627.2100      0.83998500     0.049448202
       7630.2000      0.83199100     0.049452397
       7633.1900      0.79767800     0.049456867
       7636.1800      0.84400700     0.049461495
       7639.1700      0.93235900     0.049466623
       7642.1700      0.85163000     0.049471559
       7645.1600      0.90625000     0.049476186
       7648.1500      0.87591400     0.049480561
       7651.1400      0.84423600     0.049485590
       7654.1300      0.86311300     0.049491489
       7657.1200      0.90546400     0.049498309
       7660.1100      0.92861800     0.049505132
       7663.1000      0.90449500     0.049512152
       7666.0900      0.95481800     0.049519004
       7669.0800      0.90079700     0.049526032
       7672.0700      0.93520700     0.049533281
       7675.0600      0.95244700     0.049540878
       7678.0500      0.96071600     0.049548710
       7681.0400      0.90505700     0.049556913
       7684.0300      0.90759200     0.049565568
       7687.0200      0.83415200     0.049574283
       7690.0100      0.89894700     0.049583734
       7693.0000      0.95509400     0.049593210
       7696.0000      0.92697700     0.049603123
       7698.9900      0.85541900     0.049612976
       7701.9800      0.90637000     0.049622861
       7704.9700      0.95817100     0.049631832
       7707.9600      0.92891700     0.049638741
       7710.9500      0.93279500     0.049643415
       7713.9400      0.95646900     0.049646229
       7716.9300      0.93463800     0.049650455
       7719.9200      0.96393000     0.049660553
       7722.9100      0.98339500     0.049681580
       7725.9000      0.90988500     0.049715009
       7728.8900      0.88727700     0.049760377
       7731.8800      0.87888500     0.049812402
       7734.8700      0.97649400     0.049864038
       7737.8600      0.93708100     0.049910641
       7740.8500      0.83401700     0.049951011
       7743.8400      0.82362800     0.049988370
       7746.8400      0.73999400     0.050029538
       7749.8300      0.62744000     0.050083760
       7752.8200      0.61121800     0.050159120
       7755.8100      0.57180300     0.050252944
       7758.8000      0.55895400     0.050348141
       7761.7900      0.62947400     0.050422226
       7764.7800      0.73139800     0.050460757
       7767.7700      0.81634600     0.050466300
       7770.7600      0.90861200     0.050453300
       7773.7500      0.94143800     0.050436415
       7776.7400      0.99235800     0.050424819
       7779.7300      0.96195700     0.050422493
       7782.7200      0.95232000     0.050430441
       7785.7100      0.90617000     0.050445591
       7788.7000      0.93289800     0.050459090
       7791.6900       1.0264100     0.050457748
       7794.6800      0.97345100     0.050430682
       7797.6700      0.89439700     0.050377519
       7800.6700      0.88691400     0.050312437
       7803.6600      0.91892500     0.050259242
       7806.6500      0.90245200     0.050237441
       7809.6400      0.86849700     0.050255935
       7812.6300      0.86774900     0.050314437
       7815.6200      0.91208000     0.050410806
       7818.6100      0.82654800     0.050543546
       7821.6000      0.82661900     0.050701255
       7824.5900      0.87344600     0.050855221
       7827.5800      0.86622300     0.050964440
       7830.5700      0.89990100     0.050999705
       7833.5600      0.86381900     0.050965028
       7836.5500      0.79180900     0.050893939
       7839.5400      0.93511800     0.050825764
       7842.5300      0.89968800     0.050785710
       7845.5200      0.86849000     0.050779148
       7848.5100      0.90273800     0.050796939
       7851.5100      0.80997300     0.050827422
       7854.5000      0.76948700     0.050866108
       7857.4900      0.81868100     0.050918287
       7860.4800      0.83372200     0.050989324
       7863.4700      0.75829600     0.051075027
       7866.4600      0.74451800     0.051163316
       7869.4500      0.74002500     0.051240552
       7872.4400      0.82047200     0.051297614
       7875.4300      0.82232500     0.051332212
       7878.4200      0.89245600     0.051349227
       7881.4100      0.93574300     0.051359818
       7884.4000      0.87809000     0.051376650
       7887.3900      0.83182400     0.051404329
       7890.3800      0.81135900     0.051437304
       7893.3700      0.87310900     0.051466760
       7896.3600      0.92445500     0.051490114
       7899.3500      0.93317300     0.051509672
       7902.3500      0.90215700     0.051526800
       7905.3300      0.87930700     0.051536600
       7908.3300      0.87246000     0.051531510
       7911.3200      0.86014300     0.051509346
       7914.3100      0.84250200     0.051479795
       7917.3000      0.84352200     0.051459375
       7920.2900      0.80500200     0.051459961
       7923.2800      0.79784500     0.051483323
       7926.2700      0.81339900     0.051521571
       7929.2600      0.80176800     0.051564769
       7932.2500      0.82278900     0.051607053
       7935.2400      0.83712500     0.051649434
       7938.2300      0.84462700     0.051696652
       7941.2200      0.82156700     0.051754331
       7944.2100      0.79472200     0.051823716
       7947.2000      0.79434300     0.051902636
       7950.1900      0.82720500     0.051987127
       7953.1800      0.87004800     0.052074859
       7956.1700      0.80872700     0.052164303
       7959.1700      0.86216500     0.052255149
       7962.1600      0.83418400     0.052347775
       7965.1500      0.82128700     0.052448600
       7968.1400      0.84140000     0.052567113
       7971.1300      0.81860300     0.052706016
       7974.1200      0.80006500     0.052859382
       7977.1100      0.82291800     0.053020109
       7980.1000      0.79929500     0.053193902
       7983.0900      0.85491900     0.053403772
       7986.0800      0.85032300     0.053683762
       7989.0700      0.86201900     0.054058274
       7992.0600      0.80229200     0.054521733
       7995.0500      0.73728000     0.055029063
       7998.0400      0.77780100     0.055518480
       8001.0300      0.82847900     0.055956473
       8004.0200      0.87333400     0.056362126
       8007.0100      0.80932000     0.056775920
       8010.0100      0.84972800     0.057223782
       8013.0000      0.82237100     0.057698562
       8015.9900      0.78581000     0.058197042
       8018.9800      0.82209000     0.058713836
       8021.9700      0.84907600     0.059206463
       8024.9600      0.81009900     0.059569297
       8027.9500      0.78682100     0.059697423
       8030.9400      0.85700900     0.059592028
       8033.9300      0.79427500     0.059377168
       8036.9200      0.82905700     0.059183779
       8039.9100      0.88102900     0.059034956
       8042.9000      0.82363200     0.058868821
       8045.8900      0.79666600     0.058648617
       8048.8800      0.83912800     0.058409610
       8051.8700      0.86181200     0.058196636
       8054.8600      0.83850600     0.057986212
       8057.8500      0.89946900     0.057691781
       8060.8400      0.82984800     0.057241107
       8063.8400      0.83826300     0.056657956
       8066.8300      0.89310800     0.056081727
       8069.8200      0.89992900     0.055688605
       8072.8100      0.88356600     0.055619705
       8075.8000      0.89689900     0.055962822
       8078.7900      0.90883500     0.056775642
       8081.7800      0.88002000     0.058068467
       8084.7700      0.80347900     0.059693090
       8087.7600      0.74650400     0.061231921
       8090.7500      0.72388200     0.062093014
       8093.7400      0.71609500     0.061896199
       8096.7300      0.75392800     0.060801440
       8099.7200      0.76803700     0.059354493
       8102.7100      0.76313300     0.058057700
       8105.7000      0.78460800     0.057149220
       8108.6900      0.84347900     0.056654716
       8111.6800      0.84761600     0.056503545
       8114.6700      0.81390700     0.056578166
       8117.6700      0.82587300     0.056731280
       8120.6600      0.82876100     0.056842698
       8123.6500      0.90940700     0.056903833
       8126.6400      0.93346600     0.057020835
       8129.6300      0.86751600     0.057314405
       8132.6200      0.81826900     0.057798498
       8135.6100      0.80573100     0.058350386
       8138.6000      0.82732100     0.058796483
       8141.5900      0.81655600     0.059036592
       8144.5800      0.85731800     0.059086318
       8147.5700      0.75210100     0.059019952
       8150.5600      0.78845000     0.058897148
       8153.5500      0.87926300     0.058746749
       8156.5400      0.94266200     0.058588984
       8159.5300      0.78931500     0.058446155
       8162.5200      0.78470500     0.058330913
       8165.5100      0.80518900     0.058248001
       8168.5100      0.79057000     0.058216549
       8171.5000      0.80674700     0.058270127
       8174.4900      0.70480700     0.058412550
       8177.4800      0.96740300     0.058579935
       8180.4700      0.98009800     0.058669727
       8183.4600      0.95388300     0.058623536
       8186.4500      0.90308500     0.058477017
       8189.4400      0.83108100     0.058317509
       8192.4300      0.87573300     0.058202987
       8195.4200      0.80010100     0.058126145
       8198.4100      0.80373700     0.058046786
       8201.4000      0.80682900     0.057945159
       8204.3900      0.92638800     0.057845192
       8207.3800      0.73689200     0.057789802
       8210.3700      0.71177100     0.057801486
       8213.3600      0.80518700     0.057865012
       8216.3500      0.92097700     0.057940917
       8219.3500      0.68946600     0.057995174
       8222.3400      0.78828200     0.058016446
       8225.3300      0.81315000     0.058018404
       8228.3200      0.76408500     0.058019324
       8231.3100      0.67342500     0.058029554
       8234.3000      0.71597800     0.058045782
       8237.2900      0.72780700     0.058060168
       8240.2800      0.75405900     0.058069731
       8243.2700      0.74134400     0.058079317
       8246.2600      0.71633800     0.058095837
       8249.2500      0.72801200     0.058124784
       8252.2400      0.73637300     0.058169772
       8255.2300      0.81034400     0.058233278
       8258.2200      0.88985900     0.058315561
       8261.2100      0.78209900     0.058412099
       8264.2000      0.79519000     0.058512065
       8267.1900      0.76346800     0.058602667
       8270.1900      0.82170600     0.058673651
       8273.1800      0.80633100     0.058722448
       8276.1700      0.76011100     0.058756662
       8279.1600      0.85121600     0.058790386
       8282.1500      0.77556200     0.058838127
       8285.1400      0.77409400     0.058909113
       8288.1300      0.92099600     0.059001626
       8291.1200      0.83692200     0.059103166
       8294.1100      0.78088800     0.059197599
       8297.1000      0.75742100     0.059273104
       8300.0900      0.78934400     0.059329190
       8303.0800      0.89453500     0.059374620
       8306.0700      0.81937000     0.059421950
       8309.0600      0.75751600     0.059481236
       8312.0500      0.76340000     0.059556242
       8315.0400      0.74956900     0.059644460
       8318.0300      0.79413500     0.059738668
       8321.0200      0.87411100     0.059832403
       8324.0200      0.85353600     0.059922743
       8327.0100      0.86999400     0.060010732
       8330.0000      0.85007700     0.060100764
       8332.9900      0.73664800     0.060196111
       8335.9800      0.86884600     0.060296172
       8338.9700      0.79003600     0.060400083
       8341.9600      0.74143900     0.060508333
       8344.9500      0.78290200     0.060622876
       8347.9400      0.79822100     0.060745145
       8350.9300      0.81746100     0.060871256
       8353.9200      0.83511900     0.060992167
       8356.9100      0.86356700     0.061099582
       8359.9000      0.87726200     0.061193278
       8362.8900      0.77771700     0.061280435
       8365.8800      0.67172200     0.061369138
       8368.8700      0.77746200     0.061458696
       8371.8600      0.76079000     0.061542579
       8374.8600      0.83261200     0.061615770
       8377.8500      0.77961400     0.061680971
       8380.8400      0.86950100     0.061749407
       8383.8300      0.78466000     0.061833521
       8386.8200      0.76341900     0.061941554
       8389.8100      0.77209300     0.062073377
       8392.8000      0.79381300     0.062218484
       8395.7900      0.81308600     0.062358418
       8398.7800      0.80763500     0.062475338
       8401.7700      0.78714100     0.062563042
       8404.7600      0.76747400     0.062629739
       8407.7500      0.74893400     0.062690032
       8410.7400      0.69709800     0.062754433
       8413.7300      0.70595000     0.062827242
       8416.7200      0.71066400     0.062907228
       8419.7100      0.67964700     0.062994182
       8422.7000      0.63827200     0.063088220
       8425.7000      0.56576400     0.063187969
       8428.6900      0.56757300     0.063288940
       8431.6800      0.48401000     0.063388966
       8434.6700      0.63892600     0.063487230
       8437.6600      0.78423500     0.063585924
       8440.6500      0.90951500     0.063686501
       8443.6400      0.97492000     0.063789102
       8446.6300      0.89108000     0.063893141
       8449.6200      0.80846300     0.063998084
       8452.6100      0.81491500     0.064104933
       8455.6000      0.84855100     0.064215299
       8458.5900      0.79270600     0.064330227
       8461.5800      0.76307600     0.064448529
       8464.5700      0.78931100     0.064566353
       8467.5600      0.79802400     0.064680904
       8470.5500      0.74627800     0.064789970
       8473.5400      0.66486900     0.064894446
       8476.5300      0.74387200     0.064997182
       8479.5300      0.64255100     0.065100732
       8482.5200      0.61934000     0.065206000
       8485.5100      0.76572900     0.065314307
       8488.5000      0.85304700     0.065425283
       8491.4900      0.77083500     0.065539137
       8494.4800      0.99231500     0.065655481
       8497.4700       1.0016900     0.065775562
       8500.4600       1.0305600     0.065901875
       8503.4500       1.0042900     0.066038164
       8506.4400      0.94098700     0.066189283
       8509.4300      0.88412400     0.066354215
       8512.4200      0.74402000     0.066523730
       8515.4100      0.76162400     0.066681755
       8518.4000      0.70503500     0.066813684
       8521.3900      0.65600400     0.066917223
       8524.3800      0.53524500     0.067001997
       8527.3700      0.69859600     0.067083032
       8530.3700      0.95960000     0.067173379
       8533.3600       1.0592400     0.067277510
       8536.3500       1.0748800     0.067395509
       8539.3400       1.0765800     0.067521571
       8542.3300       1.1327000     0.067646499
       8545.3200       1.1999400     0.067763116
       8548.3100       1.2237800     0.067869690
       8551.3000       1.1667800     0.067971639
       8554.2900       1.2576700     0.068075778
       8557.2800       1.0291600     0.068187466
       8560.2700      0.93611200     0.068306628
       8563.2600      0.93482400     0.068430756
       8566.2500      0.86985400     0.068556685
       8569.2400      0.86569200     0.068682942
       8572.2300      0.84971600     0.068809042
       8575.2200      0.84859300     0.068936317
       8578.2100      0.85118100     0.069066118
       8581.2100      0.82168900     0.069199464
       8584.2000      0.80054600     0.069334648
       8587.1900      0.65914200     0.069470062
       8590.1800      0.70938600     0.069603698
       8593.1700      0.82706700     0.069735251
       8596.1600      0.77595900     0.069865417
       8599.1500      0.82223500     0.069997086
       8602.1400      0.79509200     0.070131580
       8605.1300      0.76764000     0.070269496
       8608.1200      0.69966600     0.070408666
       8611.1100      0.71921700     0.070546360
       8614.1000      0.80655700     0.070680444
       8617.0900      0.82612700     0.070811347
       8620.0800      0.76561300     0.070940512
       8623.0700      0.65607100     0.071070499
       8626.0600      0.68642100     0.071202930
       8629.0500      0.60004000     0.071338601
       8632.0400      0.61989100     0.071478039
       8635.0400      0.75231200     0.071621170
       8638.0300      0.61269100     0.071767893
       8641.0200      0.59439500     0.071918054
       8644.0100      0.44744500     0.072072996
       8647.0000      0.60722900     0.072232250
       8649.9900      0.64956000     0.072395247
       8652.9800      0.82975500     0.072558953
       8655.9700      0.85773500     0.072718155
       8658.9600      0.90143500     0.072868164
       8661.9500      0.86939800     0.073009246
       8664.9400      0.87641600     0.073146404
       8667.9300       1.0000000     0.073286027
       8670.9200      0.95839800     0.073431202
       8673.9100      0.91799400     0.073578574
       8676.9000      0.88144500     0.073722902
       8679.8900      0.78378000     0.073860004
       8682.8800      0.90798000     0.073990238
       8685.8800      0.92667300     0.074118677
       8688.8700      0.83155000     0.074249150
       8691.8600      0.75027800     0.074386876
       8694.8500      0.82852600     0.074535117
       8697.8400      0.81343600     0.074696012
       8700.8300      0.73505100     0.074869259
       8703.8200      0.84538000     0.075050516
       8706.8100      0.77086600     0.075231554
       8709.8000      0.68824200     0.075403554
       8712.7900      0.78438700     0.075562272
       8715.7800      0.77948900     0.075711310
       8718.7700      0.74281000     0.075858838
       8721.7600      0.74402100     0.076012342
       8724.7500      0.73989700     0.076174202
       8727.7400      0.61444300     0.076337566
       8730.7300      0.67366300     0.076491889
       8733.7200      0.74588200     0.076631869
       8736.7100      0.73759200     0.076762462
       8739.7100      0.63263900     0.076896219
       8742.7000      0.55828000     0.077042596
       8745.6900      0.75340700     0.077202807
       8748.6800      0.71035500     0.077369882
       8751.6700      0.80299900     0.077537614
       8754.6600      0.73685700     0.077705913
       8757.6500      0.68575900     0.077882737
       8760.6400      0.68052200     0.078079009
       8763.6300      0.64710400     0.078304536
       8766.6200      0.68318400     0.078568094
       8769.6100      0.89692600     0.078878914
       8772.6000      0.72912900     0.079242308
       8775.5900      0.55378600     0.079649131
       8778.5800      0.77377600     0.080075762
       8781.5700      0.60474700     0.080498604
       8784.5600      0.58967400     0.080919786
       8787.5500      0.73911600     0.081381376
       8790.5400      0.72208800     0.081946228
       8793.5400      0.68954400     0.082665738
       8796.5300      0.77317700     0.083543602
       8799.5200      0.70210100     0.084550389
       8802.5100      0.54954400     0.085638543
       8805.5000      0.69590700     0.086764178
       8808.4900      0.74865400     0.087882835
       8811.4800      0.51560300     0.088927711
       8814.4700      0.51692400     0.089808083
       8817.4600      0.63642300     0.090458347
       8820.4500      0.59005800     0.090913341
       8823.4400      0.58855000     0.091345669
       8826.4300      0.60722700     0.092013770
       8829.4200      0.62029000     0.093118200
       8832.4100      0.65262900     0.094623519
       8835.4000      0.75031100     0.096174354
       8838.3900      0.67908400     0.097255674
       8841.3800      0.50639900     0.097554459
       8844.3700      0.50399300     0.097205297
       8847.3600      0.52126200     0.096628363
       8850.3600      0.68652400     0.096167643
       8853.3500      0.71794200     0.095911528
       8856.3400      0.68666100     0.095774063
       8859.3300      0.78072000     0.095661911
       8862.3200      0.76866100     0.095533021
       8865.3100      0.74947800     0.095345284
       8868.3000      0.69962700     0.095008891
       8871.2900      0.71882300     0.094407579
       8874.2800      0.62438800     0.093480203
       8877.2700      0.57246700     0.092294336
       8880.2600      0.57096300     0.091047001
       8883.2500      0.66470300     0.089978616
       8886.2400      0.60185200     0.089258265
       8889.2300      0.66033500     0.088927172
       8892.2200      0.47428600     0.088923961
       8895.2100      0.50335100     0.089162162
       8898.2000      0.68814600     0.089594498
       8901.2000      0.59820500     0.090234550
       8904.1900      0.52666800     0.091120612
       8907.1800      0.62927600     0.092283420
       8910.1700      0.54729600     0.093693295
       8913.1600      0.55573300     0.095240581
       8916.1500      0.57427100     0.096750972
       8919.1400      0.54089000     0.098045952
       8922.1300      0.68390200     0.099013781
       8925.1200      0.59723500     0.099640386
       8928.1100      0.57400700     0.099980305
       8931.1000      0.70757100      0.10011010
       8934.0900      0.79389600      0.10011267
       8937.0800      0.62802500      0.10007848
       8940.0700      0.56812100      0.10009184
       8943.0600      0.63144400      0.10018148
       8946.0500      0.59616200      0.10028838
       8949.0400      0.64744800      0.10029389
       8952.0400      0.52845400      0.10011112
       8955.0300      0.53700000     0.099777167
       8958.0200      0.61760900     0.099450557
       8961.0100      0.66494900     0.099320751
       8964.0000      0.64454100     0.099524375
       8966.9900      0.61865900      0.10012569
       8969.9800      0.54197500      0.10113167
       8972.9700      0.52011700      0.10244852
       8975.9600      0.56735400      0.10380197
       8978.9500      0.60119100      0.10476234
       8981.9400      0.58982800      0.10498523
       8984.9300      0.60147400      0.10451699
       8987.9200      0.61897100      0.10383495
       8990.9100      0.60980500      0.10353005
       8993.9000      0.56459800      0.10389790
       8996.8900      0.57080500      0.10474506
       8999.8800      0.51975000      0.10552239
       9002.8700      0.54995400      0.10573809
       9005.8700      0.68960900      0.10534936
       9008.8600      0.53892800      0.10478137
       9011.8500      0.54162300      0.10454049
       9014.8400      0.66692200      0.10483319
       9017.8300      0.60853900      0.10544145
       9020.8200      0.56742100      0.10589725
       9023.8100      0.54829500      0.10581660
       9026.8000      0.63624600      0.10514535
       9029.7900      0.64503300      0.10412878
       9032.7800      0.60701700      0.10308294
       9035.7700      0.60202900      0.10219676
       9038.7600      0.48386000      0.10149517
       9041.7500      0.45942400      0.10093146
       9044.7400      0.52619500      0.10049893
       9047.7300      0.49544700      0.10026426
       9050.7200      0.45923500      0.10030406
       9053.7100      0.47592500      0.10061187
       9056.7100      0.56204700      0.10106654
       9059.7000      0.51502700      0.10148243
       9062.6900      0.52748300      0.10173031
       9065.6800      0.57045700      0.10180880
       9068.6700      0.58077400      0.10183705
       9071.6600      0.52602700      0.10196681
       9074.6500      0.39902500      0.10229215
       9077.6400      0.50575900      0.10280657
       9080.6300      0.62157500      0.10341966
