# data from http://adsabs.harvard.edu/abs/2013A%26A...555A..10T
# original filename = SN05kj_b01_DUP_MS_25nov05.txt
# via WISEREP
# de-redshifted assuming z=    0.0170000
# flux divided by   5.73150e-16
# observation JD =        2453699.5
# phase in rest-frame days relative to JD =        2453692.0
# type is SNIIn
# phase is       7.40000
# WARNING: fake error spectrum!

       3716.8100      -3.2789000      0.23632587
       3719.2300      -2.6543300      0.23542060
       3721.6500      -2.4479200      0.23451764
       3724.0700      -2.9188300      0.23361700
       3726.4900      -1.5344200      0.23271867
       3728.9100      -2.3788900      0.23182266
       3731.3300      -1.7981800      0.23092896
       3733.7500      -2.9310500      0.23003756
       3736.1700      -2.9619200      0.22914846
       3738.5900      -2.4891100      0.22826167
       3741.0100      -1.9326600      0.22737718
       3743.4300      -2.8338800      0.22649498
       3745.8500      -2.8110900      0.22561508
       3748.2700      -1.9007200      0.22473746
       3750.6900      -2.2346800      0.22386214
       3753.1100      -1.9047600      0.22298910
       3755.5300      -1.4990600      0.22211834
       3757.9500      -1.9584700      0.22124986
       3760.3700      -2.1228200      0.22038366
       3762.7900      -2.0955500      0.21951974
       3765.2100      -1.8746000      0.21865808
       3767.6200      -2.1042900      0.21780224
       3770.0400      -1.9589100      0.21694512
       3772.4600      -1.4187400      0.21609025
       3774.8800      -1.5908800      0.21523765
       3777.3000      -1.4328900      0.21438731
       3779.7200      -2.3119700      0.21353922
       3782.1400      -2.2799200      0.21269339
       3784.5600      -1.9228600      0.21184980
       3786.9800      -1.7250000      0.21100847
       3789.4000      -1.8148700      0.21016938
       3791.8200      -2.1661100      0.20933253
       3794.2400      -1.7546600      0.20849792
       3796.6600      -1.5024400      0.20766555
       3799.0800      -1.1916000      0.20683542
       3801.5000      -1.9136200      0.20600751
       3803.9200      -1.7826700      0.20518184
       3806.3400      -2.0079300      0.20435839
       3808.7600      -1.2990800      0.20353716
       3811.1800      -1.3831600      0.20271816
       3813.6000      -1.9307000      0.20190138
       3816.0200      -1.6287100      0.20108681
       3818.4300      -1.3823600      0.20027780
       3820.8500      -1.6834300      0.19946765
       3823.2700      -1.8227500      0.19865970
       3825.6900      -1.6316400      0.19785396
       3828.1100      -1.2277100      0.19705042
       3830.5300      -1.4815600      0.19624908
       3832.9500      -1.4207100      0.19544994
       3835.3700      -1.4810500      0.19465300
       3837.7900      -1.3123500      0.19385824
       3840.2100      -1.3993200      0.19306568
       3842.6300      -1.6471500      0.19227530
       3845.0500      -1.5315200      0.19148710
       3847.4700      -1.4596200      0.19070109
       3849.8900      -1.5379800      0.18991725
       3852.3100      -2.0191900      0.18913559
       3854.7300      -1.5008900      0.18835610
       3857.1500      -1.4532700      0.18757879
       3859.5700      -1.3882500      0.18680364
       3861.9900      -1.2484900      0.18603065
       3864.4100      -1.5299200      0.18525983
       3866.8300      -1.2764200      0.18449117
       3869.2500      -1.1268800      0.18372467
       3871.6700      -1.1448900      0.18296032
       3874.0800     -0.85314500      0.18220126
       3876.5000      -1.3150500      0.18144121
       3878.9200      -1.1327400      0.18068330
       3881.3400      -1.1899100      0.17992753
       3883.7600      -1.2248700      0.17917390
       3886.1800      -1.0971100      0.17842241
       3888.6000      -1.1980100      0.17767306
       3891.0200      -1.1802500      0.17692584
       3893.4400      -1.0449300      0.17618075
       3895.8600      -1.2609800      0.17543779
       3898.2800      -1.1930800      0.17469696
       3900.7000     -0.74252400      0.17395824
       3903.1200     -0.69847700      0.17322165
       3905.5400     -0.72132200      0.17248717
       3907.9600     -0.78561600      0.17175481
       3910.3800      -1.0961500      0.17102456
       3912.8000     -0.76515800      0.17029642
       3915.2200     -0.56828800      0.16957039
       3917.6400     -0.59210700      0.16884645
       3920.0600     -0.73829900      0.16812462
       3922.4800     -0.43008800      0.16740489
       3924.8900     -0.65689300      0.16669022
       3927.3100     -0.79385500      0.16597467
       3929.7300     -0.38518700      0.16526120
       3932.1500     -0.65534100      0.16454983
       3934.5700     -0.61936800      0.16384054
       3936.9900     -0.22885600      0.16313334
       3939.4100     -0.51025800      0.16242821
       3941.8300     -0.49623600      0.16172516
       3944.2500     -0.31003100      0.16102418
       3946.6700     -0.21822500      0.16032528
       3949.0900     -0.22409600      0.15962845
       3951.5100     -0.39351300      0.15893368
       3953.9300     -0.36677300      0.15824097
       3956.3500     -0.24121700      0.15755033
       3958.7700     -0.11576100      0.15686174
       3961.1900    -0.099631000      0.15617522
       3963.6100     -0.12088100      0.15549074
       3966.0300     -0.37057400      0.15480831
       3968.4500     -0.23172700      0.15412793
       3970.8700     -0.18465200      0.15344960
       3973.2900     -0.23836300      0.15277331
       3975.7100    -0.042944900      0.15209906
       3978.1200      0.20628300      0.15142962
       3980.5400     0.054257700      0.15075943
       3982.9600      0.10547100      0.15009127
       3985.3800      0.55524100      0.14942514
       3987.8000      0.29995500      0.14876104
       3990.2200      0.30297300      0.14809896
       3992.6400      0.32130300      0.14743890
       3995.0600     0.060044300      0.14678086
       3997.4800      0.36026100      0.14612484
       3999.9000      0.56547600      0.14547083
       4002.3200      0.42258400      0.14481883
       4004.7400      0.40749300      0.14416884
       4007.1600      0.50555600      0.14352085
       4009.5800      0.68208800      0.14287486
       4012.0000      0.55452100      0.14223088
       4014.4200      0.63312900      0.14158889
       4016.8400      0.62919100      0.14094889
       4019.2600      0.57247200      0.14031089
       4021.6800      0.74201200      0.13967487
       4024.1000      0.65425400      0.13904084
       4026.5200      0.64462700      0.13840880
       4028.9400      0.64570900      0.13777874
       4031.3500      0.78834400      0.13715324
       4033.7700      0.77071200      0.13652712
       4036.1900      0.87793600      0.13590298
       4038.6100      0.94578800      0.13528080
       4041.0300      0.64254400      0.13466059
       4043.4500      0.81342600      0.13404235
       4045.8700      0.99354500      0.13342607
       4048.2900      0.84404800      0.13281175
       4050.7100      0.67901700      0.13219939
       4053.1300      0.72809900      0.13158897
       4055.5500      0.95359900      0.13098052
       4057.9700      0.92286900      0.13037401
       4060.3900      0.89024700      0.12976944
       4062.8100      0.96167000      0.12916682
       4065.2300      0.98497500      0.12856614
       4067.6500      0.93008700      0.12796740
       4070.0700      0.82004100      0.12737060
       4072.4900       1.0366900      0.12677572
       4074.9100      0.97607900      0.12618278
       4077.3300      0.98810800      0.12559176
       4079.7500       1.1420300      0.12500267
       4082.1600      0.97041100      0.12441793
       4084.5800      0.96665700      0.12383267
       4087.0000      0.99938800      0.12324933
       4089.4200       1.1441500      0.12266790
       4091.8400       1.2426200      0.12208839
       4094.2600       1.1548600      0.12151078
       4096.6800       1.0158800      0.12093508
       4099.1000       1.0599400      0.12036129
       4101.5200       1.1376000      0.11978939
       4103.9400       1.1728400      0.11921939
       4106.3600       1.1761600      0.11865129
       4108.7800       1.1341100      0.11808508
       4111.2000       1.2024100      0.11752076
       4113.6200       1.1488200      0.11695833
       4116.0400       1.1155900      0.11639779
       4118.4600       1.1913600      0.11583912
       4120.8800       1.2056100      0.11528234
       4123.3000       1.1411300      0.11472743
       4125.7200       1.1315000      0.11417439
       4128.1400       1.1410900      0.11362323
       4130.5600       1.1117400      0.11307393
       4132.9800       1.0590700      0.11252650
       4135.3900       1.2225000      0.11198319
       4137.8100       1.1600100      0.11143948
       4140.2300       1.1645100      0.11089762
       4142.6500       1.1582500      0.11035762
       4145.0700       1.0589200      0.10981948
       4147.4900       1.0901400      0.10928318
       4149.9100       1.0876700      0.10874873
       4152.3300       1.0459800      0.10821613
       4154.7500       1.0980300      0.10768537
       4157.1700       1.1575900      0.10715644
       4159.5900       1.2309800      0.10662936
       4162.0100       1.2210700      0.10610411
       4164.4300       1.2111200      0.10558069
       4166.8500       1.1416200      0.10505909
       4169.2700       1.0541000      0.10453933
       4171.6900       1.1566200      0.10402138
       4174.1100       1.1802900      0.10350526
       4176.5300       1.1648100      0.10299096
       4178.9500       1.1894900      0.10247847
       4181.3700       1.1562600      0.10196779
       4183.7900       1.1375600      0.10145893
       4186.2100       1.2064100      0.10095187
       4188.6200       1.2154900      0.10044870
       4191.0400       1.1587200     0.099945238
       4193.4600       1.1808100     0.099443577
       4195.8800       1.2087700     0.098943713
       4198.3000       1.2030800     0.098445643
       4200.7200       1.2016200     0.097949365
       4203.1400       1.2557400     0.097454874
       4205.5600       1.2115500     0.096962170
       4207.9800       1.2204900     0.096471249
       4210.4000       1.2275300     0.095982109
       4212.8200       1.2379100     0.095494746
       4215.2400       1.1610400     0.095009159
       4217.6600       1.1301000     0.094525345
       4220.0800       1.1927000     0.094043300
       4222.5000       1.1476700     0.093563023
       4224.9200       1.1869700     0.093084510
       4227.3400       1.1788700     0.092607759
       4229.7600       1.2479800     0.092132767
       4232.1800       1.2391600     0.091659532
       4234.6000       1.2003800     0.091188050
       4237.0200       1.1921600     0.090718320
       4239.4400       1.2347200     0.090250339
       4241.8500       1.2645700     0.089786026
       4244.2700       1.2619600     0.089321526
       4246.6900       1.2095200     0.088858767
       4249.1100       1.2123500     0.088397746
       4251.5300       1.2676400     0.087938460
       4253.9500       1.2634000     0.087480906
       4256.3700       1.2747600     0.087025082
       4258.7900       1.2353800     0.086570986
       4261.2100       1.2846200     0.086118614
       4263.6300       1.2346400     0.085667963
       4266.0500       1.3002300     0.085219032
       4268.4700       1.3398000     0.084771818
       4270.8900       1.2918000     0.084326317
       4273.3100       1.3329400     0.083882527
       4275.7300       1.2773100     0.083440446
       4278.1500       1.2982400     0.083000071
       4280.5700       1.2859200     0.082561399
       4282.9900       1.3398000     0.082124427
       4285.4100       1.3761700     0.081689153
       4287.8300       1.3343000     0.081255575
       4290.2500       1.3060000     0.080823688
       4292.6700       1.2920800     0.080393492
       4295.0800       1.3061500     0.079966750
       4297.5000       1.2719600     0.079539918
       4299.9200       1.3802600     0.079114768
       4302.3400       1.3177400     0.078691297
       4304.7600       1.3589400     0.078269502
       4307.1800       1.4375600     0.077849382
       4309.6000       1.4376500     0.077430932
       4312.0200       1.4080500     0.077014151
       4314.4400       1.4734100     0.076599035
       4316.8600       1.5034900     0.076185583
       4319.2800       1.4184600     0.075773791
       4321.7000       1.4196100     0.075363657
       4324.1200       1.4151400     0.074955177
       4326.5400       1.4564200     0.074548351
       4328.9600       1.4952000     0.074143174
       4331.3800       1.5218400     0.073739644
       4333.8000       1.5491500     0.073337758
       4336.2200       1.5538200     0.072937514
       4338.6400       1.5639400     0.072538910
       4341.0600       1.6838400     0.072141941
       4343.4800       1.6609500     0.071746607
       4345.9000       1.5122900     0.071352903
       4348.3100       1.5632200     0.070962444
       4350.7300       1.6655700     0.070571988
       4353.1500       1.6070700     0.070183155
       4355.5700       1.5668600     0.069795942
       4357.9900       1.5641300     0.069410347
       4360.4100       1.5656400     0.069026366
       4362.8300       1.5337400     0.068643999
       4365.2500       1.3793200     0.068263240
       4367.6700       1.5505900     0.067884089
       4370.0900       1.4579800     0.067506542
       4372.5100       1.4918000     0.067130597
       4374.9300       1.4763500     0.066756251
       4377.3500       1.4620300     0.066383501
       4379.7700       1.4837700     0.066012345
       4382.1900       1.4534400     0.065642780
       4384.6100       1.4901700     0.065274803
       4387.0300       1.4933400     0.064908412
       4389.4500       1.4323200     0.064543603
       4391.8700       1.4646600     0.064180375
       4394.2900       1.4001400     0.063818725
       4396.7100       1.4710700     0.063458650
       4399.1200       1.5326400     0.063101625
       4401.5400       1.5353100     0.062744685
       4403.9600       1.5310700     0.062389312
       4406.3800       1.5054600     0.062035503
       4408.8000       1.4580200     0.061683256
       4411.2200       1.4753100     0.061332568
       4413.6400       1.4918300     0.060983436
       4416.0600       1.4946800     0.060635857
       4418.4800       1.4235700     0.060289830
       4420.9000       1.4375500     0.059945351
       4423.3200       1.4419700     0.059602417
       4425.7400       1.4925600     0.059261027
       4428.1600       1.4901700     0.058921176
       4430.5800       1.4902600     0.058582863
       4433.0000       1.4918600     0.058246086
       4435.4200       1.4640300     0.057910840
       4437.8400       1.5018800     0.057577124
       4440.2600       1.5349200     0.057244935
       4442.6800       1.4915600     0.056914269
       4445.1000       1.5039700     0.056585126
       4447.5200       1.4616400     0.056257501
       4449.9400       1.4634300     0.055931393
       4452.3500       1.4510500     0.055608136
       4454.7700       1.4745200     0.055285046
       4457.1900       1.5495500     0.054963464
       4459.6100       1.4922300     0.054643388
       4462.0300       1.4266800     0.054324814
       4464.4500       1.4836800     0.054007740
       4466.8700       1.4546000     0.053692165
       4469.2900       1.4694600     0.053378083
       4471.7100       1.4976900     0.053065495
       4474.1300       1.5690200     0.052754395
       4476.5500       1.5375800     0.052444783
       4478.9700       1.5394500     0.052136654
       4481.3900       1.6020300     0.051830007
       4483.8100       1.5671700     0.051524839
       4486.2300       1.5537000     0.051221147
       4488.6500       1.5503400     0.050918929
       4491.0700       1.5142500     0.050618181
       4493.4900       1.5050800     0.050318902
       4495.9100       1.4000200     0.050021088
       4498.3300       1.4825300     0.049724736
       4500.7500       1.4462700     0.049429845
       4503.1700       1.4632400     0.049136412
       4505.5800       1.4571500     0.048845636
       4508.0000       1.4414900     0.048555103
       4510.4200       1.5209400     0.048266020
       4512.8400       1.4838600     0.047978384
       4515.2600       1.4356400     0.047692191
       4517.6800       1.4525100     0.047407440
       4520.1000       1.5249000     0.047124128
       4522.5200       1.4717600     0.046842252
       4524.9400       1.4663300     0.046561809
       4527.3600       1.5004500     0.046282797
       4529.7800       1.5604800     0.046005213
       4532.2000       1.4860000     0.045729055
       4534.6200       1.4330500     0.045454319
       4537.0400       1.4143000     0.045181004
       4539.4600       1.4395500     0.044909105
       4541.8800       1.5233700     0.044638622
       4544.3000       1.4736200     0.044369550
       4546.7200       1.4602300     0.044101888
       4549.1400       1.4733100     0.043835633
       4551.5600       1.4805900     0.043570782
       4553.9800       1.4310800     0.043307332
       4556.4000       1.4720800     0.043045280
       4558.8100       1.4982400     0.042785700
       4561.2300       1.4429000     0.042526432
       4563.6500       1.5041200     0.042268555
       4566.0700       1.5052800     0.042012066
       4568.4900       1.4582700     0.041756963
       4570.9100       1.4530300     0.041503242
       4573.3300       1.4264800     0.041250901
       4575.7500       1.4821800     0.040999938
       4578.1700       1.5111700     0.040750349
       4580.5900       1.5105500     0.040502132
       4583.0100       1.4653200     0.040255285
       4585.4300       1.4616700     0.040009804
       4587.8500       1.4287000     0.039765687
       4590.2700       1.4535400     0.039522932
       4592.6900       1.4716800     0.039281535
       4595.1100       1.4705800     0.039041494
       4597.5300       1.4361900     0.038802806
       4599.9500       1.4703400     0.038565470
       4602.3700       1.4478000     0.038329481
       4604.7900       1.4301100     0.038094837
       4607.2100       1.4285000     0.037861536
       4609.6200       1.4802600     0.037630531
       4612.0400       1.4422200     0.037399901
       4614.4600       1.4978100     0.037170607
       4616.8800       1.4667300     0.036942644
       4619.3000       1.4261800     0.036716010
       4621.7200       1.3440600     0.036490704
       4624.1400       1.3940500     0.036266721
       4626.5600       1.3909200     0.036044059
       4628.9800       1.4563400     0.035822716
       4631.4000       1.4148800     0.035602689
       4633.8200       1.4112200     0.035383975
       4636.2400       1.4136100     0.035166572
       4638.6600       1.4263100     0.034950476
       4641.0800       1.3764700     0.034735686
       4643.5000       1.3893000     0.034522198
       4645.9200       1.4126100     0.034310011
       4648.3400       1.4099000     0.034099120
       4650.7600       1.4071800     0.033889524
       4653.1800       1.4044600     0.033681220
       4655.6000       1.4017400     0.033474206
       4658.0200       1.3990300     0.033268477
       4660.4400       1.3895900     0.033064033
       4662.8500       1.3752800     0.032861707
       4665.2700       1.3859800     0.032659817
       4667.6900       1.4074800     0.032459203
       4670.1100       1.4209600     0.032259862
       4672.5300       1.4417800     0.032061791
       4674.9500       1.4564800     0.031864989
       4677.3700       1.4023900     0.031669452
       4679.7900       1.3554900     0.031475177
       4682.2100       1.3742600     0.031282162
       4684.6300       1.4091000     0.031090404
       4687.0500       1.4196200     0.030899901
       4689.4700       1.4396600     0.030710649
       4691.8900       1.3751900     0.030522647
       4694.3100       1.3855800     0.030335891
       4696.7300       1.4072000     0.030150379
       4699.1500       1.3897700     0.029966108
       4701.5700       1.3678700     0.029783076
       4703.9900       1.4349000     0.029601280
       4706.4100       1.3616900     0.029420716
       4708.8300       1.3805000     0.029241383
       4711.2500       1.4096200     0.029063278
       4713.6700       1.4492000     0.028886398
       4716.0800       1.3689300     0.028711464
       4718.5000       1.3655900     0.028537021
       4720.9200       1.3905500     0.028363795
       4723.3400       1.3934300     0.028191784
       4725.7600       1.3217400     0.028020984
       4728.1800       1.3377000     0.027851394
       4730.6000       1.4006700     0.027683010
       4733.0200       1.3625400     0.027515830
       4735.4400       1.4424400     0.027349850
       4737.8600       1.4450400     0.027185070
       4740.2800       1.4031000     0.027021485
       4742.7000       1.3648700     0.026859093
       4745.1200       1.4120600     0.026697891
       4747.5400       1.4098300     0.026537878
       4749.9600       1.4244100     0.026379049
       4752.3800       1.4199200     0.026221403
       4754.8000       1.3838500     0.026064936
       4757.2200       1.3576900     0.025909647
       4759.6400       1.3835000     0.025755532
       4762.0600       1.3442200     0.025602588
       4764.4800       1.3600500     0.025450814
       4766.9000       1.3091700     0.025300206
       4769.3100       1.3497900     0.025151377
       4771.7300       1.3769000     0.025003089
       4774.1500       1.3699100     0.024855959
       4776.5700       1.4252800     0.024709985
       4778.9900       1.4057400     0.024565164
       4781.4100       1.3745500     0.024421493
       4783.8300       1.3253800     0.024278970
       4786.2500       1.3851200     0.024137593
       4788.6700       1.4457700     0.023997357
       4791.0900       1.4043700     0.023858261
       4793.5100       1.4173500     0.023720302
       4795.9300       1.3757500     0.023583478
       4798.3500       1.3756700     0.023447785
       4800.7700       1.4192700     0.023313221
       4803.1900       1.3702800     0.023179783
       4805.6100       1.3908200     0.023047469
       4808.0300       1.4155400     0.022916276
       4810.4500       1.4408800     0.022786201
       4812.8700       1.4715700     0.022657242
       4815.2900       1.4017200     0.022529396
       4817.7100       1.4388800     0.022402660
       4820.1200       1.4994300     0.022277549
       4822.5400       1.5059200     0.022153021
       4824.9600       1.4834600     0.022029595
       4827.3800       1.4950300     0.021907270
       4829.8000       1.4871900     0.021786041
       4832.2200       1.5001600     0.021665906
       4834.6400       1.5882000     0.021546863
       4837.0600       1.6168800     0.021428909
       4839.4800       1.5756300     0.021312041
       4841.9000       1.6450400     0.021196256
       4844.3200       1.6686000     0.021081553
       4846.7400       1.6564900     0.020967928
       4849.1600       1.6527300     0.020855378
       4851.5800       1.6597800     0.020743901
       4854.0000       1.8429800     0.020633495
       4856.4200       1.9855100     0.020524156
       4858.8400       2.0380200     0.020415882
       4861.2600       1.9589300     0.020308670
       4863.6800       1.9163600     0.020202518
       4866.1000       1.8671900     0.020097423
       4868.5200       1.7069300     0.019993382
       4870.9400       1.7194500     0.019890392
       4873.3500       1.7166200     0.019788870
       4875.7700       1.6812000     0.019687972
       4878.1900       1.5905300     0.019588116
       4880.6100       1.5499700     0.019489302
       4883.0300       1.5833500     0.019391526
       4885.4500       1.5229400     0.019294785
       4887.8700       1.5452000     0.019199077
       4890.2900       1.4726100     0.019104399
       4892.7100       1.4959300     0.019010749
       4895.1300       1.5202000     0.018918124
       4897.5500       1.4588900     0.018826521
       4899.9700       1.4777200     0.018735937
       4902.3900       1.3965200     0.018646370
       4904.8100       1.4171100     0.018557817
       4907.2300       1.4088300     0.018470276
       4909.6500       1.4297100     0.018383744
       4912.0700       1.3553400     0.018298217
       4914.4900       1.3104400     0.018213695
       4916.9100       1.3656900     0.018130058
       4919.3300       1.3857500     0.018047826
       4921.7500       1.3833000     0.017966282
       4924.1700       1.3681100     0.017885536
       4926.5800       1.3962600     0.017806069
       4929.0000       1.3730700     0.017727523
       4931.4200       1.3592600     0.017650018
       4933.8400       1.3713300     0.017573535
       4936.2600       1.4020500     0.017498061
       4938.6800       1.3512900     0.017423456
       4941.1000       1.2965200     0.017349854
       4943.5200       1.3233000     0.017277251
       4945.9400       1.3680700     0.017205529
       4948.3600       1.3607900     0.017134820
       4950.7800       1.3460600     0.017065010
       4953.2000       1.3063400     0.016996072
       4955.6200       1.3245300     0.016927897
       4958.0400       1.3186300     0.016860826
       4960.4600       1.3493500     0.016794832
       4962.8800       1.3567700     0.016729923
       4965.3000       1.3440300     0.016666048
       4967.7200       1.3455700     0.016603111
       4970.1400       1.2761200     0.016540987
       4972.5600       1.3047100     0.016479630
       4974.9800       1.3086700     0.016419190
       4977.4000       1.3371900     0.016359676
       4979.8100       1.3232700     0.016301587
       4982.2300       1.2916100     0.016244235
       4984.6500       1.3003100     0.016187733
       4987.0700       1.2795500     0.016132025
       4989.4900       1.3160900     0.016077075
       4991.9100       1.3716400     0.016022991
       4994.3300       1.3397200     0.015969962
       4996.7500       1.3431000     0.015918013
       4999.1700       1.3001200     0.015867092
       5001.5900       1.3366000     0.015817140
       5004.0100       1.3244500     0.015767983
       5006.4300       1.2868500     0.015719591
       5008.8500       1.2603900     0.015694535
       5011.2700       1.3485500     0.015694459
       5013.6900       1.3984800     0.015694424
       5016.1100       1.3775600     0.015694413
       5018.5300       1.3837200     0.015694444
       5020.9500       1.3969600     0.015694448
       5023.3700       1.3855400     0.015694501
       5025.7900       1.3222900     0.015694457
       5028.2100       1.3204600     0.015694541
       5030.6200       1.3622300     0.015694562
       5033.0400       1.4093600     0.015694627
       5035.4600       1.3912200     0.015694665
       5037.8800       1.3579400     0.015694592
       5040.3000       1.3511400     0.015694429
       5042.7200       1.3778100     0.015694385
       5045.1400       1.3571400     0.015694317
       5047.5600       1.2902200     0.015694300
       5049.9800       1.3418800     0.015694388
       5052.4000       1.3008100     0.015694507
       5054.8200       1.2914300     0.015694580
       5057.2400       1.3425900     0.015694565
       5059.6600       1.3576200     0.015694529
       5062.0800       1.3188100     0.015694497
       5064.5000       1.3315700     0.015694542
       5066.9200       1.3156700     0.015694535
       5069.3400       1.2549800     0.015694446
       5071.7600       1.3272700     0.015694351
       5074.1800       1.3132100     0.015694381
       5076.6000       1.3455100     0.015694521
       5079.0200       1.3313700     0.015694566
       5081.4400       1.2936500     0.015694515
       5083.8500       1.2900800     0.015694360
       5086.2700       1.3112700     0.015694298
       5088.6900       1.3106400     0.015694377
       5091.1100       1.2567500     0.015694492
       5093.5300       1.3051000     0.015694557
       5095.9500       1.2954300     0.015694606
       5098.3700       1.2369000     0.015694615
       5100.7900       1.2542400     0.015694616
       5103.2100       1.2965400     0.015694545
       5105.6300       1.2979700     0.015694418
       5108.0500       1.2895900     0.015694289
       5110.4700       1.2639900     0.015694261
       5112.8900       1.2858900     0.015694390
       5115.3100       1.3040100     0.015694459
       5117.7300       1.3348300     0.015694516
       5120.1500       1.3103800     0.015694576
       5122.5700       1.2476500     0.015694583
       5124.9900       1.2682900     0.015694530
       5127.4100       1.2703500     0.015694515
       5129.8300       1.2472300     0.015694483
       5132.2500       1.2983100     0.015694480
       5134.6700       1.3195900     0.015694494
       5137.0800       1.3150700     0.015694503
       5139.5000       1.3375400     0.015694478
       5141.9200       1.2856200     0.015694459
       5144.3400       1.2569200     0.015694428
       5146.7600       1.2753300     0.015694426
       5149.1800       1.2355200     0.015694401
       5151.6000       1.2443400     0.015694401
       5154.0200       1.3013300     0.015694481
       5156.4400       1.2416100     0.015694493
       5158.8600       1.2637100     0.015694538
       5161.2800       1.2520700     0.015694490
       5163.7000       1.2508900     0.015694459
       5166.1200       1.2614200     0.015694409
       5168.5400       1.3241400     0.015694411
       5170.9600       1.2681300     0.015694394
       5173.3800       1.3059500     0.015694418
       5175.8000       1.3023800     0.015694496
       5178.2200       1.2798500     0.015694516
       5180.6400       1.2499100     0.015694552
       5183.0600       1.1727700     0.015694535
       5185.4800       1.2093100     0.015694511
       5187.9000       1.2052600     0.015694497
       5190.3100       1.2294600     0.015694452
       5192.7300       1.2216200     0.015694459
       5195.1500       1.2260400     0.015694566
       5197.5700       1.2263700     0.015694553
       5199.9900       1.2077100     0.015694582
       5202.4100       1.1907200     0.015694493
       5204.8300       1.2104000     0.015694465
       5207.2500       1.2044100     0.015694416
       5209.6700       1.2170900     0.015694446
       5212.0900       1.2422800     0.015694444
       5214.5100       1.2295800     0.015694463
       5216.9300       1.2188500     0.015694450
       5219.3500       1.2189500     0.015694366
       5221.7700       1.2056500     0.015694375
       5224.1900       1.2099400     0.015694388
       5226.6100       1.2198800     0.015694388
       5229.0300       1.1936200     0.015694437
       5231.4500       1.2246400     0.015694472
       5233.8700       1.2067700     0.015694465
       5236.2900       1.1984700     0.015694529
       5238.7100       1.2245700     0.015694505
       5241.1200       1.1864400     0.015694529
       5243.5400       1.1960100     0.015694486
       5245.9600       1.1764000     0.015694522
       5248.3800       1.1886100     0.015694541
       5250.8000       1.2107300     0.015694597
       5253.2200       1.2219500     0.015694559
       5255.6400       1.2193200     0.015694520
       5258.0600       1.2112100     0.015694394
       5260.4800       1.2089700     0.015694358
       5262.9000       1.1669300     0.015694371
       5265.3200       1.2355500     0.015694477
       5267.7400       1.1883600     0.015694535
       5270.1600       1.2184700     0.015694540
       5272.5800       1.1722900     0.015694544
       5275.0000       1.2040000     0.015694503
       5277.4200       1.1952600     0.015694454
       5279.8400       1.2175600     0.015694485
       5282.2600       1.1861700     0.015694476
       5284.6800       1.1610500     0.015694461
       5287.1000       1.1583500     0.015694501
       5289.5200       1.1879300     0.015694478
       5291.9400       1.1968900     0.015694501
       5294.3500       1.1966900     0.015694486
       5296.7700       1.1838400     0.015694403
       5299.1900       1.1886700     0.015713894
       5301.6100       1.1828400     0.015755500
       5304.0300       1.1725000     0.015797735
       5306.4500       1.1632300     0.015840626
       5308.8700       1.1661500     0.015884103
       5311.2900       1.1909600     0.015928007
       5313.7100       1.1606800     0.015972477
       5316.1300       1.1635000     0.016017272
       5318.5500       1.1740000     0.016062719
       5320.9700       1.1702200     0.016108696
       5323.3900       1.1877300     0.016155329
       5325.8100       1.1853800     0.016202708
       5328.2300       1.1516800     0.016250585
       5330.6500       1.1299600     0.016298949
       5333.0700       1.1370000     0.016347842
       5335.4900       1.1602700     0.016397152
       5337.9100       1.1662500     0.016446989
       5340.3300       1.1363200     0.016497424
       5342.7500       1.1260400     0.016548551
       5345.1700       1.1557400     0.016600147
       5347.5800       1.1641700     0.016652073
       5350.0000       1.1486800     0.016704637
       5352.4200       1.1422700     0.016757685
       5354.8400       1.1632600     0.016811233
       5357.2600       1.1428900     0.016865282
       5359.6800       1.1318600     0.016919940
       5362.1000       1.1295900     0.016975194
       5364.5200       1.1567400     0.017030897
       5366.9400       1.1332500     0.017087052
       5369.3600       1.1528100     0.017143722
       5371.7800       1.1243100     0.017200833
       5374.2000       1.1007900     0.017258407
       5376.6200       1.1422800     0.017316453
       5379.0400       1.1467800     0.017374988
       5381.4600       1.1318200     0.017434098
       5383.8800       1.1380200     0.017493726
       5386.3000       1.1238600     0.017553867
       5388.7200       1.1257300     0.017614483
       5391.1400       1.1712000     0.017675676
       5393.5600       1.1769600     0.017737227
       5395.9800       1.1282700     0.017799227
       5398.4000       1.1250000     0.017861717
       5400.8100       1.0967700     0.017924349
       5403.2300       1.0883900     0.017987766
       5405.6500       1.1202000     0.018051681
       5408.0700       1.1402500     0.018116044
       5410.4900       1.0966000     0.018180829
       5412.9100       1.0612000     0.018245873
       5415.3300       1.0730600     0.018311406
       5417.7500       1.0289400     0.018377431
       5420.1700       1.1242500     0.018443988
       5422.5900       1.1042400     0.018511129
       5425.0100       1.1450700     0.018578622
       5427.4300       1.1708000     0.018646544
       5429.8500       1.0709800     0.018714802
       5432.2700       1.1199300     0.018783566
       5434.6900       1.1682600     0.018852706
       5437.1100       1.1532500     0.018922430
       5439.5300       1.0746200     0.018992541
       5441.9500       1.0830100     0.019062998
       5444.3700       1.0606800     0.019133865
       5446.7900       1.1423900     0.019205157
       5449.2100       1.0741900     0.019276864
       5451.6300       1.0985100     0.019348945
       5454.0400       1.0690200     0.019421138
       5456.4600       1.0465000     0.019494031
       5458.8800       1.0419700     0.019567333
       5461.3000       1.0559900     0.019641057
       5463.7200       1.1047300     0.019715131
       5466.1400       1.0862900     0.019789673
       5468.5600       1.0762300     0.019864648
       5470.9800       1.0488500     0.019939940
       5473.4000       1.0792400     0.020015634
       5475.8200       1.0607400     0.020091759
       5478.2400       1.0588000     0.020168272
       5480.6600       1.0704700     0.020245109
       5483.0800      0.99985900     0.020322344
       5485.5000       1.0037800     0.020399840
       5487.9200       1.0578000     0.020477735
       5490.3400       1.0727600     0.020556094
       5492.7600       1.0385600     0.020634801
       5495.1800      0.99802000     0.020713840
       5497.6000       1.0809200     0.020793233
       5500.0200       1.0874700     0.020872941
       5502.4400       1.1043000     0.020953020
       5504.8500       1.0722900     0.021033271
       5507.2700       1.0556900     0.021114139
       5509.6900       1.0442900     0.021195409
       5512.1100       1.0684500     0.021276847
       5514.5300       1.0563200     0.021358627
       5516.9500       1.0581400     0.021440760
       5519.3700       1.0044200     0.021523298
       5521.7900       1.0324000     0.021606161
       5524.2100       1.0645900     0.021689314
       5526.6300       1.0822700     0.021772836
       5529.0500       1.0792000     0.021856664
       5531.4700       1.0018400     0.021940891
       5533.8900       1.0442900     0.022025454
       5536.3100       1.0587600     0.022110232
       5538.7300       1.0314100     0.022195331
       5541.1500       1.0269800     0.022280704
       5543.5700       1.0090600     0.022366414
       5545.9900       1.0415200     0.022452538
       5548.4100       1.0439200     0.022538950
       5550.8300       1.0101400     0.022625622
       5553.2500       1.0300200     0.022712580
       5555.6700       1.0410800     0.022799740
       5558.0800      0.98471500     0.022886921
       5560.5000       1.0202500     0.022974611
       5562.9200       1.0641000     0.023062666
       5565.3400       1.0671100     0.023151154
       5567.7600       1.0533200     0.023239876
       5570.1800       1.0441200     0.023328813
       5572.6000       1.0202000     0.023417989
       5575.0200       1.0504000     0.023507419
       5577.4400       1.0525900     0.023597193
       5579.8600      0.98614700     0.023687332
       5582.2800       1.0235200     0.023777931
       5584.7000       1.0204300     0.023868555
       5587.1200       1.0344900     0.023959301
       5589.5400       1.0039400     0.024050186
       5591.9600      0.99814300     0.024141238
       5594.3800       1.0153200     0.024232784
       5596.8000      0.97813900     0.024324881
       5599.2200      0.97831000     0.024417172
       5601.6400       1.0309800     0.024509760
       5604.0600      0.97511600     0.024602379
       5606.4800       1.0069400     0.024695177
       5608.9000       1.0053700     0.024788031
       5611.3100      0.94916100     0.024880827
       5613.7300      0.99066500     0.024974329
       5616.1500      0.99619200     0.025068263
       5618.5700       1.0114100     0.025162492
       5620.9900      0.98618500     0.025256839
       5623.4100       1.0219500     0.025351331
       5625.8300       1.0345800     0.025445973
       5628.2500       1.0148800     0.025540848
       5630.6700       1.0340600     0.025635641
       5633.0900      0.99090000     0.025730713
       5635.5100       1.0345400     0.025826160
       5637.9300      0.97684800     0.025921985
       5640.3500       1.0063600     0.026017998
       5642.7700       1.0235700     0.026114225
       5645.1900      0.98356900     0.026210518
       5647.6100      0.95792800     0.026306807
       5650.0300       1.0331200     0.026403182
       5652.4500      0.96094100     0.026499886
       5654.8700       1.0091300     0.026597139
       5657.2900      0.96447600     0.026694555
       5659.7100      0.96444600     0.026792263
       5662.1200       1.0387400     0.026889662
       5664.5400       1.0322900     0.026987323
       5666.9600       1.0127100     0.027085245
       5669.3800       1.0082900     0.027183198
       5671.8000       1.0162100     0.027281394
       5674.2200      0.98949900     0.027379868
       5676.6400      0.99929500     0.027478485
       5679.0600      0.91110700     0.027577400
       5681.4800      0.92571000     0.027676477
       5683.9000       1.0363800     0.027775768
       5686.3200       1.0002100     0.027875090
       5688.7400      0.96122800     0.027974562
       5691.1600       1.0000000     0.028073926
       5693.5800      0.99281300     0.028173430
       5696.0000      0.98587600     0.028273162
       5698.4200      0.98372100     0.028373025
       5700.8400      0.99753800     0.028473125
       5703.2600      0.96370700     0.028573415
       5705.6800      0.97630100     0.028673754
       5708.1000      0.99022600     0.028774234
       5710.5200       1.0358700     0.028874887
       5712.9400       1.0093300     0.028975596
       5715.3600      0.96710600     0.029076436
       5717.7700      0.96033600     0.029177002
       5720.1900      0.99344300     0.029278208
       5722.6100      0.99513600     0.029379443
       5725.0300       1.0128500     0.029480721
       5727.4500       1.0318100     0.029582160
       5729.8700       1.0176500     0.029683627
       5732.2900      0.98471000     0.029785164
       5734.7100      0.97516100     0.029886912
       5737.1300       1.0274700     0.029988775
       5739.5500       1.0308800     0.030090594
       5741.9700      0.98198800     0.030192661
       5744.3900      0.94543200     0.030294725
       5746.8100       1.0274900     0.030396978
       5749.2300       1.0264100     0.030499213
       5751.6500      0.98989100     0.030601667
       5754.0700      0.93454200     0.030704017
       5756.4900       1.0306100     0.030806391
       5758.9100       1.0096200     0.030908751
       5761.3300       1.0197700     0.031011326
       5763.7500       1.0341200     0.031114338
       5766.1700      0.99979400     0.031218309
       5768.5800      0.94697800     0.031324027
       5771.0000      0.94099400     0.031434871
       5773.4200       1.0037200     0.031553088
       5775.8400      0.97773200     0.031682040
       5778.2600      0.95427000     0.031823588
       5780.6800      0.94148400     0.031978214
       5783.1000      0.94967800     0.032142321
       5785.5200      0.96909100     0.032307670
       5787.9400      0.95077800     0.032462708
       5790.3600      0.92571300     0.032598192
       5792.7800      0.97213200     0.032714348
       5795.2000      0.96064800     0.032819880
       5797.6200      0.95635000     0.032921057
       5800.0400      0.94032700     0.033014051
       5802.4600      0.95961800     0.033091368
       5804.8800      0.99021100     0.033156470
       5807.3000      0.99008800     0.033224395
       5809.7200      0.95632200     0.033309205
       5812.1400      0.98389500     0.033416299
       5814.5600       1.0137600     0.033543141
       5816.9800      0.99431800     0.033680761
       5819.4000      0.96882800     0.033812632
       5821.8100      0.95552000     0.033918609
       5824.2300      0.95225400     0.033991129
       5826.6500       1.0109200     0.034040002
       5829.0700      0.96933200     0.034087636
       5831.4900      0.99011100     0.034155202
       5833.9100      0.97389700     0.034254890
       5836.3300      0.96038200     0.034391215
       5838.7500      0.93461100     0.034559816
       5841.1700      0.98935300     0.034740718
       5843.5900      0.99010200     0.034902377
       5846.0100       1.0068700     0.035019168
       5848.4300      0.99824200     0.035088845
       5850.8500      0.99548100     0.035132394
       5853.2700       1.0351100     0.035178155
       5855.6900       1.0181700     0.035242430
       5858.1100       1.0481700     0.035324936
       5860.5300       1.0403500     0.035418496
       5862.9500      0.99885000     0.035520708
       5865.3700       1.0078100     0.035630507
       5867.7900       1.0525700     0.035741960
       5870.2100       1.1167700     0.035847582
       5872.6200       1.1370100     0.035944786
       5875.0400       1.1071700     0.036036984
       5877.4600       1.1351900     0.036124977
       5879.8800       1.0930300     0.036210140
       5882.3000       1.0783700     0.036296629
       5884.7200       1.0981800     0.036389229
       5887.1400       1.0078100     0.036488283
       5889.5600      0.91685500     0.036588047
       5891.9800      0.95561900     0.036682839
       5894.4000       1.0021400     0.036772351
       5896.8200      0.98950100     0.036859242
       5899.2400       1.0031500     0.036946290
       5901.6600      0.97016900     0.037034466
       5904.0800      0.98828000     0.037123347
       5906.5000       1.0004500     0.037213450
       5908.9200       1.0148500     0.037306148
       5911.3400       1.0496300     0.037401913
       5913.7600       1.0501900     0.037500140
       5916.1800       1.0059900     0.037599956
       5918.6000       1.0225600     0.037700334
       5921.0200       1.0084700     0.037801196
       5923.4400       1.0167400     0.037902233
       5925.8500       1.0166300     0.038002962
       5928.2700      0.99850300     0.038103957
       5930.6900      0.99545700     0.038204944
       5933.1100       1.0041200     0.038305758
       5935.5300      0.95418100     0.038406225
       5937.9500      0.99688400     0.038506671
       5940.3700      0.97909600     0.038606956
       5942.7900      0.98520700     0.038707048
       5945.2100      0.97964400     0.038807041
       5947.6300      0.97538700     0.038906968
       5950.0500      0.95166400     0.039006787
       5952.4700      0.97162000     0.039106250
       5954.8900      0.98274600     0.039205914
       5957.3100      0.95723200     0.039305224
       5959.7300      0.94325300     0.039404540
       5962.1500      0.91950400     0.039503578
       5964.5700      0.93169800     0.039602558
       5966.9900      0.92059100     0.039701179
       5969.4100      0.90577200     0.039799651
       5971.8300      0.95832500     0.039897985
       5974.2500      0.96433500     0.039996066
       5976.6700      0.94244100     0.040094181
       5979.0900      0.91437000     0.040192030
       5981.5000      0.91938500     0.040289377
       5983.9200      0.95563400     0.040386988
       5986.3400      0.93767000     0.040484340
       5988.7600      0.91306000     0.040581553
       5991.1800      0.93015800     0.040678550
       5993.6000      0.92753000     0.040775386
       5996.0200      0.94531700     0.040872028
       5998.4400      0.95372500     0.040968303
       6000.8600      0.90360000     0.041064417
       6003.2800      0.92565300     0.041160373
       6005.7000      0.87739500     0.041256192
       6008.1200      0.88898400     0.041351714
       6010.5400      0.97414400     0.041447049
       6012.9600      0.94935600     0.041542215
       6015.3800      0.99270200     0.041637307
       6017.8000      0.98630000     0.041732176
       6020.2200      0.92389700     0.041826856
       6022.6400      0.93382200     0.041921204
       6025.0600      0.96175800     0.042015403
       6027.4800      0.89772700     0.042109186
       6029.9000      0.86640000     0.042202747
       6032.3100      0.89865100     0.042295797
       6034.7300      0.93981700     0.042388909
       6037.1500      0.93290900     0.042481824
       6039.5700      0.92247200     0.042574530
       6041.9900      0.91409600     0.042666996
       6044.4100      0.88747700     0.042759207
       6046.8300      0.88119200     0.042851336
       6049.2500      0.90928600     0.042943177
       6051.6700      0.89064200     0.043034727
       6054.0900      0.87645400     0.043125986
       6056.5100      0.85343400     0.043216809
       6058.9300      0.87909100     0.043307561
       6061.3500      0.89212100     0.043397969
       6063.7700      0.88703200     0.043488187
       6066.1900      0.92254900     0.043578148
       6068.6100      0.90538000     0.043667872
       6071.0300      0.90797700     0.043757363
       6073.4500      0.84873600     0.043846508
       6075.8700      0.83487900     0.043935301
       6078.2900      0.90699000     0.044023619
       6080.7100      0.90832900     0.044111728
       6083.1200      0.86443900     0.044199177
       6085.5400      0.84448300     0.044286923
       6087.9600      0.87301900     0.044374530
       6090.3800      0.90042000     0.044461836
       6092.8000      0.89096100     0.044548691
       6095.2200      0.89804500     0.044635313
       6097.6400      0.86533100     0.044721314
       6100.0600      0.89003900     0.044807057
       6102.4800      0.88683000     0.044892609
       6104.9000      0.90452000     0.044977985
       6107.3200      0.90450000     0.045062943
       6109.7400      0.85502300     0.045147558
       6112.1600      0.87682400     0.045232109
       6114.5800      0.84762600     0.045315955
       6117.0000      0.88285400     0.045399672
       6119.4200      0.87214300     0.045482824
       6121.8400      0.87479700     0.045565943
       6124.2600      0.83579200     0.045648588
       6126.6800      0.87816100     0.045731073
       6129.1000      0.85117600     0.045813085
       6131.5200      0.87038000     0.045894867
       6133.9400      0.86472200     0.045976309
       6136.3500      0.87308700     0.046056951
       6138.7700      0.83741700     0.046137556
       6141.1900      0.85498600     0.046217974
       6143.6100      0.87105800     0.046298234
       6146.0300      0.85114900     0.046378892
       6148.4500      0.89537700     0.046460432
       6150.8700      0.87062800     0.046544578
       6153.2900      0.86262100     0.046632357
       6155.7100      0.84134900     0.046727663
       6158.1300      0.85712500     0.046838880
       6160.5500      0.90200100     0.046985357
       6162.9700      0.88726600     0.047201997
       6165.3900      0.88700200     0.047526448
       6167.8100      0.90485000     0.047961787
       6170.2300      0.89496400     0.048436243
       6172.6500      0.83203100     0.048812843
       6175.0700      0.81342000     0.048975435
       6177.4900      0.84914300     0.048927221
       6179.9100      0.86742700     0.048779943
       6182.3300      0.83841000     0.048662651
       6184.7500      0.86928400     0.048634897
       6187.1700      0.89878300     0.048677723
       6189.5800      0.89366000     0.048740948
       6192.0000      0.78515700     0.048787396
       6194.4200      0.82867200     0.048806367
       6196.8400      0.89059500     0.048807165
       6199.2600      0.93401800     0.048802563
       6201.6800      0.87833600     0.048801710
       6204.1000      0.85582200     0.048807895
       6206.5200      0.84961500     0.048821649
       6208.9400      0.87145300     0.048842173
       6211.3600      0.84548700     0.048867366
       6213.7800      0.85758700     0.048894452
       6216.2000      0.86767200     0.048922095
       6218.6200      0.86076600     0.048950742
       6221.0400      0.85154100     0.048982359
       6223.4600      0.85834600     0.049018211
       6225.8800      0.83674900     0.049058948
       6228.3000      0.82550100     0.049104042
       6230.7200      0.90451700     0.049153928
       6233.1400      0.92612400     0.049207595
       6235.5600      0.84633300     0.049263092
       6237.9800      0.88803900     0.049318152
       6240.4000      0.89656000     0.049370860
       6242.8100      0.89044100     0.049420347
       6245.2300      0.86545600     0.049468439
       6247.6500      0.88041900     0.049517010
       6250.0700      0.90025000     0.049566857
       6252.4900      0.87742300     0.049618233
       6254.9100      0.86096900     0.049669892
       6257.3300      0.84207200     0.049721399
       6259.7500      0.84163100     0.049773109
       6262.1700      0.85117400     0.049824642
       6264.5900      0.81221500     0.049873851
       6267.0100      0.83223200     0.049921329
       6269.4300      0.82970300     0.049967959
       6271.8500      0.81058500     0.050016463
       6274.2700      0.85214000     0.050068817
       6276.6900      0.82116900     0.050124377
       6279.1100      0.83234700     0.050180204
       6281.5300      0.86816700     0.050232888
       6283.9500      0.87716900     0.050280642
       6286.3700      0.78771800     0.050324606
       6288.7900      0.81018500     0.050367088
       6291.2100      0.84976200     0.050411124
       6293.6300      0.86853000     0.050458110
       6296.0400      0.86781200     0.050507034
       6298.4600      0.86449800     0.050557619
       6300.8800      0.85890500     0.050608405
       6303.3000      0.81823100     0.050659132
       6305.7200      0.87430100     0.050709387
       6308.1400      0.86501900     0.050759168
       6310.5600      0.85635000     0.050807987
       6312.9800      0.88831300     0.050856594
       6315.4000      0.86297500     0.050904542
       6317.8200      0.85755000     0.050952030
       6320.2400      0.87153300     0.050998884
       6322.6600      0.89826000     0.051045455
       6325.0800      0.87366400     0.051091528
       6327.5000      0.83795600     0.051136997
       6329.9200      0.79235200     0.051182499
       6332.3400      0.82972900     0.051228161
       6334.7600      0.81495900     0.051273845
       6337.1800      0.80523500     0.051320573
       6339.6000      0.82932300     0.051369831
       6342.0200      0.79997400     0.051423767
       6344.4400      0.84455600     0.051484575
       6346.8500      0.87398100     0.051552831
       6349.2700      0.87354700     0.051627282
       6351.6900      0.83500400     0.051705992
       6354.1100      0.82635500     0.051789072
       6356.5300      0.83373600     0.051879618
       6358.9500      0.86791600     0.051980928
       6361.3700      0.88313900     0.052092171
       6363.7900      0.88762100     0.052204151
       6366.2100      0.86751700     0.052301400
       6368.6300      0.83845800     0.052371923
       6371.0500      0.81650800     0.052411867
       6373.4700      0.81060900     0.052427795
       6375.8900      0.86684500     0.052430107
       6378.3100      0.91757000     0.052426365
       6380.7300      0.86773400     0.052419192
       6383.1500      0.80767400     0.052404786
       6385.5700      0.89067600     0.052378371
       6387.9900      0.87695700     0.052341002
       6390.4100      0.89415300     0.052303500
       6392.8300      0.87364700     0.052283348
       6395.2500      0.85299200     0.052296959
       6397.6700      0.85328300     0.052354100
       6400.0800      0.87835100     0.052454037
       6402.5000      0.87185200     0.052580447
       6404.9200      0.85088400     0.052698723
       6407.3400      0.84097000     0.052769072
       6409.7600      0.82914000     0.052770981
       6412.1800      0.89305200     0.052716797
       6414.6000      0.89200400     0.052642936
       6417.0200      0.84997400     0.052584508
       6419.4400      0.90580800     0.052558153
       6421.8600      0.90872200     0.052560474
       6424.2800      0.89533600     0.052578817
       6426.7000      0.88526200     0.052605586
       6429.1200      0.84016500     0.052641276
       6431.5400      0.84613600     0.052688636
       6433.9600      0.84392100     0.052742825
       6436.3800      0.87370900     0.052793279
       6438.8000      0.85984700     0.052830513
       6441.2200      0.84429900     0.052851741
       6443.6400      0.78332100     0.052861005
       6446.0600      0.89256100     0.052864743
       6448.4800      0.87736000     0.052867979
       6450.9000      0.84749300     0.052871436
       6453.3100      0.88527000     0.052872523
       6455.7300      0.84096600     0.052870119
       6458.1500      0.85729300     0.052865683
       6460.5700      0.83308100     0.052859795
       6462.9900      0.88342700     0.052850739
       6465.4100      0.89546200     0.052835525
       6467.8300      0.83467200     0.052816367
       6470.2500      0.81604800     0.052798370
       6472.6700      0.88471500     0.052784394
       6475.0900      0.86284100     0.052772913
       6477.5100      0.83309900     0.052760829
       6479.9300      0.88159200     0.052748522
       6482.3500      0.92913100     0.052739480
       6484.7700      0.82815200     0.052736789
       6487.1900      0.86312400     0.052739945
       6489.6100      0.90005600     0.052745816
       6492.0300      0.86774700     0.052751630
       6494.4500      0.83947100     0.052756397
       6496.8700      0.86174100     0.052759673
       6499.2900      0.92182100     0.052761701
       6501.7100      0.94087700     0.052761962
       6504.1300      0.89416300     0.052760680
       6506.5400      0.92012800     0.052758067
       6508.9600      0.93497200     0.052754353
       6511.3800      0.96135100     0.052749766
       6513.8000      0.94994600     0.052744078
       6516.2200      0.91406200     0.052737765
       6518.6400      0.95356800     0.052730904
       6521.0600      0.96433100     0.052723138
       6523.4800       1.0266000     0.052714719
       6525.9000      0.99425800     0.052705519
       6528.3200       1.0240100     0.052695412
       6530.7400       1.0941900     0.052684468
       6533.1600       1.1177100     0.052672493
       6535.5800       1.1542700     0.052659679
       6538.0000       1.1892300     0.052646190
       6540.4200       1.2293100     0.052632154
       6542.8400       1.2836400     0.052617080
       6545.2600       1.2567200     0.052601787
       6547.6800       1.2833700     0.052585267
       6550.1000       1.3535900     0.052568053
       6552.5200       1.5193500     0.052550016
       6554.9400       1.6228600     0.052531121
       6557.3600       1.6708600     0.052511472
       6559.7700       1.7091000     0.052491061
       6562.1900       1.7421000     0.052469644
       6564.6100       1.6433200     0.052447729
       6567.0300       1.4343500     0.052424721
       6569.4500       1.3351300     0.052401024
       6571.8700       1.2815700     0.052376371
       6574.2900       1.1947000     0.052350873
       6576.7100       1.2269500     0.052324653
       6579.1300       1.2376900     0.052297575
       6581.5500       1.1666000     0.052269529
       6583.9700      0.73203100     0.052240750
       6586.3900      0.65338200     0.052211030
       6588.8100      0.94592900     0.052180739
       6591.2300       1.0510200     0.052149432
       6593.6500       1.0770800     0.052117385
       6596.0700       1.1080200     0.052084261
       6598.4900       1.0318900     0.052050403
       6600.9100       1.0359400     0.052015576
       6603.3300       1.0603300     0.051980031
       6605.7500      0.98316900     0.051943567
       6608.1700      0.94332600     0.051906218
       6610.5800      0.97005100     0.051868223
       6613.0000      0.89750600     0.051829175
       6615.4200      0.95538600     0.051789241
       6617.8400      0.92943200     0.051748678
       6620.2600      0.98511600     0.051706979
       6622.6800      0.95126800     0.051664287
       6625.1000      0.88208000     0.051621037
       6627.5200      0.86448000     0.051576660
       6629.9400      0.90129500     0.051531547
       6632.3600      0.86351200     0.051485381
       6634.7800      0.84958100     0.051438363
       6637.2000      0.88890100     0.051390287
       6639.6200      0.89791000     0.051341315
       6642.0400      0.81912100     0.051291562
       6644.4600      0.86559000     0.051240854
       6646.8800      0.86701600     0.051189500
       6649.3000      0.88417000     0.051136954
       6651.7200      0.82160500     0.051083738
       6654.1400      0.82950000     0.051029465
       6656.5600      0.85992100     0.050974309
       6658.9800      0.86493900     0.050918304
       6661.4000      0.88452000     0.050861371
       6663.8100      0.80511600     0.050803665
       6666.2300      0.84035100     0.050744751
       6668.6500      0.89793800     0.050684917
       6671.0700      0.87648700     0.050624057
       6673.4900      0.85029300     0.050562428
       6675.9100      0.83682300     0.050499855
       6678.3300      0.82552000     0.050436108
       6680.7500      0.85382400     0.050371664
       6683.1700      0.88403800     0.050306139
       6685.5900      0.82938800     0.050239801
       6688.0100      0.90507500     0.050172463
       6690.4300      0.92959300     0.050103912
       6692.8500      0.78083800     0.050034567
       6695.2700      0.79104100     0.049964378
       6697.6900      0.84626200     0.049893189
       6700.1100      0.82505400     0.049820985
       6702.5300      0.83857100     0.049747986
       6704.9500      0.76729400     0.049673801
       6707.3700      0.76974600     0.049598776
       6709.7900      0.84098300     0.049522806
       6712.2100      0.80824600     0.049445937
       6714.6300      0.83083700     0.049367831
       6717.0400      0.80749900     0.049289042
       6719.4600      0.78025200     0.049208857
       6721.8800      0.76418100     0.049127611
       6724.3000      0.78018300     0.049045375
       6726.7200      0.79300600     0.048962452
       6729.1400      0.76195100     0.048879016
       6731.5600      0.82224400     0.048796973
       6733.9800      0.81470800     0.048722242
       6736.4000      0.82384100     0.048677329
       6738.8200      0.80231700     0.048717686
       6741.2400      0.78608100     0.048963855
       6743.6600      0.81491900     0.049607658
       6746.0800      0.80904100     0.050879603
       6748.5000      0.75467100     0.052921181
       6750.9200      0.75400300     0.055594335
       6753.3400      0.71282200     0.058308395
       6755.7600      0.72180600     0.060144149
       6758.1800      0.79169000     0.060395511
       6760.6000      0.72557100     0.059183263
       6763.0200      0.74897900     0.057276528
       6765.4400      0.73226200     0.055510948
       6767.8600      0.73105600     0.054343325
       6770.2700      0.71969800     0.053813692
       6772.6900      0.70102400     0.053701067
       6775.1100      0.72514300     0.053702701
       6777.5300      0.76348100     0.053589433
       6779.9500      0.80061600     0.053273511
       6782.3700      0.73883100     0.052781714
       6784.7900      0.72952100     0.052184814
       6787.2100      0.70963400     0.051547309
       6789.6300      0.71870100     0.050909719
       6792.0500      0.80260200     0.050294721
       6794.4700      0.70789200     0.049715233
       6796.8900      0.65772300     0.049180644
       6799.3100      0.68579200     0.048699857
       6801.7300      0.68320100     0.048278727
       6804.1500      0.74495700     0.047919997
       6806.5700      0.76335200     0.047619495
       6808.9900      0.74071800     0.047368005
       6811.4100      0.79490400     0.047154260
       6813.8300      0.75688400     0.046970803
       6816.2500      0.68836400     0.046814892
       6818.6700      0.71509700     0.046682647
       6821.0900      0.70604600     0.046561620
       6823.5000      0.70741700     0.046428223
       6825.9200      0.69563400     0.046258808
       6828.3400      0.69240400     0.046050250
       6830.7600      0.71108600     0.045818008
       6833.1800      0.74328200     0.045587384
       6835.6000      0.48034700     0.045372749
       6838.0200      0.43385600     0.045167778
       6840.4400      0.50087700     0.044949359
       6842.8600      0.68019900     0.044694343
       6845.2800      0.72033300     0.044399208
       6847.7000      0.75025700     0.044084562
       6850.1200      0.78243500     0.043783999
       6852.5400      0.74326400     0.043524648
       6854.9600      0.73665900     0.043316629
       6857.3800      0.81133400     0.043157869
       6859.8000      0.73325500     0.043041284
       6862.2200      0.67880700     0.042962625
       6864.6400      0.64811000     0.042916155
       6867.0600      0.63471300     0.042889524
       6869.4800      0.71682700     0.042859594
       6871.9000      0.72622200     0.042800520
       6874.3100      0.69936600     0.042697251
       6876.7300      0.69606400     0.042552029
       6879.1500      0.69563300     0.042382536
       6881.5700      0.72483100     0.042207050
       6883.9900      0.72647400     0.042035273
       6886.4100      0.67195500     0.041866621
       6888.8300      0.71132000     0.041696867
       6891.2500      0.72191800     0.041525534
       6893.6700      0.71188600     0.041356074
       6896.0900      0.80737500     0.041191151
       6898.5100      0.76058200     0.041029952
       6900.9300      0.68746200     0.040868447
       6903.3500      0.65734100     0.040701043
       6905.7700      0.72880700     0.040519086
       6908.1900      0.78094200     0.040314725
       6910.6100      0.71116400     0.040087264
       6913.0300      0.72606300     0.039850613
       6915.4500      0.74642100     0.039624786
       6917.8700      0.73652500     0.039420792
       6920.2900      0.78579700     0.039233662
       6922.7100      0.79535700     0.039050415
       6925.1300      0.70307600     0.038864973
       6927.5400      0.70611600     0.038681806
       6929.9600      0.69149100     0.038504636
       6932.3800      0.71366000     0.038331485
       6934.8000      0.68605200     0.038153912
       6937.2200      0.74778200     0.037964573
       6939.6400      0.74893400     0.037763607
       6942.0600      0.73617000     0.037554983
       6944.4800      0.73710900     0.037343275
       6946.9000      0.70865100     0.037130958
       6949.3200      0.68850500     0.036920489
       6951.7400      0.72312300     0.036714882
       6954.1600      0.73202800     0.036515780
       6956.5800      0.66707000     0.036320450
       6959.0000      0.72609900     0.036123838
       6961.4200      0.81382900     0.035921648
       6963.8400      0.71352400     0.035713750
       6966.2600      0.69518600     0.035503503
       6968.6800      0.71156500     0.035294489
       6971.1000      0.74036800     0.035088161
       6973.5200      0.74659800     0.034884521
       6975.9400      0.72864700     0.034682464
       6978.3600      0.69056500     0.034481091
       6980.7700      0.65036300     0.034279709
       6983.1900      0.75113000     0.034074572
       6985.6100      0.69857400     0.033865503
       6988.0300      0.70341300     0.033652172
       6990.4500      0.69176100     0.033436081
       6992.8700      0.66072700     0.033218996
       6995.2900      0.63082800     0.033002915
       6997.7100      0.72915100     0.032788785
       7000.1300      0.66980300     0.032576944
       7002.5500      0.73352500     0.032367058
       7004.9700      0.75009000     0.032158640
       7007.3900      0.69002200     0.031950429
       7009.8100      0.68625800     0.031740613
       7012.2300      0.73724200     0.031528618
       7014.6500      0.72784900     0.031315257
       7017.0700      0.71012600     0.031102973
       7019.4900      0.72596800     0.030894081
       7021.9100      0.73768100     0.030689770
       7024.3300      0.67557500     0.030488512
       7026.7500      0.64146400     0.030287695
       7029.1700      0.68463600     0.030085341
       7031.5900      0.70512600     0.029885204
       7034.0000      0.69493400     0.029698555
       7036.4200      0.74266300     0.029543807
       7038.8400      0.73670300     0.029444769
       7041.2600      0.70850600     0.029421789
       7043.6800      0.70680200     0.029479535
       7046.1000      0.71806500     0.029603231
       7048.5200      0.69463100     0.029754147
       7050.9400      0.68609200     0.029885603
       7053.3600      0.66026200     0.029962971
       7055.7800      0.66761000     0.029980846
       7058.2000      0.72951000     0.029959200
       7060.6200      0.70852100     0.029917217
       7063.0400      0.66143600     0.029847361
       7065.4600      0.73380400     0.029716836
       7067.8800      0.71804600     0.029494870
       7070.3000      0.67261300     0.029184908
       7072.7200      0.68269100     0.028817951
       7075.1400      0.68202200     0.028428400
       7077.5600      0.61304200     0.028020985
       7079.9800      0.59871700     0.027570139
       7082.4000      0.66676500     0.027040431
       7084.8200      0.69244100     0.026423174
       7087.2300      0.67482500     0.025754634
       7089.6500      0.69813500     0.025091890
       7092.0700      0.70322900     0.024498049
       7094.4900      0.69745500     0.024008125
       7096.9100      0.66541000     0.023627230
       7099.3300      0.64321700     0.023345709
       7101.7500      0.71064000     0.023149295
       7104.1700      0.62247200     0.023028895
       7106.5900      0.58435300     0.022970407
       7109.0100      0.59280600     0.022946624
       7111.4300      0.62519200     0.022913255
       7113.8500      0.63458700     0.022822822
       7116.2700      0.63542200     0.022646296
       7118.6900      0.65408200     0.022383231
       7121.1100      0.53648500     0.022055692
       7123.5300      0.66579500     0.021694407
       7125.9500      0.65048100     0.021324192
       7128.3700      0.57841600     0.020956798
       7130.7900      0.59959600     0.020591268
       7133.2100      0.61011000     0.020224040
       7135.6300      0.58412000     0.019858095
       7138.0400      0.59170200     0.019504026
       7140.4600      0.62858400     0.019165862
       7142.8800      0.70672100     0.018846544
       7145.3000      0.69417300     0.018545487
       7147.7200      0.62414500     0.018259517
       7150.1400      0.59898600     0.017975486
       7152.5600      0.64653000     0.017668178
       7154.9800      0.64649600     0.017315963
       7157.4000      0.68620200     0.016922142
       7159.8200      0.69400000     0.016766061
       7162.2400      0.68923100     0.016713105
       7164.6600      0.76971400     0.016699723
       7167.0800      0.73462200     0.016710590
