# data from http://adsabs.harvard.edu/abs/2013A%26A...555A..10T
# via WISEREP
# de-redshifted assuming z=    0.0106000
# type is SNIIn
# phase is       6.60000
# WARNING: fake error spectrum!

       3760.1400      0.77341352     0.014340633
       3763.1500      0.77865195     0.014336838
       3766.1600      0.78070948     0.014333037
       3769.1700      0.79731599     0.014329233
       3772.1800      0.77944936     0.014325424
       3775.1900      0.75578382     0.014321610
       3778.2000      0.75353707     0.014317792
       3781.2100      0.77551796     0.014313970
       3784.2200      0.78586125     0.014310144
       3787.2300      0.76567076     0.014306313
       3790.2400      0.74878838     0.014302478
       3793.2500      0.75092223     0.014298639
       3796.2600      0.74285430     0.014294796
       3799.2700      0.75043647     0.014290948
       3802.2800      0.77121846     0.014287096
       3805.2900      0.76440667     0.014283240
       3808.2900      0.75971920     0.014279392
       3811.3000      0.78786472     0.014275528
       3814.3100      0.75227457     0.014271659
       3817.3200      0.76901146     0.014267787
       3820.3300      0.72954715     0.014263910
       3823.3400      0.75141992     0.014260029
       3826.3500      0.76165429     0.014256144
       3829.3600      0.75769665     0.014252255
       3832.3700      0.74073794     0.014248362
       3835.3800      0.76769490     0.014244465
       3838.3900      0.77572705     0.014240563
       3841.4000      0.79267542     0.014236658
       3844.4100      0.78441192     0.014232749
       3847.4200      0.78675407     0.014228836
       3850.4300      0.76021927     0.014224919
       3853.4400      0.75566774     0.014220998
       3856.4500      0.74310394     0.014217074
       3859.4600      0.74563928     0.014213145
       3862.4700      0.76965941     0.014209212
       3865.4800      0.73527214     0.014205276
       3868.4800      0.76526769     0.014201349
       3871.4900      0.72770031     0.014197405
       3874.5000      0.73357794     0.014193457
       3877.5100      0.73164125     0.014189506
       3880.5200      0.71253200     0.014185550
       3883.5300      0.73613474     0.014181591
       3886.5400      0.75590546     0.014177629
       3889.5500      0.78831947     0.014173662
       3892.5600      0.79297435     0.014169692
       3895.5700      0.78106168     0.014165718
       3898.5800      0.78832583     0.014161741
       3901.5900      0.79174206     0.014157760
       3904.6000      0.79886629     0.014153775
       3907.6100      0.80653830     0.014149786
       3910.6200      0.78959231     0.014145794
       3913.6300      0.79117521     0.014141799
       3916.6400      0.80122752     0.014137800
       3919.6500      0.77295797     0.014133797
       3922.6600      0.80799319     0.014129791
       3925.6700      0.80049610     0.014125782
       3928.6800      0.77706190     0.014121769
       3931.6800      0.70868805     0.014117765
       3934.6900      0.68341973     0.014113745
       3937.7000      0.75761635     0.014109722
       3940.7100      0.80508340     0.014105695
       3943.7200      0.81359813     0.014101665
       3946.7300      0.84315721     0.014097631
       3949.7400      0.82045126     0.014093595
       3952.7500      0.83542955     0.014089554
       3955.7600      0.82071362     0.014085511
       3958.7700      0.79908890     0.014081464
       3961.7800      0.82061821     0.014077414
       3964.7900      0.80551271     0.014073360
       3967.8000      0.75899095     0.014069303
       3970.8100      0.75773243     0.014065243
       3973.8200      0.83574756     0.014061180
       3976.8300      0.85828656     0.014057114
       3979.8400      0.86464677     0.014053044
       3982.8500      0.83604967     0.014048972
       3985.8600      0.84132070     0.014044896
       3988.8700      0.83065144     0.014040817
       3991.8700      0.83934903     0.014036748
       3994.8800      0.82611979     0.014032663
       3997.8900      0.84947767     0.014028575
       4000.9000      0.84725954     0.014024484
       4003.9100      0.82511011     0.014020389
       4006.9200      0.83630408     0.014016292
       4009.9300      0.83518309     0.014012191
       4012.9400      0.84720389     0.014008088
       4015.9500      0.82442639     0.014003982
       4018.9600      0.82722488     0.013999872
       4021.9700      0.86217424     0.013995760
       4024.9800      0.87374187     0.013991645
       4027.9900      0.84902450     0.013987527
       4031.0000      0.86475012     0.013983406
       4034.0100      0.87670732     0.013979282
       4037.0200      0.86780302     0.013975155
       4040.0300      0.87062537     0.013971026
       4043.0400      0.87243008     0.013966893
       4046.0500      0.86657868     0.013962758
       4049.0600      0.88566727     0.013958620
       4052.0700      0.89069183     0.013954480
       4055.0700      0.88169213     0.013950350
       4058.0800      0.89227393     0.013946204
       4061.0900      0.90510566     0.013942055
       4064.1000      0.90256157     0.013937904
       4067.1100      0.88856116     0.013933749
       4070.1200      0.91840645     0.013929592
       4073.1300      0.91388275     0.013925433
       4076.1400      0.88639869     0.013921271
       4079.1500      0.89692484     0.013917106
       4082.1600      0.87661987     0.013912939
       4085.1700      0.89867390     0.013908769
       4088.1800      0.91084575     0.013904596
       4091.1900      0.91555230     0.013900421
       4094.2000      0.90515336     0.013896244
       4097.2100      0.92109364     0.013892064
       4100.2200      0.93022054     0.013887881
       4103.2300      0.93763814     0.013883696
       4106.2400      0.96229985     0.013879509
       4109.2500      0.92967992     0.013875319
       4112.2600      0.92896440     0.013871127
       4115.2600      0.92746180     0.013866946
       4118.2700      0.93738373     0.013862749
       4121.2800      0.92577634     0.013858549
       4124.2900      0.94998489     0.013854348
       4127.3000      0.95062092     0.013850143
       4130.3100      0.92266779     0.013845937
       4133.3200      0.92452020     0.013841728
       4136.3300      0.92833633     0.013837517
       4139.3400      0.93619119     0.013833304
       4142.3500      0.93033979     0.013829089
       4145.3600      0.95182141     0.013824871
       4148.3700      0.93826621     0.013820651
       4151.3800      0.94007092     0.013816429
       4154.3900      0.94649473     0.013812205
       4157.4000      0.92068022     0.013807978
       4160.4100      0.92262804     0.013803750
       4163.4200      0.94259115     0.013799519
       4166.4300      0.94108060     0.013795286
       4169.4400      0.92777186     0.013791052
       4172.4500      0.94379959     0.013786815
       4175.4600      0.94425275     0.013782576
       4178.4600      0.95262438     0.013778349
       4181.4700      0.96404096     0.013774106
       4184.4800      0.94763957     0.013769861
       4187.4900      0.93500660     0.013765614
       4190.5000      0.93244661     0.013761365
       4193.5100      0.94418915     0.013757114
       4196.5200      0.93869552     0.013752861
       4199.5300      0.94519884     0.013748607
       4202.5400      0.92708019     0.013744350
       4205.5500      0.94365649     0.013740091
       4208.5600      0.92964812     0.013735831
       4211.5700      0.93045905     0.013731569
       4214.5800      0.92991048     0.013727305
       4217.5900      0.91559206     0.013723039
       4220.6000      0.90116233     0.013718772
       4223.6100      0.90885818     0.013714502
       4226.6200      0.89360958     0.013710231
       4229.6300      0.89923836     0.013705958
       4232.6400      0.89380834     0.013701684
       4235.6500      0.89889650     0.013697408
       4238.6500      0.90726813     0.013693144
       4241.6600      0.93715317     0.013688864
       4244.6700      0.92795472     0.013684583
       4247.6800      0.92199997     0.013680300
       4250.6900      0.92678603     0.013676016
       4253.7000      0.92161041     0.013671730
       4256.7100      0.94180407     0.013667442
       4259.7200      0.94650268     0.013663153
       4262.7300      0.92595125     0.013658862
       4265.7400      0.96707001     0.013654570
       4268.7500      0.95928670     0.013650276
       4271.7600      0.96177513     0.013645981
       4274.7700      0.93892608     0.013641684
       4277.7800      0.94463437     0.013637386
       4280.7900      0.94442766     0.013633086
       4283.8000      0.97970298     0.013628785
       4286.8100      0.96761858     0.013624483
       4289.8200      0.97753256     0.013620179
       4292.8300      0.98401997     0.013615873
       4295.8400      0.98541922     0.013611567
       4298.8400      0.98290693     0.013607273
       4301.8500      0.97039322     0.013602964
       4304.8600      0.96189439     0.013598654
       4307.8700      0.97764386     0.013594342
       4310.8800      0.97487717     0.013590029
       4313.8900      0.98545102     0.013585714
       4316.9000      0.99688350     0.013581399
       4319.9100      0.99759107     0.013577082
       4322.9200       1.0154076     0.013572764
       4325.9300       1.0061694     0.013568445
       4328.9400      0.96197389     0.013564125
       4331.9500      0.97593455     0.013559804
       4334.9600      0.97575965     0.013555481
       4337.9700      0.99155682     0.013551157
       4340.9800       1.0110270     0.013546833
       4343.9900       1.0192953     0.013542507
       4347.0000       1.0022499     0.013538180
       4350.0100       1.0000000     0.013533852
       4353.0200      0.98460034     0.013529523
       4356.0300      0.99358414     0.013525193
       4359.0400      0.99728101     0.013520862
       4362.0400       1.0146682     0.013516545
       4365.0500       1.0081729     0.013512212
       4368.0600      0.96700641     0.013507879
       4371.0700      0.97476586     0.013503544
       4374.0800      0.97393109     0.013499208
       4377.0900      0.96463723     0.013494872
       4380.1000      0.96484394     0.013490535
       4383.1100      0.94061948     0.013486197
       4386.1200      0.98588033     0.013481858
       4389.1300      0.97141880     0.013477518
       4392.1400      0.98723188     0.013473177
       4395.1500      0.99540475     0.013468836
       4398.1600      0.99840200     0.013464494
       4401.1700       1.0008189     0.013460151
       4404.1800       1.0094688     0.013455808
       4407.1900       1.0089202     0.013451463
       4410.2000       1.0313717     0.013447118
       4413.2100       1.0336137     0.013442773
       4416.2200       1.0186990     0.013438427
       4419.2300       1.0252500     0.013434080
       4422.2300       1.0343769     0.013429747
       4425.2400       1.0023851     0.013425398
       4428.2500       1.0021068     0.013421050
       4431.2600       1.0153917     0.013416701
       4434.2700       1.0128476     0.013412351
       4437.2800       1.0164411     0.013408000
       4440.2900       1.0343372     0.013403650
       4443.3000       1.0288992     0.013399298
       4446.3100       1.0125137     0.013394946
       4449.3200       1.0235169     0.013390594
       4452.3300       1.0380182     0.013386241
       4455.3400       1.0326676     0.013381888
       4458.3500       1.0200426     0.013377535
       4461.3600      0.99764672     0.013373181
       4464.3700       1.0241370     0.013368827
       4467.3800       1.0338204     0.013364472
       4470.3900       1.0345916     0.013360117
       4473.4000       1.0579177     0.013355762
       4476.4100       1.0459923     0.013351406
       4479.4200       1.0376763     0.013347050
       4482.4200       1.0394015     0.013342708
       4485.4300       1.0547296     0.013338352
       4488.4400       1.0542764     0.013333995
       4491.4500       1.0406179     0.013329638
       4494.4600       1.0443863     0.013325281
       4497.4700       1.0405781     0.013320924
       4500.4800       1.0523684     0.013316567
       4503.4900       1.0635624     0.013312209
       4506.5000       1.0399978     0.013307851
       4509.5100       1.0414765     0.013303494
       4512.5200       1.0567410     0.013299136
       4515.5300       1.0431302     0.013294778
       4518.5400       1.0641507     0.013290420
       4521.5500       1.0498879     0.013286062
       4524.5600       1.0457299     0.013281703
       4527.5700       1.0381931     0.013277345
       4530.5800       1.0571783     0.013272987
       4533.5900       1.0430586     0.013268629
       4536.6000       1.0614396     0.013264271
       4539.6100       1.0489895     0.013259913
       4542.6200       1.0582993     0.013255555
       4545.6200       1.0786838     0.013251212
       4548.6300       1.0771653     0.013246854
       4551.6400       1.0726098     0.013242497
       4554.6500       1.0624334     0.013238139
       4557.6600       1.0621154     0.013233782
       4560.6700       1.0611852     0.013229425
       4563.6800       1.0582993     0.013225068
       4566.6900       1.0659474     0.013220712
       4569.7000       1.0578859     0.013216355
       4572.7100       1.0800353     0.013211999
       4575.7200       1.0848691     0.013207643
       4578.7300       1.0785804     0.013203288
       4581.7400       1.0700418     0.013198933
       4584.7500       1.0728880     0.013194578
       4587.7600       1.0767598     0.013190223
       4590.7700       1.0705586     0.013185869
       4593.7800       1.0617179     0.013181515
       4596.7900       1.0710674     0.013177162
       4599.8000       1.0785088     0.013172809
       4602.8100       1.0777695     0.013168456
       4605.8100       1.0814743     0.013164118
       4608.8200       1.0882479     0.013159767
       4611.8300       1.0713934     0.013155416
       4614.8400       1.0754162     0.013151065
       4617.8500       1.0755195     0.013146715
       4620.8600       1.1000223     0.013142365
       4623.8700       1.0809814     0.013138016
       4626.8800       1.0937495     0.013133667
       4629.8900       1.0959120     0.013129320
       4632.9000       1.0948228     0.013124972
       4635.9100       1.1121226     0.013120625
       4638.9200       1.0954588     0.013116279
       4641.9300       1.0818559     0.013111934
       4644.9400       1.1051422     0.013107589
       4647.9500       1.1066448     0.013103245
       4650.9600       1.0991159     0.013098902
       4653.9700       1.1088868     0.013094559
       4656.9800       1.1035999     0.013090217
       4659.9900       1.1086244     0.013085876
       4663.0000       1.0913724     0.013081536
       4666.0000       1.1047765     0.013077211
       4669.0100       1.1071377     0.013072872
       4672.0200       1.0977485     0.013068534
       4675.0300       1.0899493     0.013064197
       4678.0400       1.1097375     0.013059861
       4681.0500       1.1021370     0.013055526
       4684.0600       1.1084257     0.013051191
       4687.0700       1.0994339     0.013046858
       4690.0800       1.1050071     0.013042525
       4693.0900       1.1119000     0.013038194
       4696.1000       1.0847339     0.013033863
       4699.1100       1.0902514     0.013029534
       4702.1200       1.0773322     0.013025205
       4705.1300       1.0847737     0.013020877
       4708.1400       1.0905932     0.013016551
       4711.1500       1.0712185     0.013012225
       4714.1600       1.0821262     0.013007901
       4717.1700       1.0743350     0.013003578
       4720.1800       1.0827940     0.012999255
       4723.1900       1.0604538     0.012994934
       4726.1900       1.0541333     0.012990629
       4729.2000       1.0645959     0.012986310
       4732.2100       1.0556439     0.012981992
       4735.2200       1.0613363     0.012977676
       4738.2300       1.0530044     0.012973361
       4741.2400       1.0638883     0.012969047
       4744.2500       1.0659872     0.012964734
       4747.2600       1.0665914     0.012960423
       4750.2700       1.0821421     0.012956113
       4753.2800       1.0698510     0.012951804
       4756.2900       1.0579256     0.012947496
       4759.3000       1.0615191     0.012943190
       4762.3100       1.0678793     0.012938885
       4765.3200       1.0744304     0.012934582
       4768.3300       1.0806475     0.012930280
       4771.3400       1.0889793     0.012925979
       4774.3500       1.1036396     0.012921680
       4777.3600       1.0847657     0.012917382
       4780.3700       1.0853381     0.012913086
       4783.3800       1.0977803     0.012908791
       4786.3900       1.0932884     0.012904497
       4789.3900       1.1035760     0.012900220
       4792.4000       1.1339937     0.012895929
       4795.4100       1.1288499     0.012891641
       4798.4200       1.1326024     0.012887353
       4801.4300       1.1364345     0.012883068
       4804.4400       1.1154140     0.012878784
       4807.4500       1.1237538     0.012874501
       4810.4600       1.1494967     0.012870221
       4813.4700       1.1382153     0.012865941
       4816.4800       1.1424687     0.012861664
       4819.4900       1.1240877     0.012857388
       4822.5000       1.1271565     0.012853114
       4825.5100       1.1340812     0.012848842
       4828.5200       1.1551891     0.012844571
       4831.5300       1.1368002     0.012840302
       4834.5400       1.1420871     0.012836035
       4837.5500       1.1410615     0.012831770
       4840.5600       1.1422779     0.012827506
       4843.5700       1.1366332     0.012823245
       4846.5800       1.1227680     0.012818985
       4849.5900       1.1034170     0.012814727
       4852.5900       1.0778569     0.012810485
       4855.6000       1.0755593     0.012806231
       4858.6100       1.1451639     0.012801979
       4861.6200       1.2137428     0.012797728
       4864.6300       1.2227266     0.012793480
       4867.6400       1.1914026     0.012789234
       4870.6500       1.1683627     0.012784989
       4873.6600       1.1719006     0.012780747
       4876.6700       1.1626385     0.012776506
       4879.6800       1.1627419     0.012772268
       4882.6900       1.1554435     0.012768032
       4885.7000       1.1441065     0.012763797
       4888.7100       1.1391853     0.012759565
       4891.7200       1.1544339     0.012755335
       4894.7300       1.1479385     0.012751107
       4897.7400       1.1427708     0.012746881
       4900.7500       1.1310760     0.012742658
       4903.7600       1.1457363     0.012738436
       4906.7700       1.1396782     0.012734217
       4909.7800       1.1559206     0.012730000
       4912.7800       1.1497512     0.012725799
       4915.7900       1.1508006     0.012721586
       4918.8000       1.1565009     0.012717376
       4921.8100       1.1615652     0.012713168
       4924.8200       1.1588463     0.012708962
       4927.8300       1.1481611     0.012704759
       4930.8400       1.1651747     0.012700558
       4933.8500       1.1622569     0.012696359
       4936.8600       1.1677744     0.012692163
       4939.8700       1.1657630     0.012687969
       4942.8800       1.1654132     0.012683777
       4945.8900       1.1820133     0.012679588
       4948.9000       1.1820054     0.012675395
       4951.9100       1.1617879     0.012671399
       4954.9200       1.1742698     0.012667036
       4957.9300       1.1688636     0.012662641
       4960.9400       1.1838737     0.012658476
       4963.9500       1.1742062     0.012654376
       4966.9600       1.1843507     0.012650354
       4969.9700       1.1797793     0.012646221
       4972.9800       1.2045126     0.012642148
       4975.9800       1.1842712     0.012638045
       4978.9900       1.1704139     0.012633880
       4982.0000       1.1808367     0.012629724
       4985.0100       1.1916172     0.012625463
       4988.0200       1.1756770     0.012621066
       4991.0300       1.1640139     0.012616836
       4994.0400       1.1760029     0.012612761
       4997.0500       1.1821326     0.012608787
       5000.0600       1.1887074     0.012604789
       5003.0700       1.2219713     0.012600620
       5006.0800       1.1958547     0.012596368
       5009.0900       1.1919114     0.012592119
       5012.1000       1.1739836     0.012588112
       5015.1100       1.1870140     0.012584122
       5018.1200       1.1979854     0.012579984
       5021.1300       1.1946701     0.012575697
       5024.1400       1.1974368     0.012571328
       5027.1500       1.1766230     0.012567166
       5030.1600       1.1615016     0.012563187
       5033.1700       1.1868232     0.012559302
       5036.1700       1.1844779     0.012555298
       5039.1800       1.1762176     0.012551156
       5042.1900       1.1764481     0.012546928
       5045.2000       1.1677585     0.012542799
       5048.2100       1.1837306     0.012538714
       5051.2200       1.1964431     0.012534628
       5054.2300       1.2026522     0.012530579
       5057.2400       1.1926349     0.012526457
       5060.2500       1.1962522     0.012522449
       5063.2600       1.2100698     0.012518426
       5066.2700       1.1836034     0.012514394
       5069.2800       1.1959899     0.012510270
       5072.2900       1.1927939     0.012506054
       5075.3000       1.2063968     0.012501951
       5078.3100       1.2016187     0.012497829
       5081.3200       1.1884689     0.012493804
       5084.3300       1.1905201     0.012489856
       5087.3400       1.1939864     0.012485875
       5090.3500       1.1959263     0.012481748
       5093.3600       1.2022388     0.012477662
       5096.3600       1.2055620     0.012473694
       5099.3700       1.2126139     0.012469654
       5102.3800       1.2032882     0.012465513
       5105.3900       1.1971188     0.012461425
       5108.4000       1.2041230     0.012457505
       5111.4100       1.2067863     0.012453536
       5114.4200       1.2158496     0.012449422
       5117.4300       1.2049339     0.012445258
       5120.4400       1.2086467     0.012441300
       5123.4500       1.2095292     0.012437399
       5126.4600       1.2118666     0.012433399
       5129.4700       1.2119779     0.012429437
       5132.4800       1.2163028     0.012425469
       5135.4900       1.2142119     0.012421411
       5138.5000       1.2125344     0.012417292
       5141.5100       1.2184414     0.012413185
       5144.5200       1.2015074     0.012409283
       5147.5300       1.2055938     0.012405364
       5150.5400       1.2039163     0.012401441
       5153.5500       1.2011337     0.012397531
       5156.5600       1.2073747     0.012393465
       5159.5600       1.2282839     0.012389504
       5162.5700       1.2082969     0.012385517
       5165.5800       1.2021354     0.012381555
       5168.5900       1.2080584     0.012377601
       5171.6000       1.2137110     0.012373639
       5174.6100       1.2098710     0.012369659
       5177.6200       1.2117791     0.012365691
       5180.6300       1.2085752     0.012361706
       5183.6400       1.2054109     0.012357769
       5186.6500       1.2002433     0.012353900
       5189.6600       1.2095371     0.012349990
       5192.6700       1.2196181     0.012346095
       5195.6800       1.2357571     0.012342093
       5198.6900       1.2280215     0.012338127
       5201.7000       1.2113021     0.012334204
       5204.7100       1.2195624     0.012330272
       5207.7200       1.2168514     0.012326428
       5210.7300       1.2440333     0.012322558
       5213.7400       1.2382217     0.012318681
       5216.7500       1.2357969     0.012314777
       5219.7500       1.2427374     0.012310849
       5222.7600       1.2431111     0.012306935
       5225.7700       1.2360195     0.012303043
       5228.7800       1.2476745     0.012299252
       5231.7900       1.2233944     0.012295384
       5234.8000       1.2185845     0.012291431
       5237.8100       1.2166526     0.012287536
       5240.8200       1.2299773     0.012283635
       5243.8300       1.2338649     0.012279772
       5246.8400       1.2446057     0.012275927
       5249.8500       1.2513317     0.012272081
       5252.8600       1.2429918     0.012268156
       5255.8700       1.2334197     0.012264320
       5258.8800       1.2170581     0.012260488
       5261.8900       1.2278227     0.012256695
       5264.9000       1.2221224     0.012252868
       5267.9100       1.2195147     0.012249090
       5270.9200       1.2199440     0.012245281
       5273.9300       1.2318853     0.012241462
       5276.9400       1.2388895     0.012237603
       5279.9400       1.2360274     0.012233867
       5282.9500       1.2290153     0.012230050
       5285.9600       1.2213035     0.012226258
       5288.9700       1.2481118     0.012222420
       5291.9800       1.2581609     0.012218498
       5294.9900       1.2525799     0.012214731
       5298.0000       1.2492567     0.012211049
       5301.0100       1.2450510     0.012207277
       5304.0200       1.2590037     0.012203527
       5307.0300       1.2440333     0.012199695
       5310.0400       1.2679954     0.012195937
       5313.0500       1.2505128     0.012192154
       5316.0600       1.2346043     0.012188388
       5319.0700       1.2645450     0.012184633
       5322.0800       1.2425943     0.012180905
       5325.0900       1.2149433     0.012177174
       5328.1000       1.2444785     0.012173394
       5331.1100       1.2434291     0.012169617
       5334.1200       1.2301681     0.012165857
       5337.1300       1.2318138     0.012162149
       5340.1300       1.2490817     0.012158561
       5343.1400       1.2434927     0.012154966
       5346.1500       1.2388180     0.012151259
       5349.1600       1.2292538     0.012147427
       5352.1700       1.2415767     0.012143604
       5355.1800       1.2306769     0.012139788
       5358.1900       1.2554738     0.012136130
       5361.2000       1.2524686     0.012132577
       5364.2100       1.2355265     0.012128936
       5367.2200       1.2346997     0.012125274
       5370.2300       1.2261611     0.012121504
       5373.2400       1.2333164     0.012117791
       5376.2500       1.2500278     0.012114191
       5379.2600       1.2400582     0.012110602
       5382.2700       1.2466728     0.012107002
       5385.2800       1.2441605     0.012103327
       5388.2900       1.2410440     0.012099634
       5391.3000       1.2420299     0.012095943
       5394.3100       1.2422445     0.012092338
       5397.3200       1.2303827     0.012088797
       5400.3300       1.2293810     0.012085201
       5403.3300       1.2303191     0.012081588
       5406.3400       1.2355822     0.012077936
       5409.3500       1.2578986     0.012074226
       5412.3600       1.2491930     0.012070545
       5415.3700       1.2347474     0.012066928
       5418.3800       1.2431906     0.012063333
       5421.3900       1.2412587     0.012059835
       5424.4000       1.2283952     0.012056289
       5427.4100       1.2245949     0.012052776
       5430.4200       1.2255092     0.012049204
       5433.4300       1.2426818     0.012045644
       5436.4400       1.2347077     0.012042053
       5439.4500       1.2151262     0.012038552
       5442.4600       1.2475871     0.012035039
       5445.4700       1.2367588     0.012031458
       5448.4800       1.2305417     0.012027786
       5451.4900       1.2367270     0.012024166
       5454.5000       1.2276796     0.012020615
       5457.5100       1.2408532     0.012017177
       5460.5200       1.2509103     0.012013687
       5463.5200       1.2447966     0.012010161
       5466.5300       1.2459493     0.012006653
       5469.5400       1.2479290     0.012003146
       5472.5500       1.2496065     0.011999682
       5475.5600       1.2460129     0.011996248
       5478.5700       1.2260816     0.011992766
       5481.5800       1.2381740     0.011989276
       5484.5900       1.2514986     0.011985798
       5487.6000       1.2517133     0.011982334
       5490.6100       1.2428805     0.011978817
       5493.6200       1.2285621     0.011975341
       5496.6300       1.2363534     0.011971870
       5499.6400       1.2427215     0.011968454
       5502.6500       1.2382773     0.011965016
       5505.6600       1.2288404     0.011961579
       5508.6700       1.2289676     0.011958177
       5511.6800       1.2194750     0.011954801
       5514.6900       1.2398515     0.011951385
       5517.7000       1.2573500     0.011947982
       5520.7100       1.2607130     0.011944518
       5523.7200       1.2296195     0.011941113
       5526.7200       1.2260419     0.011937707
       5529.7300       1.2272503     0.011934344
       5532.7400       1.2296593     0.011930939
       5535.7500       1.2262963     0.011927538
       5538.7600       1.2294128     0.011924166
       5541.7700       1.2263122     0.011920842
       5544.7800       1.2572228     0.011917560
       5547.7900       1.2642826     0.011914170
       5550.8000       1.2534544     0.011910766
       5553.8100       1.2336662     0.011907417
       5556.8200       1.2275445     0.011904082
       5559.8300       1.2297229     0.011900731
       5562.8400       1.2442559     0.011897395
       5565.8500       1.2400184     0.011894105
       5568.8600       1.2484775     0.011890848
       5571.8700       1.2474122     0.011887526
       5574.8800       1.2517133     0.011884200
       5577.8900       1.2483344     0.011880892
       5580.9000       1.2577157     0.011877630
       5583.9100       1.2501391     0.011874397
       5586.9100       1.2344135     0.011871117
       5589.9200       1.2461481     0.011867843
       5592.9300       1.2326486     0.011864570
       5595.9400       1.2435643     0.011861244
       5598.9500       1.2393188     0.011857986
       5601.9600       1.2452895     0.011854772
       5604.9700       1.2403842     0.011851526
       5607.9800       1.2321397     0.011848265
       5610.9900       1.2419186     0.011844986
       5614.0000       1.2422286     0.011841797
       5617.0100       1.2314163     0.011838711
       5620.0200       1.2390008     0.011835556
       5623.0300       1.2365044     0.011832284
       5626.0400       1.2343579     0.011828932
       5629.0500       1.2415608     0.011825647
       5632.0600       1.2445421     0.011822568
       5635.0700       1.2352403     0.011819515
       5638.0800       1.2454008     0.011816458
       5641.0900       1.2682578     0.011813283
       5644.1000       1.2412587     0.011810011
       5647.1000       1.2388021     0.011806792
       5650.1100       1.2403524     0.011803653
       5653.1200       1.2302555     0.011800629
       5656.1300       1.2402252     0.011797600
       5659.1400       1.2478574     0.011794529
       5662.1500       1.2389531     0.011791408
       5665.1600       1.2348428     0.011788231
       5668.1700       1.2289755     0.011784984
       5671.1800       1.2435007     0.011781824
       5674.1900       1.2622712     0.011778791
       5677.2000       1.2390565     0.011775736
       5680.2100       1.2334356     0.011772712
       5683.2200       1.2430236     0.011769556
       5686.2300       1.2396050     0.011766332
       5689.2400       1.2403047     0.011763234
       5692.2500       1.2514589     0.011760270
       5695.2600       1.2358684     0.011757381
       5698.2700       1.2254695     0.011754450
       5701.2800       1.2344374     0.011751360
       5704.2900       1.2252230     0.011748266
       5707.3000       1.2078676     0.011745192
       5710.3000       1.2183301     0.011742186
       5713.3100       1.2059039     0.011739197
       5716.3200       1.1794613     0.011736250
       5719.3300       1.2025091     0.011733359
       5722.3400       1.1875388     0.011730440
       5725.3500       1.2017856     0.011727518
       5728.3600       1.1909494     0.011724453
       5731.3700       1.1961489     0.011721409
       5734.3800       1.1834762     0.011718380
       5737.3900       1.1889142     0.011715439
       5740.4000       1.1830628     0.011712530
       5743.4100       1.1882066     0.011709603
       5746.4200       1.1968247     0.011706659
       5749.4300       1.2201746     0.011703719
       5752.4400       1.2107694     0.011700813
       5755.4500       1.1957355     0.011697943
       5758.4600       1.1950518     0.011695077
       5761.4700       1.2155555     0.011692177
       5764.4800       1.2201746     0.011689278
       5767.4900       1.2216772     0.011686381
       5770.5000       1.2222337     0.011683533
       5773.5000       1.2320046     0.011680681
       5776.5100       1.2229492     0.011677765
       5779.5200       1.2209140     0.011674953
       5782.5300       1.2049339     0.011672160
       5785.5400       1.2176941     0.011669321
       5788.5500       1.2335469     0.011666521
       5791.5600       1.2325134     0.011663692
       5794.5700       1.2495111     0.011660789
       5797.5800       1.2322987     0.011657956
       5800.5900       1.2319489     0.011655323
       5803.6000       1.2383012     0.011653303
       5806.6100       1.2363772     0.011652968
       5809.6200       1.2459811     0.011656179
       5812.6300       1.2482311     0.011665004
       5815.6400       1.2369735     0.011680900
       5818.6500       1.2505923     0.011703351
       5821.6600       1.2468875     0.011728526
       5824.6700       1.2447807     0.011749066
       5827.6800       1.2210173     0.011758836
       5830.6900       1.1979298     0.011759059
       5833.6900       1.2143391     0.011755529
       5836.7000       1.2273139     0.011748388
       5839.7100       1.2283793     0.011733158
       5842.7200       1.2323782     0.011712999
       5845.7300       1.2519677     0.011698202
       5848.7400       1.2321000     0.011694789
       5851.7500       1.2268846     0.011702011
       5854.7600       1.2213433     0.011713605
       5857.7700       1.2001002     0.011717875
       5860.7800       1.1914264     0.011705251
       5863.7900       1.1839452     0.011679411
       5866.8000       1.1588145     0.011654318
       5869.8100       1.1571608     0.011642082
       5872.8200       1.2051088     0.011648245
       5875.8300       1.2718036     0.011671603
       5878.8400       1.3093845     0.011700193
       5881.8500       1.2470465     0.011714628
       5884.8600       1.2035744     0.011704317
       5887.8700       1.0537120     0.011677726
       5890.8800      0.89767216     0.011651961
       5893.8800      0.89985849     0.011636023
       5896.8900      0.96166383     0.011627656
       5899.9000       1.0952998     0.011623876
       5902.9100       1.2140529     0.011623879
       5905.9200       1.2283395     0.011624035
       5908.9300       1.2277830     0.011620662
       5911.9400       1.2246585     0.011614149
       5914.9500       1.2326088     0.011605566
       5917.9600       1.2473645     0.011595866
       5920.9700       1.2343340     0.011587897
       5923.9800       1.2398117     0.011583275
       5926.9900       1.2314958     0.011579622
       5930.0000       1.2341830     0.011573702
       5933.0100       1.2073667     0.011565631
       5936.0200       1.2169150     0.011557155
       5939.0300       1.2382296     0.011549250
       5942.0400       1.2314560     0.011541813
       5945.0500       1.2237443     0.011535184
       5948.0600       1.2141006     0.011529998
       5951.0700       1.2277671     0.011526146
       5954.0800       1.2378560     0.011523141
       5957.0800       1.2214307     0.011520477
       5960.0900       1.2090681     0.011518003
       5963.1000       1.2047113     0.011515629
       5966.1100       1.2220190     0.011513322
       5969.1200       1.2210173     0.011511016
       5972.1300       1.2141085     0.011508679
       5975.1400       1.2107774     0.011506345
       5978.1500       1.2144265     0.011504008
       5981.1600       1.2208901     0.011501652
       5984.1700       1.2173284     0.011499367
       5987.1800       1.2063809     0.011497044
       5990.1900       1.2060788     0.011494717
       5993.2000       1.2048306     0.011492493
       5996.2100       1.2009668     0.011490217
       5999.2200       1.2023421     0.011487991
       6002.2300       1.2093702     0.011485749
       6005.2400       1.2087580     0.011483434
       6008.2500       1.2040833     0.011481190
       6011.2600       1.2055859     0.011478944
       6014.2700       1.2103083     0.011476699
       6017.2700       1.2115327     0.011474490
       6020.2800       1.2157145     0.011472281
       6023.2900       1.2197532     0.011470146
       6026.3000       1.2251197     0.011467939
       6029.3100       1.2243803     0.011465752
       6032.3200       1.2083843     0.011463574
       6035.3300       1.2019367     0.011461441
       6038.3400       1.2053791     0.011459216
       6041.3500       1.2141403     0.011457045
       6044.3600       1.2084400     0.011454877
       6047.3700       1.2110000     0.011452771
       6050.3800       1.2066830     0.011450592
       6053.3900       1.2089806     0.011448515
       6056.4000       1.2138859     0.011446430
       6059.4100       1.2083525     0.011444382
       6062.4200       1.1949484     0.011442298
       6065.4300       1.1985896     0.011440212
       6068.4400       1.2037811     0.011438103
       6071.4500       1.2104514     0.011436027
       6074.4600       1.1949087     0.011433987
       6077.4600       1.1944475     0.011431927
       6080.4700       1.1933106     0.011429890
       6083.4800       1.1995755     0.011427894
       6086.4900       1.2151103     0.011425872
       6089.5000       1.2020798     0.011423911
       6092.5100       1.2124628     0.011421920
       6095.5200       1.2198645     0.011419867
       6098.5300       1.2149831     0.011417905
       6101.5400       1.2223609     0.011415947
       6104.5500       1.1858454     0.011413994
       6107.5600       1.1799383     0.011412063
       6110.5700       1.2023183     0.011410163
       6113.5800       1.1991779     0.011408222
       6116.5900       1.1871810     0.011406228
       6119.6000       1.1901067     0.011404277
       6122.6100       1.1905599     0.011402325
       6125.6200       1.1887233     0.011400465
       6128.6300       1.2010145     0.011398660
       6131.6400       1.1924918     0.011396801
       6134.6500       1.1871015     0.011394931
       6137.6500       1.1835080     0.011393016
       6140.6600       1.1962204     0.011391152
       6143.6700       1.2070090     0.011389340
       6146.6800       1.1961250     0.011387493
       6149.6900       1.1795487     0.011385677
       6152.7000       1.1780700     0.011383866
       6155.7100       1.1712646     0.011382082
       6158.7200       1.1618912     0.011380233
       6161.7300       1.1659935     0.011378476
       6164.7400       1.1778156     0.011376725
       6167.7500       1.1847959     0.011374943
       6170.7600       1.1640219     0.011373220
       6173.7700       1.1787855     0.011371511
       6176.7800       1.1716064     0.011369774
       6179.7900       1.1507688     0.011368033
       6182.8000       1.1614619     0.011366411
       6185.8100       1.1627737     0.011365107
       6188.8200       1.1734032     0.011364473
       6191.8300       1.1474535     0.011365160
       6194.8400       1.1636800     0.011368503
       6197.8500       1.1702708     0.011378327
       6200.8500       1.1728467     0.011404699
       6203.8600       1.1605953     0.011464723
       6206.8700       1.1578843     0.011566204
       6209.8800       1.1508960     0.011680608
       6212.8900       1.1246204     0.011747141
       6215.9000       1.1162726     0.011731720
       6218.9100       1.1248589     0.011666778
       6221.9200       1.1329284     0.011609929
       6224.9300       1.1421825     0.011585253
       6227.9400       1.1404573     0.011579058
       6230.9500       1.1350829     0.011570972
       6233.9600       1.1446471     0.011553482
       6236.9700       1.1548234     0.011530287
       6239.9800       1.1654132     0.011506735
       6242.9900       1.1572801     0.011485579
       6246.0000       1.1599195     0.011467383
       6249.0100       1.1760824     0.011451787
       6252.0200       1.1559206     0.011437731
       6255.0300       1.1634972     0.011424273
       6258.0400       1.1715110     0.011411350
       6261.0400       1.1666137     0.011399701
       6264.0500       1.1769649     0.011389753
       6267.0600       1.1642127     0.011381718
       6270.0700       1.1544816     0.011375476
       6273.0800       1.1513492     0.011370778
       6276.0900       1.1414113     0.011366771
       6279.1000       1.1636005     0.011362441
       6282.1100       1.1601263     0.011357282
       6285.1200       1.1443688     0.011351694
       6288.1300       1.1460145     0.011346501
       6291.1400       1.1668760     0.011342024
       6294.1500       1.1554197     0.011337997
       6297.1600       1.1505144     0.011334123
       6300.1700       1.1728308     0.011330492
       6303.1800       1.1719721     0.011326743
       6306.1900       1.1646977     0.011322456
       6309.2000       1.1535434     0.011317955
       6312.2100       1.1572483     0.011314337
       6315.2200       1.1554435     0.011312177
       6318.2300       1.1421348     0.011310899
       6321.2400       1.1559921     0.011309002
       6324.2400       1.1711215     0.011305676
       6327.2500       1.1658027     0.011301361
       6330.2600       1.1610803     0.011297268
       6333.2700       1.1461417     0.011294198
       6336.2800       1.1667965     0.011292120
       6339.2900       1.1574709     0.011290683
       6342.3000       1.1581307     0.011289422
       6345.3100       1.1668363     0.011288274
       6348.3200       1.1666375     0.011287115
       6351.3300       1.1459032     0.011285899
       6354.3400       1.1570813     0.011284730
       6357.3500       1.1550778     0.011283588
       6360.3600       1.1504905     0.011282447
       6363.3700       1.1468811     0.011281378
       6366.3800       1.1475569     0.011280297
       6369.3900       1.1410297     0.011279383
       6372.4000       1.1294939     0.011278679
       6375.4100       1.1388434     0.011278230
       6378.4200       1.1353055     0.011278386
       6381.4300       1.1173061     0.011279923
       6384.4400       1.1206055     0.011283755
       6387.4400       1.1110493     0.011290301
       6390.4500       1.1028685     0.011298939
       6393.4600       1.1123770     0.011309076
       6396.4700       1.1074558     0.011321502
       6399.4800       1.0986866     0.011337541
       6402.4900       1.1133867     0.011356729
       6405.5000       1.1237935     0.011374630
       6408.5100       1.1216152     0.011385350
       6411.5200       1.1106756     0.011386216
       6414.5300       1.0993067     0.011379569
       6417.5400       1.1087676     0.011369419
       6420.5500       1.1035601     0.011358099
       6423.5600       1.1168530     0.011345054
       6426.5700       1.1021291     0.011328376
       6429.5800       1.1356156     0.011308946
       6432.5900       1.1284047     0.011292405
       6435.6000       1.1252246     0.011285641
       6438.6100       1.1471594     0.011293267
       6441.6200       1.1288261     0.011314474
       6444.6200       1.1306944     0.011340111
       6447.6300       1.1229667     0.011354764
       6450.6400       1.1218537     0.011347906
       6453.6500       1.1260117     0.011324352
       6456.6600       1.1264330     0.011298937
       6459.6700       1.1254313     0.011282638
       6462.6800       1.1378735     0.011276331
       6465.6900       1.1257891     0.011275377
       6468.7000       1.1275461     0.011277371
       6471.7100       1.1447663     0.011283037
       6474.7200       1.1488607     0.011291687
       6477.7300       1.1281105     0.011299335
       6480.7400       1.1390104     0.011302565
       6483.7500       1.1392409     0.011301268
       6486.7600       1.1447743     0.011297773
       6489.7700       1.1481691     0.011294271
       6492.7800       1.1492423     0.011290914
       6495.7900       1.1426436     0.011286797
       6498.8000       1.1435261     0.011282056
       6501.8100       1.1375793     0.011277094
       6504.8200       1.1442098     0.011271173
       6507.8200       1.1357507     0.011263622
       6510.8300       1.1423892     0.011255999
       6513.8400       1.1524224     0.011249842
       6516.8500       1.1421984     0.011244618
       6519.8600       1.1249543     0.011239444
       6522.8700       1.1277051     0.011234971
       6525.8800       1.1360926     0.011232657
       6528.8900       1.1367445     0.011232403
       6531.9000       1.1416816     0.011233082
       6534.9100       1.1376111     0.011233778
       6537.9200       1.1206055     0.011234284
       6540.9300       1.1084018     0.011234596
       6543.9400       1.1032819     0.011234634
       6546.9500       1.0976849     0.011234439
       6549.9600       1.0238349     0.011234086
       6552.9700      0.95265618     0.011233725
       6555.9800       1.0466442     0.011233315
       6558.9900       1.3533415     0.011232971
       6562.0000       1.5796219     0.011232597
       6565.0100       1.4950708     0.011232284
       6568.0200       1.2990094     0.011231978
       6571.0200       1.2278704     0.011231651
       6574.0300       1.2232672     0.011231280
       6577.0400       1.2669698     0.011230893
       6580.0500       1.3018953     0.011230570
       6583.0600       1.3133278     0.011230259
       6586.0700       1.2453372     0.011230035
       6589.0800       1.2125980     0.011229766
       6592.0900       1.1642365     0.011229512
       6595.1000       1.1687125     0.011229291
       6598.1100       1.1726479     0.011229115
       6601.1200       1.1669555     0.011228858
       6604.1300       1.1738166     0.011228642
       6607.1400       1.1714554     0.011228472
       6610.1500       1.1672497     0.011228320
       6613.1600       1.1777838     0.011228135
       6616.1700       1.1755021     0.011227983
       6619.1800       1.1724651     0.011227842
       6622.1900       1.1647772     0.011227684
       6625.2000       1.1486779     0.011227561
       6628.2100       1.1597605     0.011227453
       6631.2100       1.1474853     0.011227390
       6634.2200       1.1321095     0.011227324
       6637.2300       1.1589735     0.011227245
       6640.2400       1.1442416     0.011227185
       6643.2500       1.1384459     0.011227108
       6646.2600       1.1252325     0.011227084
       6649.2700       1.1278482     0.011227075
       6652.2800       1.1160023     0.011227057
       6655.2900       1.1289771     0.011227070
       6658.3000       1.1141896     0.011227115
       6661.3100       1.1078135     0.011227141
       6664.3200       1.1121703     0.011227167
       6667.3300       1.1042439     0.011227273
       6670.3400       1.1188723     0.011227333
       6673.3500       1.1353214     0.011227425
       6676.3600       1.1246442     0.011227505
       6679.3700       1.1256380     0.011227569
       6682.3800       1.1428265     0.011227654
       6685.3900       1.1490197     0.011227794
       6688.4000       1.1200808     0.011227938
       6691.4000       1.1286035     0.011228059
       6694.4100       1.1359177     0.011228265
       6697.4200       1.1326501     0.011228436
       6700.4300       1.1279913     0.011228657
       6703.4400       1.1260991     0.011228875
       6706.4500       1.1173856     0.011229099
       6709.4600       1.1193334     0.011229348
       6712.4700       1.1413636     0.011229558
       6715.4800       1.1578207     0.011229817
       6718.4900       1.1262263     0.011230072
       6721.5000       1.1098885     0.011230336
       6724.5100       1.1139909     0.011230652
       6727.5200       1.1490674     0.011230951
       6730.5300       1.1518898     0.011231286
       6733.5400       1.1283093     0.011231576
       6736.5500       1.1174095     0.011231935
       6739.5600       1.1340573     0.011232308
       6742.5700       1.1207963     0.011232644
       6745.5800       1.1119000     0.011233066
       6748.5900       1.1197707     0.011233456
       6751.5900       1.1040848     0.011233904
       6754.6000       1.1104848     0.011234361
       6757.6100       1.1150562     0.011234782
       6760.6200       1.0964367     0.011235208
       6763.6300       1.0954270     0.011235580
       6766.6400       1.0838435     0.011236000
       6769.6500       1.0741442     0.011236512
       6772.6600       1.1099760     0.011237261
       6775.6700       1.0874290     0.011239457
       6778.6800       1.0977803     0.011248770
       6781.6900       1.1032898     0.011285406
       6784.7000       1.0798365     0.011401033
       6787.7100       1.0944094     0.011685271
       6790.7200       1.0842410     0.012227865
       6793.7300       1.0625129     0.013014656
       6796.7400       1.0553974     0.013808077
       6799.7500       1.1040769     0.014212391
       6802.7600       1.1539807     0.014044764
       6805.7700       1.1195163     0.013544185
       6808.7800       1.1089504     0.013077897
       6811.7900       1.0868964     0.012833247
       6814.7900       1.0776025     0.012789507
       6817.8000       1.0876278     0.012823400
       6820.8100       1.0938370     0.012823836
       6823.8200       1.0874767     0.012751561
       6826.8300       1.0844159     0.012624249
       6829.8400       1.0703916     0.012473165
       6832.8500       1.0695092     0.012319613
       6835.8600       1.0826509     0.012174340
       6838.8700       1.0709481     0.012043031
       6841.8800       1.0761397     0.011930007
       6844.8900       1.0732140     0.011838700
       6847.9000       1.0786122     0.011770519
       6850.9100       1.0820865     0.011723444
       6853.9200       1.0643335     0.011692871
       6856.9300       1.0610978     0.011674656
       6859.9400       1.0494745     0.011667229
       6862.9500       1.0553895     0.011668425
       6865.9600       1.0370800     0.011670406
       6868.9700       1.0461592     0.011661681
       6871.9800       1.0585855     0.011638270
       6874.9800       1.0644289     0.011607791
       6877.9900       1.0724666     0.011580807
       6881.0000       1.0506670     0.011559370
       6884.0100       1.0437980     0.011534256
       6887.0200       1.0404827     0.011494840
       6890.0300       1.0461910     0.011441950
       6893.0400       1.0495460     0.011388881
       6896.0500       1.0517721     0.011350338
       6899.0600       1.0418502     0.011332423
       6902.0700       1.0508976     0.011333740
       6905.0800       1.0482978     0.011351604
       6908.0900       1.0445533     0.011383778
       6911.1000       1.0480752     0.011424645
       6914.1100       1.0532668     0.011462519
       6917.1200       1.0390835     0.011485733
       6920.1300       1.0360306     0.011491636
       6923.1400       1.0569875     0.011487565
       6926.1500       1.0461990     0.011482266
       6929.1600       1.0512394     0.011479127
       6932.1700       1.0506750     0.011476636
       6935.1800       1.0648423     0.011473960
       6938.1800       1.0554133     0.011472692
       6941.1900       1.0271183     0.011473895
       6944.2000       1.0512553     0.011476252
       6947.2100       1.0520106     0.011477058
       6950.2200       1.0553100     0.011471885
       6953.2300       1.0512951     0.011457023
       6956.2400       1.0307834     0.011435206
       6959.2500       1.0334865     0.011416363
       6962.2600       1.0379228     0.011407221
       6965.2700       1.0282314     0.011404507
       6968.2800       1.0355536     0.011402515
       6971.2900       1.0405225     0.011400964
       6974.3000       1.0343849     0.011402794
       6977.3100       1.0360147     0.011406344
       6980.3200       1.0332241     0.011406875
       6983.3300       1.0388768     0.011402329
       6986.3400       1.0354343     0.011394586
       6989.3500       1.0381136     0.011385994
       6992.3600       1.0442989     0.011377993
       6995.3700       1.0395685     0.011372260
       6998.3700       1.0206150     0.011369977
       7001.3800       1.0281996     0.011369910
       7004.3900       1.0402760     0.011369068
       7007.4000       1.0336535     0.011365889
       7010.4100       1.0144695     0.011361736
       7013.4200       1.0267844     0.011358704
       7016.4300       1.0167433     0.011357605
       7019.4400       1.0151373     0.011358235
       7022.4500       1.0289628     0.011359956
       7025.4600       1.0384475     0.011361926
       7028.4700       1.0296942     0.011362969
       7031.4800       1.0112496     0.011362535
       7034.4900       1.0227775     0.011361026
       7037.5000       1.0251467     0.011359548
       7040.5100       1.0026713     0.011359306
       7043.5200       1.0049610     0.011360917
       7046.5300       1.0066941     0.011364321
       7049.5400      0.99891876     0.011369311
       7052.5500       1.0004611     0.011375090
       7055.5600      0.99367159     0.011380681
       7058.5600      0.99870411     0.011386006
       7061.5700      0.99754337     0.011392437
       7064.5800       1.0110906     0.011401660
       7067.5900       1.0056924     0.011414209
       7070.6000      0.99958659     0.011428814
       7073.6100       1.0181584     0.011443781
       7076.6200       1.0112337     0.011461085
       7079.6300       1.0000000     0.011489470
       7082.6400      0.98777250     0.011544859
       7085.6500      0.98026745     0.011644429
       7088.6600       1.0055493     0.011796199
       7091.6700      0.99753542     0.011989014
       7094.6800      0.99097645     0.012192546
       7097.6900       1.0067418     0.012374336
       7100.7000      0.99910957     0.012523324
       7103.7100       1.0018842     0.012652568
       7106.7200      0.98847212     0.012772320
       7109.7300      0.96799224     0.012865753
       7112.7400      0.98467984     0.012905211
       7115.7500       1.0000000     0.012888197
       7118.7600      0.99876771     0.012840074
       7121.7600       1.0025918     0.012779971
       7124.7700      0.98815411     0.012694083
       7127.7800      0.98425053     0.012552161
       7130.7900      0.99080950     0.012348195
       7133.8000       1.0005088     0.012120074
       7136.8100      0.98687412     0.011924854
       7139.8200      0.98671511     0.011801012
       7142.8300      0.97644337     0.011757021
       7145.8400      0.98293874     0.011785231
       7148.8500      0.97897950     0.011877689
       7151.8600      0.97925776     0.012025288
       7154.8700      0.96881907     0.012202844
       7157.8800      0.96853286     0.012365519
       7160.8900      0.96201364     0.012470982
       7163.9000      0.98056956     0.012506680
       7166.9100      0.96713361     0.012490594
       7169.9200      0.97216613     0.012452303
       7172.9300      0.98642095     0.012412428
       7175.9400      0.97176067     0.012374812
       7178.9500      0.99312302     0.012335813
       7181.9600      0.97560064     0.012299934
       7184.9600      0.96995596     0.012277815
       7187.9700      0.97204687     0.012274721
       7190.9800      0.97412189     0.012291505
       7193.9900      0.97096564     0.012324219
       7197.0000      0.95454040     0.012351665
       7200.0100      0.97435245     0.012340302
       7203.0200      0.97501232     0.012283113
       7206.0300      0.96892242     0.012218749
       7209.0400      0.96933584     0.012190760
       7212.0500      0.95986707     0.012199005
       7215.0600      0.95599529     0.012208315
       7218.0700      0.98161104     0.012196747
       7221.0800      0.96742777     0.012176756
       7224.0900      0.96833410     0.012166093
       7227.1000      0.97665803     0.012161708
       7230.1100      0.96704616     0.012149132
       7233.1200      0.96585362     0.012120967
       7236.1300      0.96416816     0.012077644
       7239.1400      0.95981142     0.012018639
       7242.1500      0.98017999     0.011945479
       7245.1500      0.97347792     0.011869584
       7248.1600      0.95136824     0.011807488
       7251.1700      0.94915012     0.011767503
       7254.1800      0.95229842     0.011742526
       7257.1900      0.95354661     0.011720254
       7260.2000      0.95741839     0.011697582
       7263.2100      0.96785709     0.011681216
       7266.2200      0.95848373     0.011676785
       7269.2300      0.94952378     0.011681326
       7272.2400      0.95588399     0.011687394
       7275.2500      0.95961266     0.011691884
       7278.2600      0.93929179     0.011696825
       7281.2700      0.95279134     0.011703880
       7284.2800      0.93937129     0.011710199
       7287.2900      0.93119842     0.011710477
       7290.3000      0.94170072     0.011701404
       7293.3100      0.93459319     0.011685216
       7296.3200      0.94416530     0.011668091
       7299.3300      0.96447027     0.011656371
       7302.3400      0.95100253     0.011651771
       7305.3400      0.96286432     0.011651627
       7308.3500      0.94497623     0.011652369
       7311.3600      0.94364853     0.011651849
       7314.3700      0.95500946     0.011648800
       7317.3800      0.95770460     0.011642095
       7320.3900      0.95048576     0.011632268
       7323.4000      0.94785422     0.011622070
       7326.4100      0.94900701     0.011614749
       7329.4200      0.93713727     0.011611469
       7332.4300      0.93215245     0.011610914
       7335.4400      0.93996756     0.011611167
       7338.4500      0.93970520     0.011611562
       7341.4600      0.95086737     0.011612343
       7344.4700      0.96344469     0.011613167
       7347.4800      0.95352276     0.011613313
       7350.4900      0.92994228     0.011612524
       7353.5000      0.93262152     0.011611743
       7356.5100      0.94800528     0.011612112
       7359.5200      0.94116805     0.011613667
       7362.5300      0.93955415     0.011615642
       7365.5400      0.94412555     0.011617346
       7368.5400      0.94942838     0.011618876
       7371.5500      0.94581896     0.011620641
       7374.5600      0.94624827     0.011623032
       7377.5700      0.93825826     0.011625887
       7380.5800      0.95922310     0.011629086
       7383.5900      0.95572498     0.011632447
       7386.6000      0.92979123     0.011635919
       7389.6100      0.94457872     0.011639495
       7392.6200      0.94905471     0.011643006
       7395.6300      0.93509405     0.011646611
       7398.6400      0.94943633     0.011650254
       7401.6500      0.95046191     0.011653884
       7404.6600      0.94575535     0.011657485
       7407.6700      0.94051613     0.011661109
       7410.6800      0.93687491     0.011664749
       7413.6900      0.94777472     0.011668380
       7416.7000      0.93809925     0.011672043
       7419.7100      0.94727385     0.011675774
       7422.7200      0.95372152     0.011679508
       7425.7300      0.94266270     0.011683308
       7428.7300      0.94294096     0.011687109
       7431.7400      0.93747913     0.011690875
       7434.7500      0.94143836     0.011694634
       7437.7600      0.95423034     0.011698406
       7440.7700      0.93945875     0.011702153
       7443.7800      0.92819322     0.011705905
       7446.7900      0.94358493     0.011709771
       7449.8000      0.93651715     0.011713629
       7452.8100      0.92604665     0.011717536
       7455.8200      0.93288388     0.011721474
       7458.8300      0.92925061     0.011725447
       7461.8400      0.93216835     0.011729451
       7464.8500      0.94208233     0.011733391
       7467.8600      0.94231289     0.011737392
       7470.8700      0.94036508     0.011741403
       7473.8800      0.94114420     0.011745453
       7476.8900      0.93590498     0.011749671
       7479.9000      0.91963079     0.011754181
       7482.9100      0.92440890     0.011759017
       7485.9200      0.93115072     0.011764246
       7488.9200      0.93301108     0.011770142
       7491.9300      0.93282028     0.011777824
       7494.9400      0.91882781     0.011792340
       7497.9500      0.94154967     0.011831353
       7500.9600      0.92604665     0.011943155
       7503.9700      0.92152295     0.012232915
       7506.9800      0.91353294     0.012884092
       7509.9900      0.93162774     0.014167993
       7513.0000      0.88944364     0.016439509
       7516.0100      0.81647613     0.020065299
       7519.0200      0.77880698     0.025076741
       7522.0300      0.77777901     0.030316264
       7525.0400      0.80869282     0.033076464
       7528.0500      0.85407292     0.031650981
       7531.0600      0.93541206     0.027726160
       7534.0700      0.97364488     0.023913967
       7537.0800      0.98039465     0.021436152
       7540.0900      0.89317231     0.020411462
       7543.1000      0.82245472     0.020522722
       7546.1100      0.83260721     0.021244794
       7549.1100      0.87672322     0.021941997
       7552.1200      0.89441256     0.022135368
       7555.1300      0.86738166     0.021715672
       7558.1400      0.87466410     0.020866390
       7561.1500      0.89066003     0.019820639
       7564.1600      0.89287020     0.018739941
       7567.1700      0.89136760     0.017712090
       7570.1800      0.92120494     0.016779316
       7573.1900      0.90246617     0.015959044
       7576.2000      0.92009986     0.015254188
       7579.2100      0.88867247     0.014658454
       7582.2200      0.89303716     0.014159731
       7585.2300      0.88627944     0.013743924
       7588.2400      0.88847371     0.013398518
       7591.2500      0.90844477     0.013113563
       7594.2600      0.91315928     0.012880975
       7597.2700      0.88928464     0.012693168
       7600.2800      0.87336026     0.012542969
       7603.2900      0.89288610     0.012423597
       7606.3000      0.90851632     0.012328749
       7609.3100      0.89852284     0.012252860
       7612.3100      0.89659888     0.012191245
       7615.3200      0.90489895     0.012140156
       7618.3300      0.91295257     0.012098009
       7621.3400      0.89711564     0.012064126
       7624.3500      0.89220238     0.012038399
       7627.3600      0.89069978     0.012020696
       7630.3700      0.90744304     0.012010304
       7633.3800      0.89821278     0.012005754
       7636.3900      0.90310219     0.012005290
       7639.4000      0.89756086     0.012007101
       7642.4100      0.89053283     0.012009917
       7645.4200      0.88331399     0.012013024
       7648.4300      0.89253629     0.012016067
       7651.4400      0.89376858     0.012019118
       7654.4500      0.89225803     0.012022205
       7657.4600      0.88764688     0.012025313
       7660.4700      0.87616670     0.012028539
       7663.4800      0.85008984     0.012031983
       7666.4900      0.85773004     0.012035898
       7669.5000      0.86511584     0.012040483
       7672.5000      0.87240623     0.012045618
       7675.5100      0.89829228     0.012051119
       7678.5200      0.88616813     0.012056672
       7681.5300      0.88507100     0.012062233
       7684.5400      0.89371293     0.012067775
       7687.5500      0.88437137     0.012073379
       7690.5600      0.88127872     0.012078872
       7693.5700      0.88630329     0.012084236
       7696.5800      0.87370212     0.012089479
       7699.5900      0.87149990     0.012094822
       7702.6000      0.88197039     0.012100317
       7705.6100      0.88096866     0.012105978
       7708.6200      0.87588049     0.012111580
       7711.6300      0.89330747     0.012117170
       7714.6400      0.88755943     0.012122658
       7717.6500      0.87456075     0.012128129
       7720.6600      0.88351274     0.012133595
       7723.6700      0.88221685     0.012139084
       7726.6800      0.89531093     0.012144570
       7729.6900      0.89397529     0.012150086
       7732.7000      0.90498641     0.012155652
       7735.7000      0.89617751     0.012161153
       7738.7100      0.88273362     0.012166792
       7741.7200      0.88378305     0.012172376
       7744.7300      0.89901576     0.012177997
       7747.7400      0.87559428     0.012183549
       7750.7500      0.85179119     0.012189048
       7753.7600      0.86067959     0.012194259
       7756.7700      0.87368622     0.012198903
       7759.7800      0.86841519     0.012202936
       7762.7900      0.88503124     0.012206445
       7765.8000      0.88352864     0.012210237
       7768.8100      0.87973637     0.012215412
       7771.8200      0.86040133     0.012223216
       7774.8300      0.89635242     0.012234011
       7777.8400      0.89271915     0.012247684
       7780.8500      0.89212288     0.012262936
       7783.8600      0.87953761     0.012278030
       7786.8700      0.89140736     0.012291822
       7789.8800      0.88984910     0.012304018
       7792.8900      0.88627944     0.012315412
       7795.9000      0.89573230     0.012327653
       7798.9000      0.89314846     0.012343023
       7801.9100      0.88965035     0.012363588
       7804.9200      0.87294684     0.012388654
       7807.9300      0.87696173     0.012414011
       7810.9400      0.85437503     0.012434109
       7813.9500      0.85757899     0.012445373
       7816.9600      0.84128095     0.012448427
       7819.9700      0.87084002     0.012446835
       7822.9800      0.88719372     0.012444215
       7825.9900      0.87325690     0.012442833
       7829.0000      0.87303430     0.012443673
       7832.0100      0.86820849     0.012446984
       7835.0200      0.86031388     0.012452006
       7838.0300      0.86814489     0.012456549
       7841.0400      0.86208679     0.012457355
       7844.0500      0.88649409     0.012451732
       7847.0600      0.89192412     0.012439599
       7850.0700      0.88111176     0.012424517
       7853.0800      0.86335883     0.012412251
       7856.0800      0.87243008     0.012407675
       7859.0900      0.88728912     0.012412959
       7862.1000      0.88010208     0.012428067
       7865.1100      0.87541143     0.012452470
       7868.1200      0.88658155     0.012485802
       7871.1300      0.86515559     0.012525247
       7874.1400      0.86893991     0.012563712
       7877.1500      0.87008475     0.012591056
       7880.1600      0.86245250     0.012600050
       7883.1700      0.86289771     0.012591684
       7886.1800      0.85053505     0.012574252
       7889.1900      0.86905122     0.012557478
       7892.2000      0.87568174     0.012547593
       7895.2100      0.85767439     0.012545918
       7898.2200      0.85834221     0.012550191
       7901.2300      0.85625924     0.012557501
       7904.2400      0.86721470     0.012566793
       7907.2500      0.84812612     0.012579350
       7910.2600      0.85242722     0.012596500
       7913.2700      0.85606844     0.012617207
       7916.2800      0.84089933     0.012638481
       7919.2800      0.84497782     0.012656896
       7922.2900      0.87181791     0.012670325
       7925.3000      0.86199933     0.012678131
       7928.3100      0.84123324     0.012681520
       7931.3200      0.83205864     0.012683249
       7934.3300      0.84035872     0.012686450
       7937.3400      0.85251467     0.012692262
       7940.3500      0.86334293     0.012699313
       7943.3600      0.86899556     0.012705424
       7946.3700      0.84484266     0.012709958
       7949.3800      0.83922978     0.012713486
       7952.3900      0.84938226     0.012716331
       7955.4000      0.83577936     0.012717319
       7958.4100      0.83274236     0.012714558
       7961.4200      0.84496192     0.012707517
       7964.4300      0.85381056     0.012698583
       7967.4400      0.82375857     0.012691837
       7970.4500      0.82927605     0.012690209
       7973.4600      0.83285367     0.012694131
       7976.4700      0.84365808     0.012701655
       7979.4800      0.83488893     0.012710326
       7982.4800      0.84140020     0.012718672
       7985.4900      0.82887059     0.012727000
       7988.5000      0.84697333     0.012736445
       7991.5100      0.82572228     0.012748399
       7994.5200      0.81397179     0.012763164
       7997.5300      0.80914598     0.012780205
       8000.5400      0.83756817     0.012798543
       8003.5500      0.85548012     0.012817604
       8006.5600      0.84588415     0.012837010
       8009.5700      0.84803072     0.012856608
       8012.5800      0.83410981     0.012876641
       8015.5900      0.80961505     0.012898613
       8018.6000      0.81444881     0.012924856
       8021.6100      0.82922835     0.012956033
       8024.6200      0.84935841     0.012990685
       8027.6300      0.84646452     0.013027060
       8030.6400      0.84834873     0.013066563
       8033.6500      0.82180280     0.013114851
       8036.6600      0.83755227     0.013180284
       8039.6700      0.83523875     0.013268834
       8042.6700      0.83329093     0.013378700
       8045.6800      0.81985499     0.013499554
       8048.6900      0.81940182     0.013615881
       8051.7000      0.81559365     0.013719454
       8054.7100      0.82044331     0.013814966
       8057.7200      0.82180280     0.013912349
       8060.7300      0.83343404     0.014017575
       8063.7400      0.83369640     0.014129617
       8066.7500      0.82217646     0.014247322
       8069.7600      0.81191267     0.014369368
       8072.7700      0.83205069     0.014485362
       8075.7800      0.81233404     0.014569459
       8078.7900      0.82166765     0.014596004
       8081.8000      0.80895518     0.014565342
       8084.8100      0.81038622     0.014507871
       8087.8200      0.83488098     0.014455627
       8090.8300      0.84361037     0.014414221
       8093.8400      0.83175653     0.014368516
       8096.8500      0.79524097     0.014309570
       8099.8500      0.79045968     0.014246238
       8102.8600      0.80459048     0.014189011
       8105.8700      0.78775500     0.014132381
       8108.8800      0.80072665     0.014055242
       8111.8900      0.81250099     0.013940012
       8114.9000      0.83460273     0.013793036
       8117.9100      0.81907586     0.013647254
       8120.9200      0.79613935     0.013546015
       8123.9300      0.80636339     0.013523622
       8126.9400      0.81893276     0.013601364
       8129.9500      0.82161995     0.013793153
       8132.9600      0.81420235     0.014101362
       8135.9700      0.80935269     0.014489849
       8138.9800      0.79712518     0.014857084
       8141.9900      0.80133882     0.015059380
       8145.0000      0.81918717     0.015004761
       8148.0100      0.81867835     0.014732498
       8151.0200      0.81711215     0.014375256
       8154.0300      0.79731599     0.014054810
       8157.0400      0.79751475     0.013828672
       8160.0500      0.81212733     0.013702847
       8163.0500      0.81323242     0.013660095
       8166.0600      0.80375570     0.013671648
       8169.0700      0.79386637     0.013701964
       8172.0800      0.80537756     0.013722271
       8175.0900      0.81609451     0.013730315
       8178.1000      0.79919225     0.013751700
       8181.1100      0.79561463     0.013815552
       8184.1200      0.81353453     0.013925222
       8187.1300      0.80328664     0.014051086
       8190.1400      0.78911450     0.014151291
       8193.1500      0.79108139     0.014201736
       8196.1600      0.80122752     0.014206257
       8199.1700      0.80117187     0.014182791
       8202.1800      0.80900288     0.014145722
       8205.1900      0.76118443     0.014101999
       8208.2000      0.77528025     0.014056493
       8211.2100      0.78823123     0.014014558
       8214.2200      0.79890604     0.013979220
       8217.2300      0.80368415     0.013951605
       8220.2400      0.78376318     0.013936297
       8223.2500      0.78010049     0.013941243
       8226.2500      0.78496446     0.013967263
       8229.2600      0.79061869     0.013999267
       8232.2700      0.81207963     0.014012672
       8235.2800      0.80617258     0.013993516
       8238.2900      0.80525830     0.013950336
       8241.3000      0.79787251     0.013904015
       8244.3100      0.79119667     0.013868401
       8247.3200      0.77027794     0.013841745
       8250.3300      0.78538980     0.013814453
       8253.3400      0.78471403     0.013781831
       8256.3500      0.77849931     0.013749580
       8259.3600      0.79269053     0.013727908
       8262.3700      0.80149783     0.013722132
       8265.3800      0.79384411     0.013728590
       8268.3900      0.78797125     0.013737892
       8271.4000      0.76515161     0.013741940
       8274.4100      0.76452990     0.013738156
       8277.4200      0.79044776     0.013729735
       8280.4300      0.78553529     0.013721014
       8283.4400      0.79711723     0.013714439
       8286.4500      0.79675152     0.013709224
       8289.4500      0.75960074     0.013703535
       8292.4600      0.77577157     0.013696631
       8295.4700      0.78096787     0.013689675
       8298.4800      0.79254265     0.013684296
       8301.4900      0.76423256     0.013681785
       8304.5000      0.76249066     0.013682989
       8307.5100      0.78925363     0.013688482
       8310.5200      0.78580083     0.013698316
       8313.5300      0.80412937     0.013711421
       8316.5400      0.79726829     0.013725243
       8319.5500      0.77775993     0.013736781
       8322.5600      0.78033264     0.013743591
       8325.5700      0.78543671     0.013745193
       8328.5800      0.77148718     0.013743314
       8331.5900      0.78697349     0.013741256
       8334.6000      0.79644146     0.013742413
       8337.6100      0.78466712     0.013748932
       8340.6200      0.78784246     0.013760402
       8343.6200      0.77639646     0.013773850
       8346.6400      0.77884514     0.013785642
       8349.6400      0.75500151     0.013792883
       8352.6500      0.76502202     0.013795562
       8355.6600      0.77040276     0.013795695
       8358.6700      0.78855560     0.013796201
       8361.6800      0.79502552     0.013799420
       8364.6900      0.77504015     0.013806218
       8367.7000      0.77187992     0.013816005
       8370.7100      0.78125566     0.013827100
       8373.7200      0.78648296     0.013838004
       8376.7300      0.78429982     0.013847977
       8379.7400      0.77275842     0.013857396
       8382.7500      0.75405384     0.013867211
       8385.7600      0.77322828     0.013878172
       8388.7700      0.78881080     0.013890142
       8391.7800      0.76657550     0.013902916
       8394.7900      0.78753955     0.013916608
       8397.8000      0.78327106     0.013931662
       8400.8100      0.76190631     0.013948405
       8403.8200      0.76024789     0.013965941
       8406.8300      0.78199186     0.013982188
       8409.8300      0.75527182     0.013995215
       8412.8400      0.73918764     0.014005064
       8415.8500      0.75174985     0.014013339
       8418.8600      0.76388990     0.014021891
       8421.8700      0.76372454     0.014030563
       8424.8800      0.76603091     0.014037863
       8427.8900      0.75736910     0.014042601
       8430.9000      0.77049180     0.014045504
       8433.9100      0.77845956     0.014049072
       8436.9200      0.77288801     0.014056137
       8439.9300      0.77220906     0.014068564
       8442.9400      0.78882750     0.014086314
       8445.9500      0.75393856     0.014106987
       8448.9600      0.74818495     0.014126392
       8451.9700      0.75296783     0.014140490
       8454.9800      0.76004198     0.014147893
       8457.9900      0.76312588     0.014150474
       8461.0000      0.74581419     0.014151550
       8464.0100      0.73072061     0.014153494
       8467.0200      0.73553847     0.014157271
       8470.0200      0.75951169     0.014162578
       8473.0400      0.76841281     0.014169426
       8476.0400      0.78259290     0.014177745
       8479.0500      0.77236012     0.014187221
       8482.0600      0.77348905     0.014196972
       8485.0700      0.73924806     0.014206436
       8488.0800      0.75318726     0.014215429
       8491.0900      0.75906250     0.014224441
       8494.1000      0.75683802     0.014233800
       8497.1100      0.75243596     0.014243535
       8500.1200      0.75565264     0.014253516
       8503.1300      0.75237077     0.014263620
       8506.1400      0.73285128     0.014274074
       8509.1500      0.72903516     0.014285233
       8512.1600      0.72537724     0.014297328
       8515.1700      0.73486747     0.014310091
       8518.1800      0.74159339     0.014322665
       8521.1900      0.76280787     0.014334432
       8524.2000      0.75000000     0.014344904
       8527.2100      0.75170295     0.014354283
       8530.2100      0.76044426     0.014363175
       8533.2200      0.76891209     0.014372127
       8536.2300      0.74806014     0.014381457
       8539.2400      0.73202923     0.014391383
       8542.2500      0.73485395     0.014401822
       8545.2600      0.74060438     0.014412817
       8548.2700      0.75183572     0.014424281
       8551.2800      0.76666932     0.014436488
       8554.2900      0.76658981     0.014449980
       8557.3000      0.75576871     0.014465577
       8560.3100      0.73943331     0.014484335
       8563.3200      0.72577157     0.014506020
       8566.3300      0.74975911     0.014528608
       8569.3400      0.75138176     0.014548584
       8572.3500      0.73889905     0.014562771
       8575.3600      0.75736274     0.014570689
       8578.3700      0.76713361     0.014574457
       8581.3800      0.75133723     0.014577356
       8584.3900      0.74105834     0.014582152
       8587.4000      0.75576712     0.014589935
       8590.4100      0.75093654     0.014600653
       8593.4200      0.75867692     0.014613042
       8596.4200      0.76007616     0.014625067
       8599.4300      0.75092621     0.014635262
       8602.4400      0.73967579     0.014643211
       8605.4500      0.73328139     0.014650091
       8608.4600      0.74914376     0.014657372
       8611.4700      0.74188199     0.014666207
       8614.4800      0.71457045     0.014676579
       8617.4900      0.73863589     0.014687943
       8620.5000      0.73808971     0.014699616
       8623.5100      0.74123801     0.014711282
       8626.5200      0.74936000     0.014722837
       8629.5300      0.75526387     0.014734565
       8632.5400      0.72550285     0.014746757
       8635.5500      0.71743334     0.014759531
       8638.5600      0.72264314     0.014772711
       8641.5700      0.71870061     0.014785860
       8644.5800      0.71048322     0.014798551
       8647.5900      0.69664022     0.014810720
       8650.6000      0.69915727     0.014822517
       8653.6100      0.71881748     0.014834555
       8656.6100      0.72161438     0.014847072
       8659.6200      0.71672974     0.014860274
       8662.6300      0.71472548     0.014873664
       8665.6400      0.71540841     0.014886662
       8668.6500      0.73359463     0.014898819
       8671.6600      0.72599577     0.014910228
       8674.6700      0.71341527     0.014921195
       8677.6800      0.70805044     0.014932262
       8680.6900      0.69724762     0.014943766
       8683.7000      0.70407769     0.014955873
       8686.7100      0.72002592     0.014968695
       8689.7200      0.69837894     0.014982108
       8692.7300      0.72864400     0.014996292
       8695.7400      0.72950581     0.015011111
       8698.7500      0.74252039     0.015026847
       8701.7600      0.75895836     0.015043396
       8704.7700      0.73262470     0.015060638
       8707.7800      0.71313781     0.015077939
       8710.7900      0.71382869     0.015094216
       8713.7900      0.71518977     0.015108456
       8716.8000      0.71514446     0.015120813
       8719.8100      0.72039322     0.015132279
       8722.8200      0.71190711     0.015144179
       8725.8300      0.72897871     0.015157151
       8728.8400      0.72108489     0.015170498
       8731.8500      0.70406497     0.015183140
       8734.8600      0.72042582     0.015194217
       8737.8700      0.69467809     0.015203808
       8740.8800      0.70480911     0.015212874
       8743.8900      0.70004850     0.015222373
       8746.9000      0.72917031     0.015233289
       8749.9100      0.72866149     0.015246284
       8752.9200      0.70361180     0.015261787
       8755.9300      0.68695680     0.015279732
       8758.9400      0.69098440     0.015299222
       8761.9500      0.69974877     0.015318575
       8764.9600      0.70214419     0.015335997
       8767.9700      0.69978852     0.015350633
       8770.9800      0.67750235     0.015363222
       8773.9900      0.69112115     0.015375433
       8777.0000      0.70531793     0.015388782
       8780.0000      0.71503951     0.015403692
       8783.0100      0.71328489     0.015418873
       8786.0200      0.69836463     0.015432149
       8789.0300      0.68029527     0.015442456
       8792.0400      0.68836558     0.015450803
       8795.0500      0.65222846     0.015459629
       8798.0600      0.65001113     0.015471009
       8801.0700      0.69149163     0.015485095
       8804.0800      0.68224150     0.015500482
       8807.0900      0.70233261     0.015515919
       8810.1000      0.68833696     0.015531389
       8813.1100      0.69536738     0.015548478
       8816.1200      0.69540952     0.015569363
       8819.1300      0.68722552     0.015595985
       8822.1400      0.67868614     0.015630072
       8825.1500      0.67928082     0.015673431
       8828.1600      0.68739247     0.015727086
       8831.1700      0.66697381     0.015789179
       8834.1800      0.67024217     0.015854997
       8837.1900      0.67334197     0.015919857
       8840.1900      0.67778935     0.015983982
       8843.2000      0.68213894     0.016056096
       8846.2100      0.67084957     0.016148355
       8849.2200      0.67885628     0.016270288
       8852.2300      0.65771335     0.016423462
       8855.2400      0.65532032     0.016601579
       8858.2500      0.69284317     0.016795214
       8861.2600      0.69297356     0.016995700
       8864.2700      0.67810816     0.017194311
       8867.2800      0.66087278     0.017377985
       8870.2900      0.64398801     0.017529053
       8873.3000      0.65081172     0.017634823
       8876.3100      0.63125328     0.017702246
       8879.3200      0.65079821     0.017765071
       8882.3300      0.65726575     0.017873565
       8885.3400      0.65806077     0.018066489
       8888.3500      0.66079964     0.018336575
       8891.3600      0.64683580     0.018614599
       8894.3700      0.64158544     0.018800875
       8897.3800      0.66527007     0.018835411
       8900.3800      0.67267415     0.018745397
       8903.3900      0.66264887     0.018611510
       8906.4000      0.67377924     0.018500505
       8909.4100      0.63105134     0.018428725
       8912.4200      0.64937749     0.018379905
       8915.4300      0.67260101     0.018336039
       8918.4400      0.67398276     0.018289037
       8921.4500      0.66606430     0.018230856
       8924.4600      0.68195131     0.018144382
       8927.4700      0.65671479     0.018007521
       8930.4800      0.63910098     0.017808788
       8933.4900      0.64703614     0.017561281
       8936.5000      0.64452147     0.017302670
       8939.5100      0.68544863     0.017078674
       8942.5200      0.66971029     0.016921235
       8945.5300      0.63168657     0.016837888
       8948.5400      0.61034806     0.016816727
       8951.5500      0.60957212     0.016841174
       8954.5600      0.61210348     0.016902165
       8957.5700      0.63270341     0.017001672
       8960.5800      0.61828958     0.017147555
       8963.5800      0.61362039     0.017344351
       8966.5900      0.58622458     0.017587636
       8969.6000      0.63090426     0.017856124
       8972.6100      0.62047829     0.018117065
       8975.6200      0.59823345     0.018337049
       8978.6300      0.62164539     0.018495308
       8981.6400      0.62747611     0.018589424
       8984.6500      0.63232418     0.018629801
       8987.6600      0.62479687     0.018630902
       8990.6700      0.60030291     0.018608294
       8993.6800      0.60865863     0.018578883
       8996.6900      0.64042391     0.018558334
       8999.7000      0.61645148     0.018551928
       9002.7100      0.62668506     0.018548661
       9005.7200      0.61531062     0.018526575
       9008.7300      0.62947322     0.018469896
       9011.7400      0.60909828     0.018385380
       9014.7500      0.60847657     0.018302375
       9017.7600      0.63562274     0.018255734
       9020.7600      0.61663116     0.018270267
       9023.7800      0.57705793     0.018358024
       9026.7800      0.63544704     0.018518861
       9029.7900      0.65250115     0.018736624
       9032.8000      0.59505017     0.018960599
       9035.8100      0.57691323     0.019112303
       9038.8200      0.61036953     0.019129154
       9041.8300      0.63292204     0.019020042
       9044.8400      0.62834825     0.018872266
       9047.8500      0.63190600     0.018793350
       9050.8600      0.58282584     0.018836647
       9053.8700      0.61803676     0.018966567
       9056.8800      0.60460877     0.019083344
       9059.8900      0.59252596     0.019098192
       9062.9000      0.64570288     0.019004292
       9065.9100      0.65842251     0.018878095
       9068.9200      0.65327948     0.018811029
       9071.9300      0.61727195     0.018840048
       9074.9400      0.58875276     0.018925628
       9077.9500      0.61600070     0.018983570
       9080.9600      0.60471212     0.018945185
       9083.9600      0.64792339     0.018801815
       9086.9700      0.64794645     0.018596639
       9089.9800      0.57319251     0.018386644
       9092.9900      0.59136045     0.018205581
       9096.0000      0.60897903     0.018057807
       9099.0100      0.62247301     0.017934891
       9102.0200      0.63106406     0.017835548
       9105.0300      0.65074414     0.017771519
       9108.0400      0.65001749     0.017756247
       9111.0500      0.61145076     0.017788382
       9114.0600      0.59971220     0.017846038
       9117.0700      0.61896456     0.017896966
       9120.0800      0.65045635     0.017918135
       9123.0900      0.62182427     0.017909390
       9126.1000      0.59769283     0.017891789
       9129.1100      0.59775087     0.017892016
       9132.1200      0.60966434     0.017926510
       9135.1300      0.64051852     0.017993996
       9138.1400      0.64034441     0.018078524
