# data from http://adsabs.harvard.edu/abs/2012ApJ...756..173S
# via WISEREP
# de-redshifted assuming z=    0.0185433
# type is SNIIn
# phase is       39.7000
# WARNING: fake error spectrum!

       3730.8200       2.1491295      0.12021201
       3733.8000       1.9974020      0.12001978
       3736.7900       1.7122015      0.11982723
       3739.7800       1.7913919      0.11963501
       3742.7600       2.0740314      0.11944376
       3745.7500       1.7190713      0.11925219
       3748.7300       1.4912055      0.11906158
       3751.7200       1.7119480      0.11887067
       3754.7100       1.7265114      0.11868007
       3757.6900       1.8760053      0.11849044
       3760.6800       1.9194314      0.11830050
       3763.6600       1.8342002      0.11811151
       3766.6500       1.7455050      0.11792222
       3769.6400       2.1993674      0.11773325
       3772.6200       1.8489326      0.11754523
       3775.6100       1.8344484      0.11735691
       3778.5900       1.8785399      0.11716954
       3781.5800       1.8881133      0.11698186
       3784.5700       1.7628354      0.11679450
       3787.5500       1.9125457      0.11660810
       3790.5400       1.7329693      0.11642139
       3793.5200       1.8076239      0.11623562
       3796.5100       1.8709625      0.11604956
       3799.5000       1.9416144      0.11586381
       3802.4800       2.0342171      0.11567901
       3805.4700       1.7915292      0.11549391
       3808.4600       2.3915165      0.11530913
       3811.4400       2.2467486      0.11512529
       3814.4300       2.0843599      0.11494115
       3817.4100       2.1630751      0.11475794
       3820.4000       2.2235570      0.11457444
       3823.3900       2.5556952      0.11439126
       3826.3700       1.9970324      0.11420901
       3829.3600       2.1664493      0.11402647
       3832.3400       2.1397937      0.11384486
       3835.3300       2.1268673      0.11366296
       3838.3200       2.5343042      0.11348137
       3841.3000       2.3447954      0.11330071
       3844.2900       2.2863253      0.11311976
       3847.2700       2.4386706      0.11293974
       3850.2600       2.5154743      0.11275943
       3853.2500       2.4438613      0.11257943
       3856.2300       2.4007836      0.11240035
       3859.2200       2.3384853      0.11222099
       3862.2000       2.2433005      0.11204254
       3865.1900       3.1859974      0.11186382
       3868.1800       4.6900131      0.11168540
       3871.1600       3.6397172      0.11150790
       3874.1500       2.6766009      0.11133012
       3877.1300       2.4554254      0.11115325
       3880.1200       2.3078430      0.11097610
       3883.1100       2.3716832      0.11079927
       3886.0900       2.0172353      0.11062334
       3889.0800       2.1126049      0.11044713
       3892.0600       2.2693065      0.11027183
       3895.0500       2.1974929      0.11009625
       3898.0400       2.0314449      0.10992099
       3901.0200       1.9805945      0.10974662
       3904.0100       2.2042835      0.10957198
       3906.9900       2.0806795      0.10939824
       3909.9800       1.9278009      0.10922423
       3912.9700       2.0787733      0.10905053
       3915.9500       1.9808004      0.10887773
       3918.9400       1.8017679      0.10870465
       3921.9200       2.1799196      0.10853247
       3924.9100       1.8977500      0.10836002
       3927.9000       1.9810539      0.10818788
       3930.8800       2.0306898      0.10801663
       3933.8700       1.7452621      0.10784511
       3936.8500       1.6860000      0.10767448
       3939.8400       1.8432984      0.10750358
       3942.8300       1.9385201      0.10733300
       3945.8100       1.8115155      0.10716329
       3948.8000       1.8767762      0.10699333
       3951.7900       1.8236394      0.10682367
       3954.7700       1.9832136      0.10665489
       3957.7600       2.0163112      0.10648585
       3960.7400       2.0148591      0.10631769
       3963.7300       2.0743588      0.10614927
       3966.7200       2.5228880      0.10598116
       3969.7000       2.2387171      0.10581391
       3972.6900       1.8016200      0.10564642
       3975.6700       1.8027606      0.10547979
       3978.6600       1.7647680      0.10531291
       3981.6500       1.7060022      0.10514634
       3984.6300       1.9154922      0.10498063
       3987.6200       1.9647849      0.10481467
       3990.6000       1.7300334      0.10464957
       3993.5900       1.6884396      0.10448422
       3996.5800       1.9950047      0.10431918
       3999.5600       1.7346908      0.10415499
       4002.5500       1.8641454      0.10399056
       4005.5300       1.7080986      0.10382699
       4008.5200       1.7450773      0.10366317
       4011.5100       1.6448181      0.10349965
       4014.4900       1.7349706      0.10333699
       4017.4800       1.7138278      0.10317408
       4020.4600       1.6953728      0.10301203
       4023.4500       1.8604597      0.10284973
       4026.4400       1.8103486      0.10268773
       4029.4200       1.7958961      0.10252658
       4032.4100       1.8577931      0.10236520
       4035.3900       1.7802607      0.10220465
       4038.3800       1.5996335      0.10204387
       4041.3700       1.7249220      0.10188339
       4044.3500       1.8512876      0.10172375
       4047.3400       1.8533470      0.10156387
       4050.3200       1.9220980      0.10140483
       4053.3100       1.8338306      0.10124556
       4056.3000       1.8473326      0.10108659
       4059.2800       1.7905364      0.10092845
       4062.2700       1.8126455      0.10077008
       4065.2500       1.8755828      0.10061254
       4068.2400       2.1595425      0.10045477
       4071.2300       1.8711367      0.10029730
       4074.2100       2.0045412      0.10014066
       4077.2000       1.8551846     0.099983787
       4080.1800       1.8071856     0.099827741
       4083.1700       1.8104330     0.099671470
       4086.1600       1.8576453     0.099515498
       4089.1400       1.9367934     0.099360346
       4092.1300       1.7062716     0.099204971
       4095.1100       1.7859425     0.099050413
       4098.1000       1.8687130     0.098895634
       4101.0900       1.7899239     0.098741153
       4104.0700       1.9079729     0.098587486
       4107.0600       1.7181578     0.098433599
       4110.0500       1.8078615     0.098280010
       4113.0300       1.8798019     0.098127231
       4116.0200       1.6413911     0.097974235
       4119.0000       1.6390043     0.097822046
       4121.9900       1.8320405     0.097669642
       4124.9800       1.7580144     0.097517535
       4127.9600       1.6746049     0.097366230
       4130.9500       1.6347166     0.097214713
       4133.9300       1.7061448     0.097063997
       4136.9200       1.7443117     0.096913070
       4139.9100       1.7705078     0.096762438
       4142.8900       1.7221814     0.096612603
       4145.8800       1.8636808     0.096462559
       4148.8600       1.6271604     0.096313310
       4151.8500       1.5519197     0.096163854
       4154.8400       1.7422998     0.096014691
       4157.8200       1.7251966     0.095866320
       4160.8100       1.6488312     0.095717743
       4163.7900       1.6191236     0.095569955
       4166.7800       1.7659667     0.095421963
       4169.7700       1.7576394     0.095274264
       4172.7500       1.6569049     0.095127350
       4175.7400       1.7501677     0.094980235
       4178.7200       1.7548778     0.094833902
       4181.7100       1.8003052     0.094687369
       4184.7000       1.8744211     0.094541128
       4187.6800       1.7488845     0.094395666
       4190.6700       1.7291886     0.094250005
       4193.6500       1.6855142     0.094105122
       4196.6400       1.6956421     0.093960042
       4199.6300       1.8893964     0.093815253
       4202.6100       1.7851979     0.093671236
       4205.6000       1.8454897     0.093527025
       4208.5800       1.8860697     0.093383585
       4211.5700       1.8015461     0.093239952
       4214.5600       1.7403936     0.093096609
       4217.5400       1.7796113     0.092954032
       4220.5300       1.7743097     0.092811265
       4223.5100       1.7631522     0.092669262
       4226.5000       1.8214322     0.092527070
       4229.4900       1.9319249     0.092385166
       4232.4700       1.9012985     0.092244023
       4235.4600       1.8349817     0.092102694
       4238.4400       1.6866390     0.091962123
       4241.4300       1.8732647     0.091821366
       4244.4200       1.9171397     0.091680896
       4247.4000       1.8609033     0.091541182
       4250.3900       1.7876797     0.091401284
       4253.3700       1.7924163     0.091262138
       4256.3600       1.8611198     0.091122811
       4259.3500       1.8363388     0.090983769
       4262.3300       1.8159880     0.090845477
       4265.3200       1.7883715     0.090707004
       4268.3000       1.9270880     0.090569279
       4271.2900       1.7805248     0.090431375
       4274.2800       1.8239984     0.090293755
       4277.2600       1.8854519     0.090156879
       4280.2500       1.7537161     0.090019826
       4283.2300       1.8060609     0.089883514
       4286.2200       1.8991757     0.089747028
       4289.2100       1.8037216     0.089610825
       4292.1900       1.8628306     0.089475359
       4295.1800       1.8011342     0.089339720
       4298.1700       1.6852132     0.089204364
       4301.1500       1.8672345     0.089069741
       4304.1400       1.7869352     0.088934949
       4307.1200       1.7519894     0.088800887
       4310.1100       1.8202124     0.088666656
       4313.1000       1.9706567     0.088532707
       4316.0800       1.9603758     0.088399485
       4319.0700       2.0121186     0.088266097
       4322.0500       1.8790098     0.088133433
       4325.0400       1.8427756     0.088000605
       4328.0300       1.8627461     0.087868056
       4331.0100       1.8419307     0.087736230
       4334.0000       1.8412126     0.087604240
       4336.9800       1.8800025     0.087472969
       4339.9700       1.8986424     0.087341537
       4342.9600       1.9755094     0.087210383
       4345.9400       1.8413235     0.087079946
       4348.9300       1.8695896     0.086949348
       4351.9100       1.9324371     0.086819464
       4354.9000       1.8692991     0.086689422
       4357.8900       2.1235248     0.086559658
       4360.8700       2.6197466     0.086430603
       4363.8600       2.7328848     0.086301393
       4366.8400       2.1098960     0.086172890
       4369.8300       1.9037222     0.086044232
       4372.8200       1.9226366     0.085915850
       4375.8000       1.8517153     0.085788173
       4378.7900       1.8509497     0.085660343
       4381.7700       1.7747005     0.085533215
       4384.7600       1.9139662     0.085405935
       4387.7500       1.9237719     0.085278931
       4390.7300       1.8527028     0.085152626
       4393.7200       1.8506751     0.085026170
       4396.7000       1.7801499     0.084900411
       4399.6900       1.8607660     0.084774504
       4402.6800       1.8028556     0.084648871
       4405.6600       1.8460600     0.084523931
       4408.6500       1.8636966     0.084398845
       4411.6300       1.9746487     0.084274449
       4414.6200       1.8873212     0.084149908
       4417.6100       1.8925646     0.084025641
       4420.5900       1.8161465     0.083902060
       4423.5800       1.8121861     0.083778337
       4426.5600       1.9560722     0.083655298
       4429.5500       1.9711636     0.083532118
       4432.5400       1.8324313     0.083409210
       4435.5200       1.8463768     0.083286983
       4438.5100       1.8598155     0.083164617
       4441.5000       1.9771358     0.083042522
       4444.4800       1.8843536     0.082921104
       4447.4700       1.8211312     0.082799550
       4450.4500       2.0185501     0.082678671
       4453.4400       1.9921955     0.082557655
       4456.4300       1.8101585     0.082436910
       4459.4100       1.8458699     0.082316837
       4462.4000       1.8297594     0.082196630
       4465.3800       1.8882505     0.082077093
       4468.3700       1.8460547     0.081957423
       4471.3600       1.9826433     0.081838022
       4474.3400       2.1194377     0.081719287
       4477.3300       1.8390423     0.081600422
       4480.3100       1.8674563     0.081482220
       4483.3000       1.9748335     0.081363890
       4486.2900       1.7593503     0.081245827
       4489.2700       1.8747749     0.081128424
       4492.2600       1.9113048     0.081010895
       4495.2400       1.8435360     0.080894024
       4498.2300       1.7593133     0.080777026
       4501.2200       1.7787347     0.080660296
       4504.2000       1.7315225     0.080544220
       4507.1900       1.7472687     0.080428020
       4510.1700       1.7869880     0.080312473
       4513.1600       1.7275516     0.080196803
       4516.1500       1.7645357     0.080081399
       4519.1300       1.8610406     0.079966644
       4522.1200       1.8372945     0.079851768
       4525.1000       1.6930547     0.079737539
       4528.0900       1.5953564     0.079623191
       4531.0800       1.6486200     0.079509107
       4534.0600       1.7000723     0.079395666
       4537.0500       1.6640335     0.079282109
       4540.0300       1.6516140     0.079169192
       4543.0200       1.6485566     0.079056160
       4546.0100       1.7809261     0.078943390
       4548.9900       1.7674346     0.078831259
       4551.9800       1.6493592     0.078719013
       4554.9600       1.6985674     0.078607403
       4557.9500       1.6756135     0.078495680
       4560.9400       1.6163197     0.078384219
       4563.9200       1.6529129     0.078273390
       4566.9100       1.5719114     0.078162451
       4569.9000       1.5942264     0.078051772
       4572.8800       1.5554101     0.077941723
       4575.8700       1.5890885     0.077831564
       4578.8500       1.5610495     0.077722032
       4581.8400       1.6627609     0.077612393
       4584.8300       1.5974897     0.077503013
       4587.8100       1.4923144     0.077394257
       4590.8000       1.4125537     0.077285395
       4593.7800       1.5134360     0.077177155
       4596.7700       1.4977215     0.077068810
       4599.7600       1.4788282     0.076960723
       4602.7400       1.4493054     0.076853255
       4605.7300       1.3507728     0.076745684
       4608.7100       1.4308661     0.076638729
       4611.7000       1.3853067     0.076531672
       4614.6900       1.3866743     0.076424873
       4617.6700       1.4853864     0.076318686
       4620.6600       1.5209448     0.076212400
       4623.6400       1.4066554     0.076106724
       4626.6300       1.4799476     0.076000950
       4629.6200       1.5160973     0.075895432
       4632.6000       1.5375834     0.075790521
       4635.5900       1.4777457     0.075685514
       4638.5700       1.5070150     0.075581112
       4641.5600       1.5554259     0.075476614
       4644.5500       1.4942575     0.075372371
       4647.5300       1.3856975     0.075268730
       4650.5200       1.3848737     0.075164996
       4653.5000       1.3941567     0.075061861
       4656.4900       1.5280152     0.074958634
       4659.4800       1.4526954     0.074855661
       4662.4600       1.3817530     0.074753284
       4665.4500       1.5539579     0.074650817
       4668.4300       1.4978958     0.074548944
       4671.4200       1.5384599     0.074446982
       4674.4100       1.4367538     0.074345272
       4677.3900       1.4587309     0.074244153
       4680.3800       1.4274075     0.074142947
       4683.3600       1.4632140     0.074042330
       4686.3500       1.4399379     0.073941626
       4689.3400       1.5063550     0.073841174
       4692.3200       1.4061591     0.073741308
       4695.3100       1.3879258     0.073641357
       4698.2900       1.4920134     0.073541990
       4701.2800       1.5078124     0.073442539
       4704.2700       1.4720745     0.073343339
       4707.2500       1.5013914     0.073244719
       4710.2400       1.4924094     0.073146017
       4713.2300       1.4923672     0.073047565
       4716.2100       1.4876940     0.072949690
       4719.2000       1.5430064     0.072851735
       4722.1800       1.5764684     0.072754356
       4725.1700       1.5513336     0.072656897
       4728.1600       1.5747681     0.072559688
       4731.1400       1.4488354     0.072463050
       4734.1300       1.4571415     0.072366335
       4737.1100       1.4878313     0.072270190
       4740.1000       1.4903817     0.072173969
       4743.0900       1.4363525     0.072077995
       4746.0700       1.4304332     0.071982588
       4749.0600       1.5478327     0.071887107
       4752.0400       1.4452817     0.071792191
       4755.0300       1.5062916     0.071697202
       4758.0200       1.5387979     0.071602459
       4761.0000       1.5285010     0.071508277
       4763.9900       1.5495382     0.071414024
       4766.9700       1.6354295     0.071320330
       4769.9600       1.6952038     0.071226567
       4772.9500       1.6491955     0.071133048
       4775.9300       1.6948183     0.071040085
       4778.9200       1.6311893     0.070947054
       4781.9000       1.5756235     0.070854578
       4784.8900       1.6049456     0.070762034
       4787.8800       1.5122585     0.070669734
       4790.8600       1.5371134     0.070577984
       4793.8500       1.6318071     0.070486170
       4796.8300       1.6022737     0.070394904
       4799.8200       1.6190127     0.070303574
       4802.8100       1.5940574     0.070212486
       4805.7900       1.5694929     0.070121944
       4808.7800       1.5709873     0.070031340
       4811.7600       1.7236758     0.069941279
       4814.7500       1.8303297     0.069851157
       4817.7400       1.6778840     0.069761276
       4820.7200       1.7257193     0.069671935
       4823.7100       1.5270542     0.069582535
       4826.6900       1.7384187     0.069493674
       4829.6800       1.7865656     0.069404753
       4832.6700       1.6335391     0.069316073
       4835.6500       1.7679099     0.069227928
       4838.6400       1.7189657     0.069139727
       4841.6200       1.7502627     0.069052058
       4844.6100       1.7404042     0.068964334
       4847.6000       1.7143770     0.068876849
       4850.5800       1.7480027     0.068789894
       4853.5700       1.8101849     0.068702885
       4856.5600       1.7992227     0.068616114
       4859.5400       2.0716553     0.068529870
       4862.5300       2.0704777     0.068443573
       4865.5100       1.9144150     0.068357802
       4868.5000       1.8369988     0.068271979
       4871.4900       1.8030457     0.068186394
       4874.4700       1.7343950     0.068101330
       4877.4600       1.6824886     0.068016217
       4880.4400       1.6436458     0.067931623
       4883.4300       1.6003464     0.067846981
       4886.4200       1.6891683     0.067762575
       4889.4000       1.6878112     0.067678686
       4892.3900       1.6166576     0.067594750
       4895.3700       1.6531822     0.067511328
       4898.3600       1.6807724     0.067427861
       4901.3500       1.7124813     0.067344628
       4904.3300       1.7952149     0.067261907
       4907.3200       1.9067848     0.067179142
       4910.3000       1.6235697     0.067096847
       4913.2900       1.6588693     0.067015555
       4916.2800       1.7207293     0.066932528
       4919.2600       1.6740821     0.066849834
       4922.2500       1.7522112     0.066768299
       4925.2300       1.5958950     0.066687595
       4928.2200       1.6856304     0.066607250
       4931.2100       1.5976692     0.066526537
       4934.1900       1.6187486     0.066446626
       4937.1800       1.6714155     0.066366426
       4940.1600       1.5612132     0.066286472
       4943.1500       1.5553361     0.066206512
       4946.1400       1.5079391     0.066126212
       4949.1200       1.5577757     0.066045684
       4952.1100       1.5869817     0.065965982
       4955.0900       1.9440909     0.065887575
       4958.0800       2.2252256     0.065809643
       4961.0700       1.9345756     0.065731802
       4964.0500       1.5293195     0.065653538
       4967.0400       1.6021365     0.065574800
       4970.0200       1.5255176     0.065496556
       4973.0100       1.5347583     0.065419518
       4976.0000       1.4614767     0.065342789
       4978.9800       1.4471721     0.065265755
       4981.9700       1.5165198     0.065187909
       4984.9500       1.4157483     0.065110107
       4987.9400       1.4804651     0.065033333
       4990.9300       1.5318964     0.064957716
       4993.9100       1.4462955     0.064883055
       4996.9000       1.4675650     0.064807664
       4999.8800       1.5691339     0.064732091
       5002.8700       2.6782114     0.064656033
       5005.8600       3.7078451     0.064580704
       5008.8400       2.8106601     0.064506051
       5011.8300       1.7345640     0.064431357
       5014.8100       1.5659022     0.064357314
       5017.8000       1.6548825     0.064282855
       5020.7900       1.6844159     0.064209181
       5023.7700       1.6193506     0.064135901
       5026.7600       1.5696302     0.064062528
       5029.7500       1.5651049     0.063988892
       5032.7300       1.6977331     0.063915236
       5035.7200       1.7539643     0.063842124
       5038.7000       1.7827901     0.063769365
       5041.6900       1.6679093     0.063697065
       5044.6800       1.7215636     0.063625371
       5047.6600       1.6882389     0.063553942
       5050.6500       1.6830958     0.063481741
       5053.6300       1.7367184     0.063410190
       5056.6200       1.7020261     0.063339144
       5059.6100       1.7848758     0.063267999
       5062.5900       1.7623179     0.063196784
       5065.5800       1.7108866     0.063125807
       5068.5600       1.6850654     0.063056121
       5071.5500       1.6865703     0.062986153
       5074.5400       1.6846430     0.062915655
       5077.5200       1.7145724     0.062845345
       5080.5100       1.6779896     0.062776041
       5083.4900       1.7459856     0.062707457
       5086.4800       1.7313166     0.062638348
       5089.4700       1.6745679     0.062569630
       5092.4500       1.7625925     0.062501309
       5095.4400       1.7160773     0.062432514
       5098.4200       1.6524166     0.062363836
       5101.4100       1.6502886     0.062295194
       5104.4000       1.6449342     0.062227780
       5107.3800       1.7442536     0.062160706
       5110.3700       1.7848600     0.062093589
       5113.3500       1.6827420     0.062026962
       5116.3400       1.6413119     0.061959517
       5119.3300       1.6974955     0.061892744
       5122.3100       1.7033198     0.061826315
       5125.3000       1.5598826     0.061759994
       5128.2800       1.6467718     0.061694128
       5131.2700       1.5800168     0.061628203
       5134.2600       1.5421826     0.061562386
       5137.2400       1.7185168     0.061497042
       5140.2300       1.6112241     0.061431591
       5143.2100       1.6627768     0.061366792
       5146.2000       1.6400287     0.061302309
       5149.1900       1.7135902     0.061237817
       5152.1700       1.6838509     0.061173813
       5155.1600       1.7260150     0.061109257
       5158.1400       1.7416609     0.061045286
       5161.1300       1.7080246     0.060981511
       5164.1200       1.6220436     0.060917885
       5167.1000       1.6115831     0.060855097
       5170.0900       1.6924844     0.060792161
       5173.0700       1.7052155     0.060729601
       5176.0600       1.7158027     0.060666883
       5179.0500       1.6811737     0.060604176
       5182.0300       1.6710670     0.060542008
       5185.0200       1.6397225     0.060479927
       5188.0000       1.5836761     0.060418746
       5190.9900       1.6415548     0.060357163
       5193.9800       1.6140491     0.060295360
       5196.9600       1.6780266     0.060234234
       5199.9500       1.6656599     0.060173065
       5202.9400       1.6262627     0.060112279
       5205.9200       1.6822879     0.060051962
       5208.9100       1.6920144     0.059991631
       5211.8900       1.6066512     0.059931303
       5214.8800       1.5839032     0.059871399
       5217.8700       1.6796688     0.059811703
       5220.8500       1.6341727     0.059752587
       5223.8400       1.6613827     0.059693294
       5226.8200       1.5117040     0.059634617
       5229.8100       1.5336600     0.059575787
       5232.8000       1.6476536     0.059517093
       5235.7800       1.6408894     0.059458584
       5238.7700       1.5962330     0.059400607
       5241.7500       1.5400916     0.059342673
       5244.7400       1.4980700     0.059284855
       5247.7300       1.5263625     0.059227000
       5250.7100       1.4907302     0.059169111
       5253.7000       1.5152366     0.059111969
       5256.6800       1.4984291     0.059055615
       5259.6700       1.5956785     0.058998814
       5262.6600       1.5046652     0.058942310
       5265.6400       1.5271070     0.058885776
       5268.6300       1.5228404     0.058829594
       5271.6100       1.6031081     0.058773665
       5274.6000       1.5766320     0.058717820
       5277.5900       1.5169845     0.058662193
       5280.5700       1.4264887     0.058607068
       5283.5600       1.4560115     0.058551933
       5286.5400       1.5015868     0.058496934
       5289.5300       1.4301586     0.058441928
       5292.5200       1.3845252     0.058387194
       5295.5000       1.4128388     0.058333069
       5298.4900       1.3910888     0.058279461
       5301.4700       1.4054251     0.058226241
       5304.4600       1.4285639     0.058172481
       5307.4500       1.4483126     0.058118296
       5310.4300       1.4857138     0.058064523
       5313.4200       1.5270014     0.058010778
       5316.4000       1.5097820     0.057958144
       5319.3900       1.4187106     0.057906011
       5322.3800       1.4238960     0.057853639
       5325.3600       1.3601350     0.057801519
       5328.3500       1.3850004     0.057748884
       5331.3300       1.2959568     0.057696870
       5334.3200       1.3571674     0.057645399
       5337.3100       1.3827616     0.057594154
       5340.2900       1.3915904     0.057543208
       5343.2800       1.2998537     0.057491905
       5346.2700       1.2601292     0.057440695
       5349.2500       1.3126535     0.057389841
       5352.2400       1.2693118     0.057339398
       5355.2200       1.2708642     0.057289599
       5358.2100       1.3551397     0.057239545
       5361.2000       1.3182454     0.057189528
       5364.1800       1.3079486     0.057139726
       5367.1700       1.3590842     0.057089648
       5370.1500       1.3140369     0.057040060
       5373.1400       1.2582493     0.056990775
       5376.1300       1.3385645     0.056941755
       5379.1100       1.3232513     0.056893549
       5382.1000       1.2476040     0.056845111
       5385.0800       1.2354115     0.056797166
       5388.0700       1.1926718     0.056748950
       5391.0600       1.1844502     0.056700963
       5394.0400       1.2762872     0.056653158
       5397.0300       1.2492198     0.056605787
       5400.0100       1.2228969     0.056558688
       5403.0000       1.1822008     0.056511281
       5405.9900       1.2192218     0.056463614
       5408.9700       1.2378564     0.056416521
       5411.9600       1.1564323     0.056369762
       5414.9400       1.2417533     0.056323854
       5417.9300       1.2534336     0.056277716
       5420.9200       1.2019654     0.056231522
       5423.9000       1.1459560     0.056185789
       5426.8900       1.1570501     0.056140075
       5429.8700       1.1197070     0.056094879
       5432.8600       1.1214126     0.056049840
       5435.8500       1.1639992     0.056004742
       5438.8300       1.0657887     0.055959922
       5441.8200       1.1081218     0.055915174
       5444.8000       1.0727272     0.055870802
       5447.7900       1.1260383     0.055826199
       5450.7800       1.0852206     0.055781958
       5453.7600       1.1134920     0.055738047
       5456.7500       1.0843705     0.055694411
       5459.7300       1.0469007     0.055650979
       5462.7200       1.0398671     0.055607570
       5465.7100       1.0406170     0.055564490
       5468.6900      0.88295957     0.055521836
       5471.6800      0.78751076     0.055479012
       5474.6700       1.0139614     0.055436412
       5477.6500       1.1929675     0.055393833
       5480.6400       1.0545097     0.055351548
       5483.6200      0.96234535     0.055309510
       5486.6100      0.92353957     0.055267739
       5489.6000      0.97558335     0.055225939
       5492.5800      0.95231784     0.055184455
       5495.5700       1.0166228     0.055143124
       5498.5500      0.99605025     0.055102315
       5501.5400      0.96365489     0.055061719
       5504.5300      0.90320468     0.055020785
       5507.5100      0.85870661     0.054980080
       5510.5000      0.93609640     0.054939656
       5513.4800      0.93531490     0.054899584
       5516.4700      0.85077015     0.054859465
       5519.4600      0.86718696     0.054819571
       5522.4400      0.94900174     0.054780177
       5525.4300      0.96587267     0.054740959
       5528.4100      0.94946641     0.054701738
       5531.4000      0.98345117     0.054662513
       5534.3900      0.95955729     0.054623532
       5537.3700      0.82124734     0.054585050
       5540.3600      0.80005703     0.054546725
       5543.3400      0.89305572     0.054508416
       5546.3300      0.79061036     0.054470211
       5549.3200      0.85240180     0.054432166
       5552.3000      0.86845954     0.054394161
       5555.2900      0.85050085     0.054356491
       5558.2700      0.83823444     0.054319303
       5561.2600      0.85515289     0.054281997
       5564.2500      0.79989862     0.054244775
       5567.2300      0.83109004     0.054207749
       5570.2200      0.81820054     0.054171162
       5573.2000      0.78302769     0.054135323
       5576.1900      0.83056728     0.054099194
       5579.1800      0.83897898     0.054062681
       5582.1600      0.76460431     0.054026076
       5585.1500      0.80924495     0.053989812
       5588.1300      0.72679653     0.053954754
       5591.1200      0.77420411     0.053919843
       5594.1100      0.79441754     0.053885068
       5597.0900      0.75477746     0.053850021
       5600.0800      0.73442673     0.053814565
       5603.0600      0.72201775     0.053779563
       5606.0500      0.72412992     0.053745009
       5609.0400      0.69968159     0.053711130
       5612.0200      0.66532720     0.053677484
       5615.0100      0.76174761     0.053643684
       5617.9900      0.74400013     0.053609918
       5620.9800      0.75504148     0.053575932
       5623.9700      0.72599391     0.053541772
       5626.9500      0.70559038     0.053508265
       5629.9400      0.73301158     0.053475372
       5632.9200      0.78717809     0.053442637
       5635.9100      0.75973049     0.053410076
       5638.9000      0.75146664     0.053377054
       5641.8800      0.75903347     0.053343992
       5644.8700      0.78225146     0.053311532
       5647.8500      0.79300767     0.053279926
       5650.8400      0.75894371     0.053248702
       5653.8300      0.77964294     0.053217429
       5656.8100      0.76315748     0.053185687
       5659.8000      0.75707444     0.053153963
       5662.7900      0.73003343     0.053122474
       5665.7700      0.82693963     0.053091491
       5668.7600      0.78536691     0.053060678
       5671.7400      0.77405098     0.053030287
       5674.7300      0.78929026     0.053000192
       5677.7200      0.77675455     0.052970113
       5680.7000      0.82483274     0.052940262
       5683.6900      0.89029935     0.052909804
       5686.6700      0.84924411     0.052879681
       5689.6600      0.79063677     0.052849671
       5692.6500      0.74613870     0.052820193
       5695.6300      0.86745098     0.052791103
       5698.6200      0.83054087     0.052761967
       5701.6000      0.86341675     0.052732991
       5704.5900      0.78274254     0.052704077
       5707.5800      0.87965931     0.052675452
       5710.5600      0.86205968     0.052647224
       5713.5500      0.79209416     0.052619052
       5716.5300      0.88919574     0.052590965
       5719.5200      0.98260103     0.052562922
       5722.5100      0.92172311     0.052535026
       5725.4900      0.89251712     0.052507579
       5728.4800      0.89518901     0.052480115
       5731.4600      0.86829057     0.052452635
       5734.4500      0.81550753     0.052425663
       5737.4400      0.86027490     0.052398916
       5740.4200      0.90320997     0.052372185
       5743.4100      0.93272221     0.052345669
       5746.3900      0.94184677     0.052319253
       5749.3800       1.1384948     0.052292548
       5752.3700       1.3896155     0.052266300
       5755.3500       1.3885859     0.052241152
       5758.3400       1.0764921     0.052218803
       5761.3200      0.91935748     0.052204191
       5764.3100       1.0087444     0.052205533
       5767.3000      0.96320078     0.052232181
       5770.2800      0.95351649     0.052290412
       5773.2700      0.93439611     0.052378296
       5776.2500      0.94468236     0.052478168
       5779.2400      0.91627372     0.052557770
       5782.2300      0.85699576     0.052589209
       5785.2100      0.92058782     0.052578029
       5788.2000      0.98374160     0.052550054
       5791.1900      0.92348676     0.052506038
       5794.1700      0.97030294     0.052426234
       5797.1600       1.0049372     0.052324349
       5800.1400      0.94508895     0.052246890
       5803.1300      0.93690430     0.052220195
       5806.1200       1.0051273     0.052241199
       5809.1000      0.94432857     0.052281680
       5812.0900      0.93336114     0.052289636
       5815.0700      0.94269164     0.052222523
       5818.0600      0.92115282     0.052096315
       5821.0500      0.94970931     0.051973615
       5824.0300      0.92172311     0.051908662
       5827.0200      0.92924770     0.051925712
       5830.0000      0.93328722     0.052019277
       5832.9900      0.97371409     0.052136649
       5835.9800      0.94951394     0.052190976
       5838.9600      0.90897090     0.052135273
       5841.9500      0.94683149     0.052006914
       5844.9300      0.97852983     0.051882697
       5847.9200       1.0028778     0.051801803
       5850.9100      0.92322802     0.051755128
       5853.8900      0.91477936     0.051729095
       5856.8800      0.95916654     0.051719925
       5859.8600      0.91101442     0.051711576
       5862.8500      0.96867129     0.051687607
       5865.8400      0.96416709     0.051649766
       5868.8200       1.0440968     0.051603002
       5871.8100       1.2067547     0.051551248
       5874.7900       1.3192593     0.051507471
       5877.7800       1.2047640     0.051478558
       5880.7700       1.0000000     0.051454094
       5883.7500      0.92205049     0.051419786
       5886.7400      0.90338950     0.051375925
       5889.7200      0.88637600     0.051330535
       5892.7100      0.90384362     0.051287657
       5895.7000      0.91254574     0.051246987
       5898.6800      0.93022986     0.051210156
       5901.6700      0.89433887     0.051179731
       5904.6500      0.91297346     0.051155438
       5907.6400      0.93791286     0.051134951
       5910.6300      0.93401592     0.051116062
       5913.6100      0.92844508     0.051098236
       5916.6000      0.92722002     0.051080907
       5919.5800      0.92853484     0.051064051
       5922.5700      0.93702047     0.051047260
       5925.5600      0.92746292     0.051030446
       5928.5400      0.92839227     0.051013816
       5931.5300      0.92199241     0.050997234
       5934.5100      0.91499057     0.050980744
       5937.5000      0.95521679     0.050964612
       5940.4900      0.93670893     0.050948438
       5943.4700      0.95865962     0.050932408
       5946.4600       1.0175046     0.050916898
       5949.4400       1.0298132     0.050901325
       5952.4300      0.99144573     0.050886031
       5955.4200       1.0102334     0.050870780
       5958.4000       1.0932046     0.050855372
       5961.3900       1.0062626     0.050840336
       5964.3800       1.0026983     0.050825404
       5967.3600       1.0184920     0.050810636
       5970.3500       1.0463357     0.050796058
       5973.3300       1.0482894     0.050781672
       5976.3200       1.0167284     0.050767677
       5979.3100       1.0313234     0.050753470
       5982.2900       1.0529467     0.050739514
       5985.2800       1.0266872     0.050725656
       5988.2600       1.0225843     0.050712155
       5991.2500      0.98814018     0.050698308
       5994.2400       1.0310066     0.050684809
       5997.2200       1.0218345     0.050671478
       6000.2100      0.99862181     0.050658484
       6003.1900      0.97265800     0.050645319
       6006.1800       1.0412823     0.050632667
       6009.1700       1.0124143     0.050620090
       6012.1500      0.98184065     0.050607821
       6015.1400      0.99267078     0.050595463
       6018.1200       1.0566430     0.050583237
       6021.1100      0.99869046     0.050570977
       6024.1000      0.94743345     0.050558971
       6027.0800      0.93062589     0.050547270
       6030.0700      0.97203491     0.050535512
       6033.0500       1.0067484     0.050524033
       6036.0400      0.96377634     0.050512798
       6039.0300      0.93755907     0.050501551
       6042.0100      0.95204326     0.050490719
       6045.0000      0.96515981     0.050479813
       6047.9800      0.94910207     0.050468780
       6050.9700      0.95303070     0.050458214
       6053.9600      0.89038911     0.050447768
       6056.9400      0.91333780     0.050437481
       6059.9300      0.84828835     0.050427355
       6062.9100      0.93318161     0.050417508
       6065.9000      0.96268858     0.050407543
       6068.8900      0.95701213     0.050397443
       6071.8700      0.99090712     0.050387671
       6074.8600      0.95557058     0.050377959
       6077.8400      0.95264522     0.050368786
       6080.8300      0.97117949     0.050359924
       6083.8200       1.0024132     0.050350923
       6086.8000       1.0135548     0.050342002
       6089.7900       1.0184075     0.050332924
       6092.7700      0.95096605     0.050324227
       6095.7600      0.98245318     0.050315828
       6098.7500       1.0153555     0.050307375
       6101.7300      0.92474350     0.050299180
       6104.7200      0.96620005     0.050291077
       6107.7100      0.99157246     0.050283194
       6110.6900      0.95050666     0.050275146
       6113.6800      0.96755712     0.050267573
       6116.6600      0.96433607     0.050260144
       6119.6500      0.95272971     0.050252654
       6122.6400       1.0221091     0.050245518
       6125.6200       1.0172247     0.050238560
       6128.6100      0.90417628     0.050231554
       6131.5900      0.91192793     0.050224644
       6134.5800      0.91410346     0.050218329
       6137.5700      0.90414460     0.050213522
       6140.5500      0.89778170     0.050211770
       6143.5400      0.94668363     0.050215945
       6146.5200      0.88441696     0.050231880
       6149.5100      0.91868159     0.050276574
       6152.5000      0.90553863     0.050395150
       6155.4800      0.92780086     0.050661624
       6158.4700      0.85000977     0.051112387
       6161.4500      0.92032908     0.051618584
       6164.4400      0.85501560     0.051914720
       6167.4300      0.91193849     0.051847999
       6170.4100      0.94596022     0.051563523
       6173.4000      0.91661166     0.051314135
       6176.3800      0.93785478     0.051207480
       6179.3700      0.86113561     0.051182321
       6182.3600      0.92407289     0.051148899
       6185.3400      0.82131599     0.051074207
       6188.3300      0.89458176     0.050974107
       6191.3100      0.91002698     0.050872828
       6194.3000      0.92407817     0.050781888
       6197.2900      0.96976962     0.050704137
       6200.2700      0.93020873     0.050638203
       6203.2600      0.87636961     0.050578938
       6206.2400      0.91458926     0.050522603
       6209.2300      0.97022901     0.050468521
       6212.2200      0.92801736     0.050419996
       6215.2000      0.98616003     0.050379406
       6218.1900      0.93575845     0.050347221
       6221.1700      0.92810185     0.050323142
       6224.1600      0.97333390     0.050305895
       6227.1500       1.0314607     0.050291796
       6230.1300      0.95533824     0.050276396
       6233.1200       1.0355953     0.050257358
       6236.1000       1.0492452     0.050236563
       6239.0900       1.0416150     0.050217535
       6242.0800       1.0754572     0.050201759
       6245.0600       1.1148332     0.050188100
       6248.0500       1.0549691     0.050175156
       6251.0400       1.0442288     0.050163370
       6254.0200       1.1017431     0.050151182
       6257.0100       1.1274006     0.050136648
       6259.9900       1.1108993     0.050121290
       6262.9800       1.1310283     0.050109866
       6265.9700       1.0836576     0.050104993
       6268.9500       1.0590298     0.050104121
       6271.9400       1.1220885     0.050100586
       6274.9200       1.1980262     0.050090769
       6277.9100       1.2326340     0.050076649
       6280.9000       1.2526468     0.050063602
       6283.8800       1.2268150     0.050055198
       6286.8700       1.2295714     0.050051237
       6289.8500       1.2120140     0.050050208
       6292.8400       1.2488924     0.050050025
       6295.8300       1.2821485     0.050050422
       6298.8100       1.4338390     0.050050849
       6301.8000       1.3946266     0.050051095
       6304.7800       1.2166608     0.050051627
       6307.7700       1.2588249     0.050052355
       6310.7600       1.2597173     0.050053164
       6313.7400       1.3561324     0.050054360
       6316.7300       1.3527213     0.050055586
       6319.7100       1.2980901     0.050057619
       6322.7000       1.3040200     0.050060664
       6325.6900       1.3459465     0.050064917
       6328.6700       1.3674325     0.050071909
       6331.6600       1.4242656     0.050085125
       6334.6400       1.4348317     0.050108535
       6337.6300       1.3381473     0.050144273
       6340.6200       1.3770587     0.050189324
       6343.6000       1.4217152     0.050240955
       6346.5900       1.4439246     0.050303024
       6349.5700       1.4550188     0.050380989
       6352.5600       1.4821126     0.050473302
       6355.5500       1.4373927     0.050559980
       6358.5300       1.5318436     0.050614606
       6361.5200       1.5254542     0.050625662
       6364.5000       1.5215362     0.050603426
       6367.4900       1.5498920     0.050565573
       6370.4800       1.5475317     0.050522556
       6373.4600       1.6129032     0.050472088
       6376.4500       1.6154431     0.050405331
       6379.4300       1.5980758     0.050326609
       6382.4200       1.5873407     0.050260476
       6385.4100       1.6219961     0.050237975
       6388.3900       1.5429271     0.050279491
       6391.3800       1.5736064     0.050381767
       6394.3600       1.5916495     0.050503961
       6397.3500       1.6065509     0.050577266
       6400.3400       1.6112874     0.050554611
       6403.3200       1.5871031     0.050457937
       6406.3100       1.6094762     0.050352747
       6409.2900       1.6369502     0.050288468
       6412.2800       1.6270389     0.050268589
       6415.2700       1.6098723     0.050272691
       6418.2500       1.6247155     0.050289945
       6421.2400       1.6393634     0.050323722
       6424.2300       1.6380116     0.050370903
       6427.2100       1.6120267     0.050413539
       6430.2000       1.6111660     0.050436662
       6433.1800       1.6062499     0.050439625
       6436.1700       1.5942317     0.050432823
       6439.1600       1.6616996     0.050426046
       6442.1400       1.6494701     0.050419992
       6445.1300       1.6910640     0.050410586
       6448.1100       1.6478807     0.050398477
       6451.1000       1.6044018     0.050385395
       6454.0900       1.5772287     0.050368081
       6457.0700       1.5782531     0.050343490
       6460.0600       1.5642970     0.050318657
       6463.0400       1.5059325     0.050300493
       6466.0300       1.5541850     0.050286491
       6469.0200       1.5476531     0.050272764
       6472.0000       1.5329894     0.050262264
       6474.9900       1.5250793     0.050261458
       6477.9700       1.5256496     0.050269893
       6480.9600       1.4735583     0.050282603
       6483.9500       1.4668205     0.050295442
       6486.9300       1.4905137     0.050307449
       6489.9200       1.4678607     0.050318687
       6492.9000       1.4553937     0.050328723
       6495.8900       1.4516657     0.050337797
       6498.8800       1.3900961     0.050346216
       6501.8600       1.4152414     0.050354632
       6504.8500       1.3876565     0.050362905
       6507.8300       1.4260187     0.050371501
       6510.8200       1.3891667     0.050380042
       6513.8100       1.4239066     0.050388918
       6516.7900       1.4730989     0.050397847
       6519.7800       1.3987401     0.050406755
       6522.7600       1.4264148     0.050415492
       6525.7500       1.5374672     0.050424241
       6528.7400       1.5355451     0.050433332
       6531.7200       1.4677340     0.050442492
       6534.7100       1.5740446     0.050452130
       6537.6900       1.6009536     0.050461582
       6540.6800       1.6701377     0.050471183
       6543.6700       1.8742258     0.050480983
       6546.6500       1.9840584     0.050491006
       6549.6400       2.1430834     0.050500743
       6552.6200       2.2199293     0.050510682
       6555.6100       3.2176957     0.050520908
       6558.6000       6.4285903     0.050531268
       6561.5800       9.1215499     0.050541490
       6564.5700       7.7133156     0.050551943
       6567.5600       4.2298407     0.050562493
       6570.5400       2.3205582     0.050572978
       6573.5300       1.9024443     0.050583704
       6576.5100       1.7718543     0.050594506
       6579.5000       1.8805147     0.050605597
       6582.4900       1.8752238     0.050616717
       6585.4700       1.7447816     0.050627788
       6588.4600       1.3803009     0.050639033
       6591.4400       1.2930631     0.050650199
       6594.4300       1.2759651     0.050661690
       6597.4200       1.2653198     0.050673292
       6600.4000       1.2498957     0.050684859
       6603.3900       1.2750939     0.050696648
       6606.3700       1.2426087     0.050708587
       6609.3600       1.1892871     0.050720523
       6612.3500       1.1693324     0.050732497
       6615.3300       1.1357437     0.050744840
       6618.3200       1.1226324     0.050757053
       6621.3000       1.1889439     0.050769416
       6624.2900       1.1615491     0.050781803
       6627.2800       1.1178061     0.050794163
       6630.2600       1.1172939     0.050806611
       6633.2500       1.1138194     0.050819392
       6636.2300       1.1804530     0.050832191
       6639.2200       1.2274223     0.050844971
       6642.2100       1.2287265     0.050858169
       6645.1900       1.1243221     0.050871207
       6648.1800       1.1601814     0.050884551
       6651.1600       1.2123467     0.050897880
       6654.1500       1.2058782     0.050911311
       6657.1400       1.2057250     0.050924899
       6660.1200       1.1560733     0.050938302
       6663.1100       1.1438121     0.050952009
       6666.0900       1.1520602     0.050965692
       6669.0800       1.1137613     0.050979490
       6672.0700       1.1541618     0.050993564
       6675.0500       1.1659688     0.051007549
       6678.0400       1.1831143     0.051021780
       6681.0200       1.1453804     0.051035798
       6684.0100       1.1013629     0.051050209
       6687.0000       1.0808537     0.051064715
       6689.9800       1.1247604     0.051079041
       6692.9700       1.0989761     0.051093838
       6695.9500       1.0927136     0.051108478
       6698.9400       1.0478564     0.051123466
       6701.9300       1.0804049     0.051138524
       6704.9100       1.0698124     0.051153403
       6707.9000       1.0579314     0.051168381
       6710.8800       1.1770629     0.051183100
       6713.8700       1.1115646     0.051198116
       6716.8600       1.0976824     0.051213582
       6719.8400      0.99722250     0.051230107
       6722.8300      0.93900063     0.051253323
       6725.8100      0.96701324     0.051308831
       6728.8000      0.96857096     0.051489199
       6731.7900       1.0042243     0.052030841
       6734.7700      0.91618395     0.053338288
       6737.7600      0.82936862     0.055831163
       6740.7500      0.87795901     0.059443277
       6743.7300      0.84249574     0.063076260
       6746.7200      0.90431357     0.064944672
       6749.7000      0.87169644     0.064200302
       6752.6900      0.90986329     0.061927138
       6755.6800      0.82031799     0.059807959
       6758.6600      0.76366440     0.058705499
       6761.6500      0.83155999     0.058519624
       6764.6300      0.83256855     0.058689972
       6767.6200      0.81782563     0.058707320
       6770.6100      0.84807714     0.058390989
       6773.5900      0.84788704     0.057824295
       6776.5800      0.83530381     0.057146597
       6779.5600      0.80251242     0.056459552
       6782.5500      0.82150080     0.055807833
       6785.5400      0.88197741     0.055219962
       6788.5200      0.78821833     0.054717409
       6791.5100      0.75427054     0.054312608
       6794.4900      0.72829089     0.054014808
       6797.4800      0.75610284     0.053812812
       6800.4700      0.79228426     0.053686687
       6803.4500      0.81227063     0.053617533
       6806.4400      0.79626041     0.053597720
       6809.4200      0.82443671     0.053617524
       6812.4100      0.84038357     0.053641117
       6815.4000      0.80920271     0.053615468
       6818.3800      0.79080574     0.053522532
       6821.3700      0.83488666     0.053396160
       6824.3500      0.84498281     0.053286667
       6827.3400      0.85198464     0.053202293
       6830.3300      0.84198882     0.053100860
       6833.3100      0.74524631     0.052934008
       6836.3000      0.78439531     0.052704436
       6839.2800      0.78098416     0.052474690
       6842.2700      0.76613563     0.052311039
       6845.2600      0.80560147     0.052242617
       6848.2400      0.81243961     0.052262839
       6851.2300      0.83127485     0.052359515
       6854.2100      0.81189572     0.052521790
       6857.2000      0.82607892     0.052724885
       6860.1900      0.81246601     0.052914305
       6863.1700      0.74019295     0.053035711
       6866.1600      0.82464793     0.053077574
       6869.1500      0.84310298     0.053073237
       6872.1300      0.83040358     0.053063244
       6875.1200      0.78868301     0.053063199
       6878.1000      0.76835341     0.053066164
       6881.0900      0.74911157     0.053068285
       6884.0800      0.78221450     0.053076916
       6887.0600      0.79086382     0.053096968
       6890.0500      0.80436585     0.053122419
       6893.0300      0.79195687     0.053140634
       6896.0200      0.75236959     0.053131190
       6899.0100      0.74222591     0.053076750
       6901.9900      0.73545113     0.052990347
       6904.9800      0.74661393     0.052917445
       6907.9600      0.74886339     0.052889604
       6910.9500      0.79282814     0.052891490
       6913.9400      0.78006537     0.052896737
       6916.9200      0.68743630     0.052904006
       6919.9100      0.80801990     0.052927008
       6922.8900      0.77321139     0.052957925
       6925.8800      0.79471325     0.052974952
       6928.8700      0.75845263     0.052968343
       6931.8500      0.82775809     0.052946926
       6934.8400      0.76567624     0.052921460
       6937.8200      0.73478580     0.052898790
       6940.8100      0.68643831     0.052886563
       6943.8000      0.69842485     0.052890391
       6946.7800      0.74250577     0.052904536
       6949.7700      0.76939893     0.052915098
       6952.7500      0.79256412     0.052914765
       6955.7400      0.76861743     0.052909892
       6958.7300      0.75931862     0.052910246
       6961.7100      0.71312025     0.052919575
       6964.7000      0.73188685     0.052936990
       6967.6800      0.76704914     0.052959426
       6970.6700      0.71990559     0.052983102
       6973.6600      0.77366551     0.053002452
       6976.6400      0.73982860     0.053014857
       6979.6300      0.75091747     0.053022281
       6982.6100      0.74763305     0.053029819
       6985.6000      0.71061733     0.053043132
       6988.5900      0.74994588     0.053065120
       6991.5700      0.83134878     0.053095389
       6994.5600      0.76131989     0.053133183
       6997.5400      0.78636491     0.053174549
       7000.5300      0.76217532     0.053215189
       7003.5200      0.80603446     0.053254668
       7006.5000      0.80719087     0.053299118
       7009.4900      0.79190935     0.053356805
       7012.4800      0.74033024     0.053430118
       7015.4600      0.74424303     0.053512788
       7018.4500      0.80250186     0.053597457
       7021.4300      0.74673010     0.053692802
       7024.4200      0.77984887     0.053840484
       7027.4100      0.77971686     0.054115161
       7030.3900      0.77791096     0.054595661
       7033.3800      0.77413546     0.055323014
       7036.3600      0.79869468     0.056240373
       7039.3500      0.80475660     0.057211679
       7042.3400      0.75478802     0.058081259
       7045.3200      0.79516736     0.058794785
       7048.3100      0.79412184     0.059418252
       7051.2900      0.84806130     0.059995501
       7054.2800      0.83143854     0.060451414
       7057.2700      0.87146410     0.060653430
       7060.2500      0.94913903     0.060589978
       7063.2400       1.1128742     0.060379724
       7066.2200       1.0993458     0.060112759
       7069.2100      0.95074956     0.059724043
       7072.2000      0.85295624     0.059070660
       7075.1800      0.82127902     0.058127888
       7078.1700      0.80081213     0.057067940
       7081.1500      0.81767778     0.056165578
       7084.1400      0.82555616     0.055596218
       7087.1300      0.84338813     0.055403682
       7090.1100      0.84876359     0.055551053
       7093.1000      0.86874469     0.056002079
       7096.0800      0.83550975     0.056711199
       7099.0700      0.79950258     0.057564575
       7102.0600      0.80292429     0.058348114
       7105.0400      0.82227702     0.058860172
       7108.0300      0.80964626     0.059044573
       7111.0100      0.76525380     0.058984357
       7114.0000      0.84033605     0.058818723
       7116.9900      0.86580349     0.058645380
       7119.9700      0.84580128     0.058483170
       7122.9600      0.81180067     0.058313753
       7125.9400      0.86196463     0.058159399
       7128.9300      0.85107113     0.058069225
       7131.9200      0.92040300     0.058069675
       7134.9000      0.91995945     0.058163915
       7137.8900      0.75716949     0.058333882
       7140.8700      0.83903706     0.058478459
       7143.8600      0.91246654     0.058439635
       7146.8500      0.92256797     0.058183242
       7149.8300      0.91226060     0.057893693
       7152.8200      0.88201965     0.057775542
       7155.8000      0.87999725     0.057829105
       7158.7900      0.86167421     0.057888023
       7161.7800      0.81302573     0.057847733
       7164.7600      0.81042777     0.057767613
       7167.7500      0.91101442     0.057731414
       7170.7300      0.94259131     0.057725115
       7173.7200      0.87163835     0.057679932
       7176.7100      0.70456070     0.057560515
       7179.6900      0.76090802     0.057369596
       7182.6800      0.85074375     0.057103346
       7185.6700      0.83613283     0.056769480
       7188.6500      0.82484858     0.056422321
       7191.6400      0.76025325     0.056140807
       7194.6200      0.78726258     0.055964937
       7197.6100      0.85372718     0.055859741
       7200.6000      0.80027881     0.055767326
       7203.5800      0.74849376     0.055673252
       7206.5700      0.92080959     0.055608858
       7209.5500      0.90127205     0.055601297
       7212.5400      0.88832975     0.055636424
       7215.5300      0.92830778     0.055678827
       7218.5100      0.87679732     0.055713568
       7221.5000      0.82516013     0.055750553
       7224.4800      0.87031297     0.055797448
       7227.4700      0.78245740     0.055840996
       7230.4600      0.75946647     0.055855659
       7233.4400      0.82807492     0.055825747
       7236.4300      0.86858099     0.055761695
       7239.4100      0.84132348     0.055693258
       7242.4000      0.79243739     0.055650303
       7245.3900      0.80927136     0.055641370
       7248.3700      0.79951843     0.055653694
       7251.3600      0.84742765     0.055670254
       7254.3400      0.78186599     0.055680709
       7257.3300      0.82415157     0.055679059
       7260.3200      0.84678871     0.055659840
       7263.3000      0.72414576     0.055625757
       7266.2900      0.77069263     0.055589733
       7269.2700      0.83295930     0.055567497
       7272.2600      0.75749159     0.055564481
       7275.2500      0.72619984     0.055574492
       7278.2300      0.73256274     0.055588290
       7281.2200      0.76913491     0.055602772
       7284.2000      0.76808939     0.055619012
       7287.1900      0.76298322     0.055635478
       7290.1800      0.74380475     0.055648649
       7293.1600      0.74960265     0.055657269
       7296.1500      0.71969965     0.055665903
       7299.1300      0.75363689     0.055679961
       7302.1200      0.72767836     0.055699718
       7305.1100      0.76593498     0.055721467
       7308.0900      0.79900095     0.055741812
       7311.0800      0.70967214     0.055761369
       7314.0600      0.75822557     0.055781920
       7317.0500      0.80659946     0.055805505
       7320.0400      0.78828170     0.055831295
       7323.0200      0.71992143     0.055858599
       7326.0100      0.75368441     0.055886736
       7329.0000      0.83985025     0.055915368
       7331.9800      0.77269391     0.055944371
       7334.9700      0.72112008     0.055973118
       7337.9500      0.70636132     0.056002177
       7340.9400      0.65573268     0.056031480
       7343.9300      0.71589247     0.056060680
       7346.9100      0.70403793     0.056089603
       7349.9000      0.75596027     0.056118694
       7352.8800      0.74076851     0.056147720
       7355.8700      0.71284567     0.056176755
       7358.8600      0.70724843     0.056205917
       7361.8400      0.68272089     0.056235262
       7364.8300      0.63218731     0.056264676
       7367.8100      0.64961796     0.056294269
       7370.8000      0.68566209     0.056323979
       7373.7900      0.73235681     0.056353419
       7376.7700      0.76248158     0.056382683
       7379.7600      0.65700526     0.056412067
       7382.7400      0.59351882     0.056441188
       7385.7300      0.71927722     0.056470383
       7388.7200      0.72732457     0.056500087
       7391.7000      0.68963296     0.056529607
       7394.6900      0.65697886     0.056559418
       7397.6700      0.71682182     0.056589233
       7400.6600      0.66309887     0.056619272
       7403.6500      0.61127158     0.056649411
       7406.6300      0.64674013     0.056679097
       7409.6200      0.63266254     0.056709132
       7412.6000      0.63715090     0.056739064
       7415.5900      0.71760332     0.056769233
       7418.5800      0.67073435     0.056800178
       7421.5600      0.68507068     0.056832373
       7424.5500      0.65608119     0.056866207
       7427.5300      0.59685604     0.056901769
       7430.5200      0.59731544     0.056940739
       7433.5100      0.70730123     0.056988248
       7436.4900      0.59650225     0.057068585
       7439.4800      0.64384647     0.057267980
       7442.4600      0.61058512     0.057818206
       7445.4500      0.59171291     0.059232790
       7448.4400      0.73303798     0.062402614
       7451.4200      0.68768976     0.068619809
       7454.4100      0.61181018     0.079648397
       7457.3900      0.59224624     0.097187293
       7460.3800      0.55337709      0.12151206
       7463.3700      0.61540614      0.14695668
       7466.3500      0.73905766      0.16034527
       7469.3400      0.66974691      0.15347173
       7472.3200      0.64336067      0.13451080
       7475.3100      0.67605173      0.11601184
       7478.3000      0.66902349      0.10399056
       7481.2800      0.62233933     0.099038500
       7484.2700      0.61883313     0.099586190
       7487.2600      0.56727515      0.10310932
       7490.2400      0.66119263      0.10651315
       7493.2300      0.52542309      0.10746520
       7496.2100      0.65011960      0.10544546
       7499.2000      0.75116037      0.10133195
       7502.1900      0.74033552     0.096261550
       7505.1700      0.72656419     0.091037803
       7508.1600      0.63029164     0.086052161
       7511.1400      0.65337234     0.081542376
       7514.1300      0.69973440     0.077563145
       7517.1200      0.72460516     0.074144964
       7520.1000      0.69984528     0.071266179
       7523.0900      0.72701831     0.068848786
       7526.0700      0.66822615     0.066840868
       7529.0600      0.66414967     0.065168227
       7532.0500      0.67146305     0.063789806
       7535.0300      0.71720729     0.062669623
       7538.0200      0.61866416     0.061763352
       7541.0000      0.69296490     0.061042363
       7543.9900      0.69954430     0.060468869
       7546.9800      0.69975552     0.060014847
       7549.9600      0.65545282     0.059654228
       7552.9500      0.59959130     0.059360911
       7555.9300      0.60867361     0.059120630
       7558.9200      0.65121793     0.058922973
       7561.9100      0.65004040     0.058765541
       7564.8900      0.60272258     0.058648152
       7567.8800      0.59688772     0.058569380
       7570.8600      0.57288295     0.058526315
       7573.8500      0.69817667     0.058511505
       7576.8400      0.68422581     0.058516582
       7579.8200      0.62533333     0.058532630
       7582.8100      0.64385175     0.058553566
       7585.7900      0.63276815     0.058575769
       7588.7800      0.59054066     0.058597676
       7591.7700      0.63118931     0.058619548
       7594.7500      0.63413578     0.058641450
       7597.7400      0.56796688     0.058663463
       7600.7200      0.55897433     0.058685898
       7603.7100      0.62873919     0.058709407
       7606.7000      0.67640551     0.058735138
       7609.6800      0.64670845     0.058763978
       7612.6700      0.59243105     0.058795624
       7615.6500      0.57533306     0.058828795
       7618.6400      0.56702169     0.058862254
       7621.6300      0.53208645     0.058895685
       7624.6100      0.52166132     0.058928839
       7627.6000      0.58154811     0.058962338
       7630.5800      0.61061153     0.058995117
       7633.5700      0.64731570     0.059027296
       7636.5600      0.59343961     0.059058817
       7639.5400      0.57025330     0.059090643
       7642.5300      0.59684020     0.059123248
       7645.5200      0.54459048     0.059156589
       7648.5000      0.54045063     0.059189461
       7651.4900      0.59597949     0.059222309
       7654.4700      0.62239213     0.059254480
       7657.4600      0.61816780     0.059286597
       7660.4500      0.56011490     0.059318610
       7663.4300      0.56468774     0.059350555
       7666.4200      0.57347436     0.059382524
       7669.4000      0.59469107     0.059414453
       7672.3900      0.49706462     0.059446657
       7675.3800      0.48081730     0.059478548
       7678.3600      0.69401042     0.059510853
       7681.3500      0.61119765     0.059542911
       7684.3300      0.61465104     0.059574967
       7687.3200      0.55345102     0.059606717
       7690.3100      0.60765977     0.059638125
       7693.2900      0.53856024     0.059667951
       7696.2800      0.56528443     0.059695005
       7699.2600      0.52791387     0.059718914
       7702.2500      0.57483142     0.059740252
       7705.2400      0.46651846     0.059762904
       7708.2200      0.56672070     0.059792147
       7711.2100      0.59010767     0.059834280
       7714.1900      0.59156506     0.059890798
       7717.1800      0.59539865     0.059961530
       7720.1700      0.55673544     0.060039942
       7723.1500      0.58399295     0.060117249
       7726.1400      0.58776844     0.060188365
       7729.1200      0.64130131     0.060251364
       7732.1100      0.48012715     0.060310562
       7735.1000      0.50771046     0.060373808
       7738.0800      0.56799328     0.060452314
       7741.0700      0.53134719     0.060556254
       7744.0500      0.57782542     0.060681756
       7747.0400      0.68525549     0.060809020
       7750.0300      0.64921137     0.060910374
       7753.0100      0.54592114     0.060968141
       7756.0000      0.57173182     0.060985779
       7758.9800      0.59317559     0.060980558
       7761.9700      0.55450182     0.060970181
       7764.9600      0.50191309     0.060965793
       7767.9400      0.52920334     0.060972184
       7770.9300      0.62639997     0.060990621
       7773.9200      0.66674235     0.061017376
       7776.9000      0.60070018     0.061041616
       7779.8900      0.67499036     0.061047521
       7782.8700      0.56704809     0.061021912
       7785.8600      0.51745811     0.060964180
       7788.8500      0.55037781     0.060891843
       7791.8300      0.63231932     0.060833382
       7794.8200      0.53954768     0.060812337
       7797.8000      0.54422613     0.060839613
       7800.7900      0.50692157     0.060915073
       7803.7800      0.46116940     0.061036114
       7806.7600      0.56885927     0.061200295
       7809.7500      0.55416915     0.061394900
       7812.7300      0.56770286     0.061583959
       7815.7200      0.56818866     0.061718992
       7818.7100      0.68832870     0.061763786
       7821.6900      0.63760501     0.061723478
       7824.6800      0.61818892     0.061638487
       7827.6600      0.56805137     0.061556879
       7830.6500      0.54362416     0.061508689
       7833.6400      0.63599449     0.061500740
       7836.6200      0.57934090     0.061521809
       7839.6100      0.56592336     0.061557759
       7842.5900      0.47377640     0.061603173
       7845.5800      0.41095422     0.061664650
       7848.5700      0.47941799     0.061748594
       7851.5500      0.48474382     0.061849564
       7854.5400      0.50341854     0.061953571
       7857.5200      0.59896821     0.062043461
       7860.5100      0.50124882     0.062108752
       7863.5000      0.53531807     0.062146325
       7866.4800      0.58228737     0.062162084
       7869.4700      0.61280290     0.062169682
       7872.4500      0.55330844     0.062184352
       7875.4400      0.51635345     0.062211778
       7878.4300      0.53459993     0.062245188
       7881.4100      0.58978556     0.062273789
       7884.4000      0.61023134     0.062294653
       7887.3800      0.58642194     0.062310428
       7890.3700      0.63047645     0.062322807
       7893.3600      0.59548841     0.062325966
       7896.3400      0.59797021     0.062310700
       7899.3300      0.53974305     0.062274287
       7902.3100      0.51834628     0.062228625
       7905.3000      0.46378479     0.062193400
       7908.2900      0.59746329     0.062183207
       7911.2700      0.46910851     0.062200075
       7914.2600      0.57710200     0.062234575
       7917.2400      0.56085416     0.062274486
       7920.2300      0.50129476     0.062312976
       7923.2200      0.56362110     0.062351133
       7926.2000      0.49781972     0.062394535
       7929.1900      0.45621795     0.062450265
       7932.1700      0.48111987     0.062519444
       7935.1600      0.47376795     0.062599901
       7938.1500      0.46817493     0.062686614
       7941.1300      0.42948268     0.062776450
       7944.1200      0.51640361     0.062868172
       7947.1000      0.48657929     0.062960416
       7950.0900      0.59615903     0.063054974
       7953.0800      0.54208756     0.063158929
       7956.0600      0.55584304     0.063283268
       7959.0500      0.45792247     0.063432084
       7962.0400      0.49473490     0.063597828
       7965.0200      0.55492425     0.063771309
       7968.0100      0.49760163     0.063960549
       7970.9900      0.47151162     0.064191838
       7973.9800      0.49527403     0.064507667
       7976.9700      0.51833730     0.064936721
       7979.9500      0.49499311     0.065470163
       7982.9400      0.54385650     0.066057233
       7985.9200      0.54951711     0.066620008
       7988.9100      0.50433258     0.067122018
       7991.9000      0.50666494     0.067584337
       7994.8800      0.51642526     0.068054109
       7997.8700      0.42974775     0.068563651
       8000.8500      0.43476045     0.069104539
       8003.8400      0.47227306     0.069674735
       8006.8300      0.55646613     0.070265990
       8009.8100      0.52962578     0.070825534
       8012.8000      0.53586195     0.071230685
       8015.7800      0.46877109     0.071353763
       8018.7700      0.58532361     0.071197181
       8021.7600      0.49429240     0.070909013
       8024.7400      0.46287498     0.070647142
       8027.7300      0.41872172     0.070437362
       8030.7100      0.48490329     0.070207410
       8033.7000      0.53864473     0.069911865
       8036.6900      0.50736460     0.069593661
       8039.6700      0.43571515     0.069307296
       8042.6600      0.46065456     0.069022711
       8045.6400      0.55912218     0.068639078
       8048.6300      0.53434119     0.068067969
       8051.6200      0.40179429     0.067341613
       8054.6000      0.45810729     0.066623681
       8057.5900      0.50497996     0.066121103
       8060.5700      0.51608996     0.066003993
       8063.5600      0.53114126     0.066375319
       8066.5500      0.50796973     0.067304195
       8069.5300      0.50219771     0.068796152
       8072.5200      0.52473083     0.070684535
       8075.5000      0.57450932     0.072463412
       8078.4900      0.42705105     0.073443560
       8081.4800      0.45113080     0.073167935
       8084.4600      0.52293866     0.071834271
       8087.4500      0.51841968     0.070081121
       8090.4400      0.54224069     0.068507567
       8093.4200      0.57048036     0.067397874
       8096.4100      0.58474276     0.066773849
       8099.3900      0.56231156     0.066555698
       8102.3800      0.53005877     0.066602563
       8105.3700      0.57999567     0.066740645
       8108.3500      0.54002292     0.066829355
       8111.3400      0.51688360     0.066858559
       8114.3200      0.54165457     0.066952383
       8117.3100      0.64382006     0.067253311
       8120.3000      0.57871253     0.067777469
       8123.2800      0.49248544     0.068378056
       8126.2700      0.50732183     0.068855291
       8129.2500      0.49149378     0.069089266
       8132.2400      0.49700706     0.069100234
       8135.2300      0.59199806     0.068974639
       8138.2100      0.66148834     0.068783394
       8141.2000      0.53501708     0.068559078
       8144.1800      0.47168799     0.068326792
       8147.1700      0.59454322     0.068111019
       8150.1600      0.79852571     0.067927314
       8153.1400      0.64248940     0.067781574
       8156.1300      0.59731016     0.067695053
       8159.1100      0.66373780     0.067706765
       8162.1000      0.63911521     0.067821381
       8165.0900      0.68399875     0.067964542
       8168.0700      0.67997508     0.068016868
       8171.0600      0.76942005     0.067911076
       8174.0400      0.75754440     0.067689315
       8177.0300      0.72693382     0.067451552
       8180.0200      0.68459544     0.067265806
       8183.0000      0.71097112     0.067123939
       8185.9900      0.62605146     0.066978431
       8188.9700      0.53954240     0.066807557
       8191.9600      0.72217088     0.066637829
       8194.9500      0.74551033     0.066519400
       8197.9300      0.74250577     0.066478088
       8200.9200      0.80653082     0.066495857
       8203.9000      0.75777673     0.066527237
       8206.8900      0.76267168     0.066533171
       8209.8800      0.82256744     0.066500979
       8212.8600      0.92555141     0.066446383
       8215.8500      0.88933831     0.066390015
       8218.8300      0.88405261     0.066344093
       8221.8200      0.91187513     0.066304507
       8224.8100      0.89512565     0.066262438
       8227.7900      0.92541940     0.066214634
       8230.7800      0.92915793     0.066166323
       8233.7600      0.96359153     0.066125668
       8236.7500      0.91877663     0.066098644
       8239.7400      0.80501006     0.066089487
       8242.7200      0.82660168     0.066100904
       8245.7100       1.0513204     0.066133200
       8248.6900       1.1676374     0.066180996
       8251.6800       1.0711959     0.066232290
       8254.6700      0.97549887     0.066272392
       8257.6500       1.0780393     0.066289486
       8260.6400       1.0996045     0.066281366
       8263.6200       1.2046373     0.066256390
       8266.6100       1.0981946     0.066230329
       8269.6000       1.1673575     0.066219657
       8272.5800       1.2150872     0.066234655
       8275.5700       1.1803421     0.066273452
       8278.5500       1.2199346     0.066321727
       8281.5400       1.2829775     0.066361652
       8284.5300       1.2484806     0.066379793
       8287.5100       1.2204151     0.066375692
       8290.5000       1.3122733     0.066359210
       8293.4900       1.3663606     0.066344424
       8296.4700       1.4108270     0.066342582
       8299.4600       1.5360732     0.066357822
       8302.4400       1.5815798     0.066387204
       8305.4300       1.4385597     0.066422828
       8308.4200       1.3520031     0.066457385
       8311.4000       1.5368547     0.066487219
       8314.3900       1.6368077     0.066514352
       8317.3700       1.6018408     0.066543141
       8320.3600       1.5647617     0.066577381
       8323.3500       1.4911527     0.066616326
       8326.3300       1.5963333     0.066658840
       8329.3200       1.5224761     0.066705740
       8332.3000       1.5048131     0.066758834
       8335.2900       1.4952397     0.066820049
       8338.2800       1.4462586     0.066884911
       8341.2600       1.4833588     0.066943256
       8344.2500       1.6028916     0.066986388
       8347.2300       1.4453028     0.067013838
       8350.2200       1.5930330     0.067033694
       8353.2100       1.6629299     0.067054743
       8356.1900       1.5638640     0.067076140
       8359.1800       1.4918444     0.067090901
       8362.1700       1.5334277     0.067093247
       8365.1500       1.4336172     0.067086731
       8368.1400       1.5078599     0.067083249
       8371.1200       1.5959108     0.067096299
       8374.1100       1.5470828     0.067134851
       8377.0900       1.4924411     0.067198452
       8380.0800       1.3612386     0.067276068
       8383.0700       1.3283416     0.067347462
       8386.0500       1.3801108     0.067393223
       8389.0400       1.4440249     0.067407054
       8392.0300       1.3940722     0.067397715
       8395.0100       1.2373125     0.067381117
       8398.0000       1.2839069     0.067368472
       8400.9800       1.3524836     0.067364444
       8403.9700       1.3282096     0.067367650
       8406.9600       1.2616182     0.067377867
       8409.9400       1.3037507     0.067395125
       8412.9300       1.3219417     0.067417674
       8415.9100       1.1568917     0.067441293
       8418.9000       1.1666869     0.067463479
       8421.8900       1.3840025     0.067483269
       8424.8700       1.2677752     0.067502947
       8427.8600       1.2525570     0.067524178
       8430.8400       1.2290275     0.067546974
       8433.8300       1.1794233     0.067570861
       8436.8200       1.2421493     0.067595183
       8439.8000       1.3198507     0.067620918
       8442.7900       1.4100983     0.067649929
       8445.7700       1.3518289     0.067683103
       8448.7600       1.3635567     0.067719399
       8451.7500       1.4444685     0.067754636
       8454.7300       1.2757117     0.067785791
       8457.7200       1.2488132     0.067810762
       8460.7000       1.1957398     0.067830339
       8463.6900       1.3421921     0.067847666
       8466.6800       1.3633455     0.067864980
       8469.6600       1.2976624     0.067883870
       8472.6500       1.2300677     0.067905486
       8475.6300       1.2275701     0.067929286
       8478.6200       1.3440719     0.067955633
       8481.6100       1.3859932     0.067984039
       8484.5900       1.3346675     0.068015676
       8487.5800       1.2406550     0.068053324
       8490.5600       1.1880356     0.068100547
       8493.5500       1.2294922     0.068162639
       8496.5400       1.2464740     0.068238348
       8499.5200       1.1818787     0.068317842
       8502.5100       1.1815724     0.068385118
       8505.4900       1.2074412     0.068424859
       8508.4800       1.1646170     0.068435095
       8511.4700       1.0568014     0.068425634
       8514.4500       1.1345133     0.068411981
       8517.4400       1.1968275     0.068407047
       8520.4200       1.1610105     0.068415964
       8523.4100      0.96070314     0.068438531
       8526.4000       1.1049536     0.068468798
       8529.3800       1.1663331     0.068497291
       8532.3700       1.1120980     0.068516934
       8535.3500       1.0056025     0.068525879
       8538.3400      0.95922462     0.068529696
       8541.3300       1.0272998     0.068535248
       8544.3100       1.0434103     0.068547886
       8547.3000       1.0435106     0.068567591
       8550.2900       1.0682388     0.068591775
       8553.2700       1.0344442     0.068617150
       8556.2600       1.0428981     0.068642413
       8559.2400      0.95177924     0.068666905
       8562.2300      0.98137069     0.068692129
       8565.2100      0.99156189     0.068719247
       8568.2000      0.95340032     0.068749008
       8571.1900      0.92922130     0.068780488
       8574.1700      0.91612586     0.068811556
       8577.1600      0.93042523     0.068840416
       8580.1500      0.88938055     0.068866677
       8583.1300      0.85950924     0.068890951
       8586.1200      0.78323362     0.068916256
       8589.1000      0.86626289     0.068943720
       8592.0900      0.87117368     0.068974102
       8595.0800      0.69727900     0.069005173
       8598.0600      0.80383781     0.069034155
       8601.0500      0.77734068     0.069059151
       8604.0300      0.82561952     0.069080447
       8607.0200      0.88481299     0.069099591
       8610.0100      0.84291289     0.069119030
       8612.9900      0.73898901     0.069140259
       8615.9800      0.81588244     0.069164185
       8618.9600      0.94084877     0.069191147
       8621.9500      0.70738572     0.069220767
       8624.9400      0.82858184     0.069253771
       8627.9200      0.90049055     0.069289411
       8630.9100      0.67742464     0.069329214
       8633.8900      0.63399321     0.069372439
       8636.8800      0.77425163     0.069418820
       8639.8700      0.77808522     0.069465275
       8642.8500      0.64848267     0.069506689
       8645.8400      0.64313361     0.069538872
       8648.8200      0.70124459     0.069561900
       8651.8100      0.73145914     0.069580732
       8654.8000      0.81569234     0.069601400
       8657.7800      0.69218340     0.069626732
       8660.7700      0.54330734     0.069653693
       8663.7500      0.38764805     0.069677154
       8666.7400      0.66015239     0.069693337
       8669.7300      0.68925805     0.069702521
       8672.7100      0.60171930     0.069709118
       8675.7000      0.79485054     0.069717559
       8678.6800      0.80730704     0.069732278
       8681.6700      0.71833202     0.069756385
       8684.6600      0.74828254     0.069791818
       8687.6400      0.82035495     0.069838071
       8690.6300      0.67293628     0.069891343
       8693.6100      0.70534220     0.069943625
       8696.6000      0.62346406     0.069987061
       8699.5900      0.65051035     0.070017559
       8702.5700      0.66108703     0.070038457
       8705.5600      0.83706747     0.070057502
       8708.5500      0.87075653     0.070081557
       8711.5300      0.68274201     0.070112675
       8714.5200      0.72389758     0.070144712
       8717.5000      0.71996367     0.070167804
       8720.4900      0.66588164     0.070177285
       8723.4800      0.53448376     0.070177682
       8726.4600      0.54192915     0.070180110
       8729.4500      0.71674790     0.070193979
       8732.4300      0.60716869     0.070219869
       8735.4200      0.74169258     0.070251558
       8738.4100      0.77404570     0.070283286
       8741.3900      0.62200138     0.070314858
       8744.3800      0.70948732     0.070353680
       8747.3600      0.76476272     0.070409275
       8750.3500      0.74962905     0.070490777
       8753.3400      0.63160118     0.070605823
       8756.3200      0.70476135     0.070761939
       8759.3100      0.95024264     0.070964732
       8762.2900      0.54515548     0.071204441
       8765.2800      0.62305219     0.071461362
       8768.2700      0.77711890     0.071713537
       8771.2500      0.73353434     0.071962071
       8774.2400      0.55550510     0.072246095
       8777.2200      0.55067880     0.072619051
       8780.2100      0.59644417     0.073126150
       8783.2000      0.74291764     0.073773133
       8786.1800      0.71030051     0.074528699
       8789.1700      0.59013407     0.075355381
       8792.1500      0.57567101     0.076208825
       8795.1400      0.58748858     0.077055557
       8798.1300      0.57357996     0.077834086
       8801.1100      0.69144942     0.078463366
       8804.1000      0.59348185     0.078891061
       8807.0800      0.54619044     0.079145531
       8810.0700      0.51434689     0.079379578
       8813.0600      0.61455072     0.079817329
       8816.0400      0.51078895     0.080628625
       8819.0300      0.46854350     0.081786076
       8822.0100      0.53141056     0.082974256
       8825.0000      0.48880869     0.083756596
       8827.9900      0.73418911     0.083860876
       8830.9700      0.60227375     0.083409339
       8833.9600      0.53840183     0.082762554
       8836.9500      0.38118535     0.082218532
       8839.9300      0.45069834     0.081850495
       8842.9200      0.55765951     0.081583327
       8845.9000      0.52660907     0.081339064
       8848.8900      0.55219956     0.081080160
       8851.8800      0.65711087     0.080771708
       8854.8600      0.51013893     0.080339466
       8857.8500      0.36668163     0.079682949
       8860.8300      0.40413668     0.078756360
       8863.8200      0.56068519     0.077611918
       8866.8100      0.50828550     0.076419513
       8869.7900      0.49975235     0.075384767
       8872.7800      0.38745109     0.074641449
       8875.7600      0.54818644     0.074227160
       8878.7500      0.46304923     0.074086042
       8881.7400      0.43128647     0.074146276
       8884.7200      0.55779152     0.074366416
       8887.7100      0.45166624     0.074756272
       8890.6900      0.53928366     0.075347307
       8893.6800      0.44678343     0.076166348
       8896.6700      0.46530080     0.077186036
       8899.6500      0.48264855     0.078310880
       8902.6400      0.52588196     0.079404507
       8905.6200      0.57271398     0.080313932
       8908.6100      0.51474556     0.080954623
       8911.6000      0.61886482     0.081313068
       8914.5800      0.58086166     0.081435417
       8917.5700      0.59110567     0.081386149
       8920.5500      0.33611752     0.081233666
       8923.5400      0.56194193     0.081050929
       8926.5300      0.59017103     0.080906934
       8929.5100      0.43714720     0.080824875
       8932.5000      0.40890648     0.080756158
       8935.4800      0.45569678     0.080606040
       8938.4700      0.50286251     0.080304960
       8941.4600      0.50926502     0.079882757
       8944.4400      0.49985690     0.079468696
       8947.4300      0.46414386     0.079211332
       8950.4100      0.34354337     0.079220053
       8953.4000      0.51985384     0.079544598
       8956.3900      0.48522539     0.080189233
       8959.3700      0.74646080     0.081074349
       8962.3600      0.59480196     0.081987539
       8965.3400      0.55285433     0.082584710
       8968.3300      0.53302108     0.082600103
       8971.3200      0.36012071     0.082070601
       8974.3000      0.46793995     0.081377276
       8977.2900      0.50625729     0.080979433
       8980.2700      0.47148839     0.081108096
       8983.2600      0.58895126     0.081610060
       8986.2500      0.54020773     0.082054750
       8989.2300      0.49760163     0.082060479
       8992.2200      0.46866812     0.081598595
       8995.2000      0.49114369     0.080999858
       8998.1900      0.67441480     0.080652968
       9001.1800      0.57336875     0.080718930
       9004.1600      0.46663410     0.081026354
       9007.1500      0.45677768     0.081216362
       9010.1300      0.61619821     0.080994980
       9013.1200      0.60725318     0.080321343
       9016.1100      0.60465522     0.079385578
       9019.0900      0.54244135     0.078433810
       9022.0800      0.56809889     0.077603536
       9025.0600      0.46127501     0.076918483
       9028.0500      0.37389890     0.076337809
       9031.0400      0.32110371     0.075858314
       9034.0200      0.40191362     0.075530616
       9037.0100      0.49576247     0.075409327
       9040.0000      0.44217627     0.075489646
       9042.9800      0.37029660     0.075677290
       9045.9700      0.38168488     0.075836520
       9048.9500      0.37282486     0.075869156
       9051.9400      0.43610010     0.075774948
       9054.9200      0.25257711     0.075643445
       9057.9100      0.43323917     0.075586705
       9060.9000      0.47555590     0.075674773
       9063.8800      0.56693192     0.075901072
       9066.8700      0.44852386     0.076199615
