# starting wavelength =        3314.5907
# ending wavelength =        8923.7178
# O2 telluric scale =        0
# O2 telluric shift =        0
# H2O telluric scale =        0
# H2O telluric shift =        0
      3315.00      0.73589658     0.046538446
      3318.31      0.77275382     0.042043982
      3321.63      0.79946167     0.033601078
      3324.95      0.83411380     0.029039379
      3328.28      0.86178437     0.027020936
      3331.61      0.88736919     0.022955231
      3334.94      0.91507107     0.021730406
      3338.27      0.93971602     0.019243953
      3341.61      0.96116015     0.018486665
      3344.95      0.97413584     0.016998725
      3348.30      0.98540367     0.016505254
      3351.65       1.0066408     0.015612326
      3355.00       1.0236193     0.015262746
      3358.35       1.0374513     0.014711045
      3361.71       1.0470330     0.014230165
      3365.07       1.0568491     0.013987090
      3368.44       1.0669636     0.013676168
      3371.81       1.0766655     0.013471440
      3375.18       1.0865098     0.013259531
      3378.56       1.0998082     0.013218936
      3381.94       1.1027886     0.013179326
      3385.32       1.1055077     0.013140703
      3388.70       1.1046186     0.013103091
      3392.09       1.1058682     0.012891340
      3395.48       1.1119204     0.012987160
      3398.88       1.1136894     0.012946702
      3402.28       1.1190408     0.012907292
      3405.68       1.1276369     0.012868939
      3409.09       1.1332646     0.012831655
      3412.49       1.1324511     0.012923232
      3415.91       1.1366107     0.012881414
      3419.32       1.1466219     0.012840755
      3422.74       1.1582450     0.012639021
      3426.17       1.1547716     0.012739592
      3429.59       1.1510688     0.012695902
      3433.02       1.1514984     0.012653450
      3436.45       1.1508410     0.012612209
      3439.89       1.1433374     0.012572203
      3443.33       1.1434038     0.012674058
      3446.78       1.1335003     0.012636129
      3450.22       1.1196722     0.012428301
      3453.67       1.1210031     0.012386652
      3457.13       1.1229922     0.012484816
      3460.58       1.1179701     0.012445227
      3464.04       1.1085050     0.012407013
      3467.51       1.1013552     0.012370205
      3470.98       1.1031202     0.012465385
      3474.45       1.0988793     0.012423492
      3477.92       1.0893054     0.012219369
      3481.40       1.0847610     0.012181076
      3484.88       1.0811564     0.012144245
      3488.37       1.0809519     0.012239379
      3491.86       1.0823637     0.012197447
      3495.35       1.0814985     0.012157117
      3498.84       1.0781610     0.012118395
      3502.34       1.0765780     0.012058840
      3505.84       1.0825313     0.012015431
      3509.35       1.0898453     0.011973696
      3512.86       1.0939114     0.011933633
      3516.37       1.1006864     0.012036336
      3519.89       1.1045100     0.011999181
      3523.41       1.1026028     0.011963828
      3526.93       1.0883887     0.011752187
      3530.46       1.0847678     0.011851526
      3533.99       1.0780832     0.011813166
      3537.53       1.0699114     0.011776665
      3541.06       1.0528115     0.011875695
      3544.60       1.0425994     0.011833557
      3548.15       1.0355886     0.011793442
      3551.70       1.0262237     0.011592792
      3555.25       1.0169876     0.011695327
      3558.80       1.0167435     0.011652075
      3562.36       1.0179761     0.011610945
      3565.92       1.0224808     0.011571932
      3569.49       1.0258818     0.011680232
      3573.06       1.0306799     0.011472817
      3576.64       1.0361379     0.011430829
      3580.21       1.0473161     0.011534424
      3583.79       1.0565645     0.011496229
      3587.38       1.0629395     0.011460358
      3590.96       1.0732715     0.011426839
      3594.55       1.0957505     0.011353473
      3598.15       1.1090130     0.011314658
      3601.75       1.1214602     0.011278244
      3605.35       1.1387125     0.011381664
      3608.96       1.1572684     0.011339022
      3612.56       1.1768191     0.011299036
      3616.18       1.1921387     0.011098455
      3619.79       1.2011640     0.011202331
      3623.41       1.2068059     0.011159352
      3627.04       1.2107042     0.011119078
      3630.66       1.2088941     0.011230005
      3634.29       1.2121558     0.011194729
      3637.93       1.2167712     0.010981261
      3641.57       1.2241681     0.011087582
      3645.21       1.2294347     0.011049393
      3648.86       1.2357563     0.011014175
      3652.50       1.2431153     0.010981939
      3656.16       1.2494785     0.010908706
      3659.81       1.2592028     0.010870721
      3663.47       1.2689901     0.010835791
      3667.14       1.2756417     0.010939094
      3670.80       1.2822662     0.010897505
      3674.48       1.2888470     0.010859280
      3678.15       1.2993090     0.010804645
      3681.83       1.3066935     0.010760273
      3685.51       1.3109395     0.010719341
      3689.20       1.3163872     0.010834809
      3692.88       1.3225093     0.010800290
      3696.58       1.3238416     0.010582954
      3700.27       1.3242380     0.010693942
      3703.98       1.3264036     0.010656788
      3707.68       1.3289418     0.010623393
      3711.39       1.3296138     0.010728679
      3715.10       1.3329806     0.010516803
      3718.81       1.3353847     0.010480964
      3722.53       1.3379279     0.010592447
      3726.26       1.3384641     0.010549224
      3729.98       1.3382855     0.010510267
      3733.71       1.3404740     0.010458889
      3737.45       1.3447867     0.010413191
      3741.18       1.3487126     0.010371865
      3744.93       1.3516937     0.010493703
      3748.67       1.3565062     0.010460593
      3752.42       1.3619667     0.010236056
      3756.17       1.3646882     0.010353625
      3759.93       1.3724491     0.010318291
      3763.69       1.3800217     0.010287653
      3767.45       1.3897566     0.010216059
      3771.22       1.3981684     0.010178667
      3774.99       1.4070600     0.010300267
      3778.77       1.4132088     0.010254693
      3782.54       1.4187812     0.010214383
      3786.33       1.4252015     0.010166775
      3790.11       1.4341031     0.010119143
      3793.90       1.4432874     0.010077042
      3797.70       1.4521159     0.010206736
      3801.50       1.4581127    0.0099853101
      3805.30       1.4658340    0.0099415133
      3809.10       1.4726733     0.010067329
      3812.91       1.4810423     0.010033960
      3816.73       1.4904720     0.010153183
      3820.54       1.4999948    0.0099297782
      3824.36       1.5099065    0.0098949977
      3828.19       1.5192435     0.010016381
      3832.02       1.5255826    0.0099729450
      3835.85       1.5278196    0.0099324450
      3839.68       1.5347359    0.0098808313
      3843.52       1.5430466    0.0098362139
      3847.37       1.5486283    0.0099745994
      3851.22       1.5556074    0.0097463165
      3855.07       1.5642825    0.0097007762
      3858.92       1.5725238    0.0098358174
      3862.78       1.5836331    0.0098034780
      3866.64       1.5968826    0.0099288614
      3870.51       1.6061884    0.0096984857
      3874.38       1.6111919    0.0096655846
      3878.26       1.6184193    0.0097907649
      3882.13       1.6294114    0.0095624924
      3886.02       1.6392394    0.0095292818
      3889.90       1.6481392    0.0096536417
      3893.79       1.6591357    0.0094277513
      3897.69       1.6662463    0.0093945212
      3901.59       1.6724326    0.0095174444
      3905.49       1.6724154    0.0092942348
      3909.39       1.6715660    0.0092612493
      3913.30       1.6688802    0.0093821495
      3917.22       1.6627287    0.0091619104
      3921.13       1.6622771    0.0091295020
      3925.06       1.6608411    0.0092477519
      3928.98       1.6562211    0.0090308014
      3932.91       1.6570740    0.0089991288
      3936.84       1.6599729    0.0089394596
      3940.78       1.6627698    0.0089009490
      3944.72       1.6655194    0.0088703335
      3948.67       1.6682033    0.0088096726
      3952.61       1.6747205    0.0087724227
      3956.57       1.6815445    0.0087431286
      3960.52       1.6900925    0.0086810282
      3964.48       1.6986564    0.0086452983
      3968.45       1.7079093    0.0086176242
      3972.42       1.7190570    0.0085536587
      3976.39       1.7245045    0.0085197271
      3980.37       1.7292369    0.0083181888
      3984.35       1.7343003    0.0084276924
      3988.33       1.7369039    0.0083958106
      3992.32       1.7393591    0.0081939866
      3996.31       1.7389627    0.0083032828
      4000.31       1.7369859    0.0082737267
      4004.31       1.7346154    0.0080712399
      4008.31       1.7340415    0.0081806194
      4012.32       1.7340393    0.0079895568
      4016.33       1.7349168    0.0079501025
      4020.35       1.7327457    0.0080598821
      4024.37       1.7322080    0.0078674696
      4028.40       1.7297753    0.0079707689
      4032.42       1.7277939    0.0079412808
      4036.46       1.7282601    0.0077471582
      4040.50       1.7251652    0.0078512653
      4044.54       1.7251464    0.0076672389
      4048.58       1.7262462    0.0076289264
      4052.63       1.7242521    0.0077341224
      4056.68       1.7213398    0.0075478309
      4060.74       1.7243106    0.0076470526
      4064.80       1.7265080    0.0074699755
      4068.86       1.7276765    0.0074306102
      4072.93       1.7259047    0.0075314515
      4077.01       1.7270523    0.0073515377
      4081.08       1.7267213    0.0073161785
      4085.17       1.7278817    0.0072751534
      4089.25       1.7284630    0.0072357527
      4093.34       1.7305715    0.0073328049
      4097.43       1.7321260    0.0071580262
      4101.53       1.7339129    0.0071228602
      4105.63       1.7332559    0.0070818231
      4109.74       1.7334043    0.0070438384
      4113.85       1.7362549    0.0068859319
      4117.96       1.7326257    0.0069671757
      4122.08       1.7343916    0.0069329447
      4126.20       1.7357716    0.0068926638
      4130.33       1.7354215    0.0068550292
      4134.46       1.7381702    0.0067016747
      4138.59       1.7450299    0.0067791656
      4142.73       1.7473954    0.0066240170
      4146.88       1.7492385    0.0067051617
      4151.02       1.7486250    0.0066694565
      4155.18       1.7510633    0.0065212613
      4159.33       1.7486325    0.0065942086
      4163.49       1.7489504    0.0064445567
      4167.65       1.7474088    0.0065206034
      4171.82       1.7430615    0.0063695169
      4175.99       1.7404648    0.0063449435
      4180.17       1.7366284    0.0064127484
      4184.35       1.7327948    0.0062691150
      4188.54       1.7270753    0.0063394853
      4192.72       1.7228929    0.0061947800
      4196.92       1.7140026    0.0062675727
      4201.11       1.7131826    0.0061218005
      4205.31       1.7113010    0.0060981095
      4209.52       1.7064190    0.0060500800
      4213.73       1.7031976    0.0060244918
      4217.94       1.7014893    0.0060907234
      4222.16       1.6942136    0.0059521104
      4226.38       1.6890240    0.0060201288
      4230.61       1.6863063    0.0058808940
      4234.84       1.6845342    0.0058592816
      4239.08       1.6793200    0.0058107470
      4243.32       1.6771422    0.0057875509
      4247.56       1.6751474    0.0057415806
      4251.81       1.6730876    0.0057169366
      4256.06       1.6695767    0.0056733237
      4260.32       1.6667956    0.0056473279
      4264.58       1.6630315    0.0055158925
      4268.84       1.6595568    0.0055786560
      4273.11       1.6584998    0.0054502412
      4277.38       1.6570385    0.0055108668
      4281.66       1.6580647    0.0054900622
      4285.94       1.6582220    0.0054438825
      4290.23       1.6562525    0.0054219958
      4294.52       1.6559117    0.0053776479
      4298.81       1.6532103    0.0053549552
      4303.11       1.6512778    0.0052271407
      4307.42       1.6510704    0.0052886256
      4311.72       1.6508954    0.0051632978
      4316.04       1.6486784    0.0052230789
      4320.35       1.6459809    0.0051000890
      4324.67       1.6437973    0.0051582618
      4329.00       1.6400896    0.0050374445
      4333.33       1.6362602    0.0050941351
      4337.66       1.6310474    0.0049753735
      4342.00       1.6272632    0.0050306679
      4346.34       1.6282247    0.0049138205
      4350.69       1.6272762    0.0049678398
      4355.04       1.6249474    0.0048527948
      4359.39       1.6240206    0.0048274113
      4363.75       1.6223818    0.0047922549
      4368.12       1.6227234    0.0047668042
      4372.48       1.6247443    0.0047322186
      4376.86       1.6263817    0.0047067670
      4381.23       1.6284378    0.0046726607
      4385.61       1.6325197    0.0046473027
      4390.00       1.6382935    0.0046135715
      4394.39       1.6408725    0.0045883971
      4398.79       1.6421864    0.0045549488
      4403.18       1.6446337    0.0045300428
      4407.59       1.6475605    0.0044968249
      4412.00       1.6503452    0.0044722682
      4416.41       1.6539824    0.0044391853
      4420.82       1.6577707    0.0044150374
      4425.25       1.6602712    0.0043820160
      4429.67       1.6655795    0.0042826193
      4434.10       1.6676698    0.0043253516
      4438.54       1.6700613    0.0042274951
      4442.97       1.6712351    0.0042692138
      4447.42       1.6700176    0.0041729484
      4451.86       1.6706185    0.0042136018
      4456.32       1.6717667    0.0041189918
      4460.77       1.6727670    0.0041585248
      4465.24       1.6728650    0.0040656344
      4469.70       1.6718062    0.0041040201
      4474.17       1.6703087    0.0040128997
      4478.65       1.6673841    0.0040500931
      4483.12       1.6630271    0.0039607957
      4487.61       1.6585116    0.0039270711
      4492.09       1.6552934    0.0039093431
      4496.59       1.6498552    0.0038753082
      4501.08       1.6471418    0.0038585609
      4505.58       1.6459098    0.0038241787
      4510.09       1.6460917    0.0038084766
      4514.60       1.6482182    0.0037737027
      4519.12       1.6487829    0.0038102625
      4523.63       1.6477514    0.0037239123
      4528.16       1.6475730    0.0036932861
      4532.69       1.6485881    0.0036748319
      4537.22       1.6501073    0.0036436573
      4541.76       1.6531734    0.0036264791
      4546.30       1.6570626    0.0035948002
      4550.85       1.6593297    0.0035784997
      4555.40       1.6612976    0.0035465432
      4559.95       1.6634820    0.0035320897
      4564.51       1.6656003    0.0034991450
      4569.08       1.6665792    0.0034193927
      4573.65       1.6692080    0.0034525300
      4578.22       1.6713723    0.0033728385
      4582.80       1.6732823    0.0034067464
      4587.38       1.6803430    0.0033764120
      4591.97       1.6899204    0.0033006727
      4596.56       1.6970168    0.0033307480
      4601.16       1.6953722    0.0032549724
      4605.76       1.6969516    0.0032859660
      4610.37       1.6966867    0.0032101240
      4614.98       1.6994809    0.0032420943
      4619.59       1.7026179    0.0031661480
      4624.21       1.7037741    0.0031406851
      4628.84       1.7066450    0.0031693174
      4633.47       1.7085786    0.0030968134
      4638.10       1.7099768    0.0031265255
      4642.74       1.7118981    0.0030538606
      4647.38       1.7126489    0.0030297585
      4652.03       1.7153164    0.0030118731
      4656.68       1.7174414    0.0029868877
      4661.34       1.7215186    0.0030148170
      4666.00       1.7267646    0.0029450350
      4670.67       1.7323420    0.0029219399
      4675.33       1.7376066    0.0029042106
      4680.01       1.7440629    0.0028802010
      4684.69       1.7468936    0.0028588439
      4689.38       1.7487660    0.0028395335
      4694.07       1.7542549    0.0028171894
      4698.76       1.7575176    0.0027999789
      4703.46       1.7611863    0.0027766822
      4708.16       1.7640765    0.0027155616
      4712.87       1.7672699    0.0027373297
      4717.58       1.7715996    0.0027154985
      4722.30       1.7743543    0.0026991471
      4727.03       1.7768086    0.0026763444
      4731.75       1.7798891    0.0026178251
      4736.48       1.7824159    0.0026384646
      4741.22       1.7840502    0.0026169184
      4745.96       1.7876527    0.0025584275
      4750.71       1.7903247    0.0025792801
      4755.46       1.7928755    0.0025236000
      4760.22       1.7964175    0.0025005598
      4764.97       1.8004256    0.0025215779
      4769.74       1.8042007    0.0024661319
      4774.51       1.8083921    0.0024855862
      4779.29       1.8123065    0.0024329766
      4784.07       1.8177004    0.0024101360
      4788.85       1.8225739    0.0024296326
      4793.64       1.8289634    0.0023774392
      4798.43       1.8355028    0.0023555384
      4803.23       1.8427916    0.0023750014
      4808.03       1.8502592    0.0023233313
      4812.84       1.8564487    0.0023022798
      4817.66       1.8640148    0.0022925019
      4822.48       1.8700914    0.0022705956
      4827.30       1.8763102    0.0022502850
      4832.12       1.8836041    0.0022403303
      4836.96       1.8909070    0.0022191760
      4841.79       1.8965147    0.0021995525
      4846.63       1.9035524    0.0021895095
      4851.48       1.9122224    0.0021690342
      4856.33       1.9177131    0.0021500246
      4861.19       1.9224825    0.0021400129
      4866.05       1.9271012    0.0021201480
      4870.92       1.9298109    0.0020732168
      4875.79       1.9349288    0.0020918124
      4880.66       1.9396918    0.0020724918
      4885.55       1.9442326    0.0020266704
      4890.43       1.9483190    0.0020448837
      4895.32       1.9518108    0.0020260527
      4900.22       1.9539641    0.0019812733
      4905.12       1.9570128    0.0019650640
      4910.02       1.9587193    0.0019808257
      4914.94       1.9596565    0.0019370201
      4919.85       1.9623980    0.0019211459
      4924.77       1.9650298    0.0019368092
      4929.70       1.9660103    0.0018939258
      4934.62       1.9685968    0.0018783451
      4939.56       1.9699429    0.0018940120
      4944.50       1.9709348    0.0018519924
      4949.44       1.9685017    0.0018366635
      4954.39       1.9672202    0.0018223310
      4959.35       1.9636759    0.0018112297
      4964.31       1.9574716    0.0017961382
      4969.27       1.9535594    0.0017819865
      4974.24       1.9490419    0.0017716630
      4979.22       1.9428429    0.0017567793
      4984.20       1.9370776    0.0017427925
      4989.18       1.9324143    0.0017059994
      4994.17       1.9277852    0.0017186058
      4999.16       1.9251756    0.0017047686
      5004.16       1.9219882    0.0016917713
      5009.17       1.9189609    0.0016816411
      5014.18       1.9170682    0.0016679374
      5019.19       1.9135373    0.0016550339
      5024.21       1.9086014    0.0016200862
      5029.23       1.9045147    0.0016323408
      5034.26       1.8995174    0.0016195200
      5039.30       1.8940077    0.0015862238
      5044.34       1.8858023    0.0015729623
      5049.39       1.8775303    0.0015852555
      5054.43       1.8662076    0.0015732358
      5059.49       1.8574031    0.0015404914
      5064.55       1.8483681    0.0015280167
      5069.61       1.8382955    0.0015403059
      5074.68       1.8291627    0.0015093189
      5079.76       1.8212919    0.0014969242
      5084.84       1.8153028    0.0014851627
      5089.92       1.8104423    0.0014973970
      5095.01       1.8073547    0.0014671593
      5100.11       1.8031243    0.0014554514
      5105.21       1.7967181    0.0014443332
      5110.31       1.7913397    0.0014387609
      5115.42       1.7853472    0.0014271044
      5120.54       1.7788289    0.0014160215
      5125.66       1.7730691    0.0014054960
      5130.79       1.7677226    0.0014001606
      5135.92       1.7604069    0.0013891094
      5141.05       1.7506405    0.0013786835
      5146.20       1.7403445    0.0013690288
      5151.34       1.7318018    0.0013421220
      5156.49       1.7227091    0.0013541281
      5161.65       1.7128187    0.0013446346
      5166.81       1.7037243    0.0013359821
      5171.98       1.6957880    0.0013107393
      5177.15       1.6883011    0.0013239675
      5182.33       1.6833944    0.0013172069
      5187.51       1.6780393    0.0013119615
      5192.70       1.6707166    0.0012901772
      5197.89       1.6620272    0.0012876694
      5203.09       1.6530938    0.0013035109
      5208.29       1.6458628    0.0013019612
      5213.50       1.6377772    0.0012825926
      5218.72       1.6301752    0.0012824918
      5223.93       1.6230057    0.0012828645
      5229.16       1.6157893    0.0012999483
      5234.39       1.6070628    0.0012807400
      5239.62       1.5975430    0.0012808232
      5244.86       1.5891411    0.0012814065
      5250.11       1.5818649    0.0012822527
      5255.36       1.5736815    0.0012802981
      5260.61       1.5665229    0.0012804756
      5265.87       1.5599736    0.0012808765
      5271.14       1.5539733    0.0012814915
      5276.41       1.5494994    0.0012823218
      5281.69       1.5447021    0.0012802976
      5286.97       1.5389755    0.0012804766
      5292.26       1.5327286    0.0012808452
      5297.55       1.5265748    0.0012814183
      5302.85       1.5208031    0.0012821814
      5308.15       1.5142135    0.0012638069
      5313.46       1.5078389    0.0012804134
      5318.77       1.5013519    0.0012807147
      5324.09       1.4953672    0.0012811987
      5329.42       1.4878812    0.0012818558
      5334.75       1.4790421    0.0012638096
      5340.08       1.4711428    0.0012638388
      5345.42       1.4643611    0.0012805235
      5350.77       1.4572787    0.0012808812
      5356.12       1.4513262    0.0012813951
      5361.48       1.4461255    0.0012638887
      5366.83       1.4400569    0.0012638032
      5372.20       1.4338530    0.0012638562
      5377.58       1.4296442    0.0012640428
      5382.95       1.4257512    0.0012808999
      5388.34       1.4204404    0.0012641319
      5393.72       1.4156775    0.0012639040
      5399.12       1.4103236    0.0012638086
      5404.52       1.4059153    0.0012638360
      5409.92       1.4016162    0.0012639750
      5415.33       1.3976916    0.0012642284
      5420.75       1.3930758    0.0012642688
      5426.17       1.3892661    0.0012640038
      5431.60       1.3819594    0.0012638507
      5437.03       1.3748988    0.0012638029
      5442.47       1.3685162    0.0012638560
      5447.91       1.3620768    0.0012640061
      5453.36       1.3547508    0.0012465834
      5458.81       1.3475016    0.0012469008
      5464.27       1.3390374    0.0012640245
      5469.73       1.3305665    0.0012638693
      5475.20       1.3181214    0.0012638038
      5480.68       1.3060472    0.0012638215
      5486.16       1.2966663    0.0012639219
      5491.65       1.2870155    0.0012464393
      5497.14       1.2767313    0.0012466771
      5502.64       1.2675383    0.0012469821
      5508.14       1.2597302    0.0012473503
      5513.65       1.2524165    0.0012477836
      5519.16       1.2443828    0.0012638086
      5524.68       1.2360025    0.0012638125
      5530.20       1.2278726    0.0012462307
      5535.73       1.2199224    0.0012463510
      5541.27       1.2116443    0.0012465256
      5546.81       1.2045208    0.0012467501
      5552.36       1.1981238    0.0012470231
      5557.91       1.1914455    0.0012473456
      5563.47       1.1850274    0.0012477088
      5569.04       1.1794948    0.0012481130
      5574.60       1.1732826    0.0012308969
      5580.18       1.1649997    0.0012461861
      5585.76       1.1587733    0.0012462522
      5591.35       1.1570289    0.0012463570
      5596.94       1.1535274    0.0012464983
      5602.53       1.1506377    0.0012466747
      5608.14       1.1483859    0.0012468803
      5613.75       1.1452486    0.0012471156
      5619.36       1.1420402    0.0012473813
      5624.98       1.1404477    0.0012309777
      5630.60       1.1387192    0.0012309236
      5636.23       1.1363045    0.0012308982
      5641.87       1.1357854    0.0012308975
      5647.51       1.1339168    0.0012309200
      5653.16       1.1338089    0.0012309655
      5658.82       1.1327749    0.0012310287
      5664.47       1.1319740    0.0012311203
      5670.14       1.1313507    0.0012464935
      5675.81       1.1314072    0.0012466127
      5681.48       1.1297834    0.0012467482
      5687.17       1.1272529    0.0012468936
      5692.85       1.1254082    0.0012312095
      5698.55       1.1238071    0.0012311243
      5704.25       1.1206654    0.0012310573
      5709.95       1.1184479    0.0012310113
      5715.66       1.1155703    0.0012309571
      5721.38       1.1133926    0.0012309288
      5727.10       1.1108167    0.0012309094
      5732.83       1.1095672    0.0012308984
      5738.56       1.1069644    0.0012308960
      5744.30       1.1048872    0.0012309011
      5750.04       1.1059110    0.0012309103
      5755.79       1.1063452    0.0012309251
      5761.55       1.1070495    0.0012309502
      5767.31       1.1089001    0.0012310073
      5773.08       1.1110391    0.0012311424
      5778.85       1.1136009    0.0012313511
      5784.63       1.1157272    0.0012151720
      5790.41       1.1157893    0.0012152939
      5796.21       1.1145166    0.0012154888
      5802.00       1.1129054    0.0012158736
      5807.81       1.1099356    0.0012166183
      5813.61       1.1057077    0.0012176746
      5819.43       1.1034363    0.0012187901
      5825.25       1.1005310    0.0012199387
      5831.07       1.0985757    0.0012212466
      5836.90       1.0959675    0.0012225754
      5842.74       1.0954720    0.0012235309
      5848.58       1.0962310    0.0012240879
      5854.43       1.0975888    0.0012244369
      5860.29       1.0994692    0.0012246071
      5866.15       1.1017544    0.0012245625
      5872.01       1.1036228    0.0012243259
      5877.89       1.1068023    0.0012240318
      5883.76       1.1103057    0.0012238292
      5889.65       1.1136638    0.0012236795
      5895.54       1.1175941    0.0012234212
      5901.43       1.1204754    0.0012229705
      5907.34       1.1218955    0.0012223677
      5913.24       1.1218680    0.0012216618
      5919.16       1.1212790    0.0012209984
      5925.08       1.1199970    0.0012202961
      5931.00       1.1186951    0.0012193859
      5936.93       1.1171601    0.0012040986
      5942.87       1.1165472    0.0012034725
      5948.81       1.1152662    0.0012030181
      5954.76       1.1136705    0.0012025169
      5960.72       1.1125004    0.0012021045
      5966.68       1.1093743    0.0012018955
      5972.64       1.1056001    0.0012018577
      5978.62       1.1022943    0.0012020052
      5984.60       1.0979300    0.0012024001
      5990.58       1.0952798    0.0012032006
      5996.57       1.0942532    0.0012045506
      6002.57       1.0932373    0.0012065142
      6008.57       1.0936868    0.0012091703
      6014.58       1.0941308    0.0012125846
      6020.60       1.0940417    0.0012167718
      6026.62       1.0921139    0.0012216967
      6032.65       1.0903249    0.0012137339
      6038.68       1.0887582    0.0012196130
      6044.72       1.0870015    0.0012258499
      6050.76       1.0856722    0.0012323151
      6056.81       1.0838571    0.0012562727
      6062.87       1.0806859    0.0012630899
      6068.93       1.0774316    0.0012700822
      6075.00       1.0740345    0.0012773170
      6081.08       1.0690316    0.0012846380
      6087.16       1.0642469    0.0012920416
      6093.25       1.0606401    0.0012995322
      6099.34       1.0573011    0.0012936208
      6105.44       1.0539320    0.0013008761
      6111.54       1.0512237    0.0013082104
      6117.66       1.0476505    0.0013156230
      6123.78       1.0441783    0.0013231200
      6129.90       1.0415721    0.0013307044
      6136.03       1.0377099    0.0013383742
      6142.17       1.0325485    0.0013461362
      6148.31       1.0279240    0.0013540020
      6154.46       1.0244137    0.0013680003
      6160.61       1.0213864    0.0013761569
      6166.77       1.0177111    0.0013843939
      6172.94       1.0129843    0.0013921632
      6179.11       1.0063131    0.0014002007
      6185.29      0.99915978    0.0014090729
      6191.48      0.99135814    0.0014187747
      6197.67      0.98357674    0.0014292923
      6203.87      0.97525832    0.0014271329
      6210.07      0.96777664    0.0014387150
      6216.28      0.96023033    0.0014504561
      6222.50      0.95197436    0.0014828417
      6228.72      0.94603551    0.0014934575
      6234.95      0.93887132    0.0015032646
      6241.19      0.93314503    0.0014970108
      6247.42      0.92938428    0.0015046994
      6253.67      0.92439247    0.0015115553
      6259.93      0.92043675    0.0015178244
      6266.19      0.91764054    0.0015239140
      6272.46      0.91594760    0.0015303820
      6278.73      0.91653678    0.0015572601
      6285.01      0.91528543    0.0015492466
      6291.29      0.91242560    0.0015562720
      6297.58      0.90816260    0.0015636594
      6303.88      0.90534776    0.0015716819
      6310.19      0.90119834    0.0015799221
      6316.50      0.89695564    0.0015883971
      6322.81      0.89281156    0.0015798778
      6329.14      0.88872582    0.0016094620
      6335.47      0.88504222    0.0016180648
      6341.80      0.88152146    0.0016269645
      6348.14      0.87728051    0.0016361599
      6354.49      0.87158001    0.0016287690
      6360.85      0.86628344    0.0016376014
      6367.21      0.86204326    0.0016466300
      6373.57      0.85540742    0.0016784519
      6379.95      0.84875178    0.0016883191
      6386.33      0.84108350    0.0016821847
      6392.72      0.83405075    0.0016923645
      6399.11      0.82846348    0.0017029284
      6405.51      0.82257190    0.0017134905
      6411.92      0.81595497    0.0017476935
      6418.32      0.81034153    0.0017416309
      6424.74      0.80530013    0.0017514830
      6431.17      0.79895653    0.0017612601
      6437.60      0.79447234    0.0017708493
      6444.04      0.78898765    0.0017802764
      6450.48      0.78344387    0.0017958682
      6456.94      0.77837081    0.0018042760
      6463.39      0.77305660    0.0018129725
      6469.85      0.76790868    0.0018220842
      6476.33      0.76128813    0.0018143627
      6482.80      0.75528802    0.0018479108
      6489.28      0.74902434    0.0018567200
      6495.77      0.74239596    0.0018655162
      6502.27      0.73522849    0.0018566465
      6508.77      0.72869415    0.0018656829
      6515.28      0.72309600    0.0018989663
      6521.80      0.71834511    0.0019078180
      6528.32      0.71389131    0.0018983235
      6534.85      0.70996265    0.0019071588
      6541.38      0.70639970    0.0019165371
      6547.92      0.70384893    0.0019499799
      6554.47      0.70171028    0.0019407714
      6561.03      0.69890393    0.0019503987
      6567.59      0.69609109    0.0019604031
      6574.16      0.69328430    0.0019707903
      6580.73      0.69077545    0.0019856623
      6587.31      0.68673071    0.0019954203
      6593.90      0.68363451    0.0020055227
      6600.50      0.67913209    0.0020159867
      6607.10      0.67483411    0.0020309906
      6613.70      0.66955745    0.0020408740
      6620.32      0.66408136    0.0020511176
      6626.94      0.65794670    0.0020409107
      6633.57      0.65308477    0.0020766677
      6640.20      0.64738062    0.0020866240
      6646.84      0.64168476    0.0020969858
      6653.49      0.63687506    0.0020860494
      6660.14      0.63201627    0.0021224340
      6666.80      0.62778019    0.0021325402
      6673.47      0.62418439    0.0021219334
      6680.14      0.62050635    0.0021312592
      6686.82      0.61657447    0.0021683283
      6693.51      0.61310172    0.0021579626
      6700.20      0.60890710    0.0021670256
      6706.90      0.60452461    0.0021765358
      6713.61      0.59943616    0.0022143693
      6720.32      0.59411414    0.0022028819
      6727.05      0.58753986    0.0022121909
      6733.77      0.58126261    0.0022223769
      6740.51      0.57372053    0.0022442890
      6747.25      0.56731110    0.0022594635
      6754.00      0.55984598    0.0022707076
      6760.75      0.54802075    0.0022865991
      6767.51      0.53862801    0.0023014916
      6774.28      0.52981798    0.0023237728
      6781.05      0.52128961    0.0023365946
      6787.84      0.51282980    0.0024081436
      6794.62      0.50663833    0.0024489474
      6801.42      0.50092198    0.0024744811
      6808.22      0.49558864    0.0025584843
      6815.03      0.49217328    0.0025955985
      6821.85      0.48946643    0.0026005449
      6828.67      0.48759542    0.0026544570
      6835.50      0.48458413    0.0026293677
      6842.33      0.48008462    0.0026235883
      6849.17      0.47611813    0.0026115629
      6856.02      0.47171507    0.0025867626
      6862.88      0.46841900    0.0025713787
      6869.74      0.46509114    0.0025630183
      6876.61      0.46094505    0.0025614154
      6883.49      0.45428846    0.0025557000
      6890.37      0.44639001    0.0025493643
      6897.27      0.44172902    0.0025487518
      6904.16      0.43590090    0.0025512417
      6911.07      0.42897779    0.0025289829
      6917.98      0.42172498    0.0025603286
      6924.89      0.41625830    0.0025665127
      6931.82      0.41021981    0.0025487946
      6938.75      0.40485942    0.0025870731
      6945.69      0.40087467    0.0025720131
      6952.64      0.39674012    0.0025799984
      6959.59      0.39317967    0.0026187640
      6966.55      0.38935015    0.0026003960
      6973.52      0.38651303    0.0026366034
      6980.49      0.38560891    0.0026177346
      6987.47      0.38528569    0.0026235167
      6994.46      0.38606033    0.0026617636
      7001.46      0.38677507    0.0026429834
      7008.46      0.38650515    0.0026492078
      7015.46      0.38699410    0.0026626012
      7022.48      0.38722733    0.0026689399
      7029.51      0.38680201    0.0026766221
      7036.53      0.38582302    0.0026918753
      7043.57      0.38472868    0.0027013298
      7050.62      0.38275604    0.0027200425
      7057.66      0.38196479    0.0027299909
      7064.72      0.38075334    0.0027194609
      7071.79      0.37905873    0.0027661268
      7078.86      0.37985028    0.0027622275
      7085.94      0.37893976    0.0028237255
      7093.03      0.37859671    0.0028534720
      7100.12      0.37942077    0.0028674277
      7107.22      0.38209775    0.0029432934
      7114.33      0.38308225    0.0029502376
      7121.44      0.38457609    0.0030156215
      7128.56      0.38592031    0.0030065222
      7135.69      0.38759153    0.0030215010
      7142.83      0.38946517    0.0030369464
      7149.97      0.39173198    0.0030418177
      7157.12      0.39443445    0.0030464697
      7164.28      0.39737591    0.0030489697
      7171.44      0.39942519    0.0030552197
      7178.62      0.40221478    0.0030690815
      7185.80      0.40371389    0.0030808979
      7192.98      0.40576647    0.0030972666
      7200.17      0.40874599    0.0031063216
      7207.38      0.41158901    0.0031139086
      7214.58      0.41373672    0.0031138316
      7221.80      0.41465336    0.0030776787
      7229.02      0.41499233    0.0031072199
      7236.25      0.41566997    0.0030715873
      7243.49      0.41540669    0.0031019286
      7250.73      0.41419706    0.0030630614
      7257.98      0.41454786    0.0030871421
      7265.24      0.41489484    0.0030483703
      7272.51      0.41556495    0.0030742151
      7279.78      0.41553771    0.0030401250
      7287.06      0.41659778    0.0030687429
      7294.35      0.41893562    0.0030381493
      7301.64      0.42076344    0.0030389034
      7308.94      0.42148792    0.0030441131
      7316.25      0.42327099    0.0030463020
      7323.57      0.42580792    0.0030517107
      7330.89      0.42843169    0.0030530237
      7338.22      0.43059294    0.0030585140
      7345.56      0.43212860    0.0030330648
      7352.91      0.43345936    0.0030680564
      7360.26      0.43349334    0.0030438157
      7367.62      0.43212197    0.0030801144
      7374.99      0.43187228    0.0030563601
      7382.37      0.43261220    0.0030928571
      7389.75      0.43437127    0.0030695980
      7397.14      0.43505922    0.0031069218
      7404.53      0.43590250    0.0030839474
      7411.94      0.43748304    0.0031212002
      7419.35      0.43995417    0.0030984727
      7426.77      0.44141227    0.0031076544
      7434.20      0.44296571    0.0031133206
      7441.63      0.44574667    0.0031226397
      7449.07      0.44965339    0.0031318333
      7456.52      0.45305144    0.0031638877
      7463.98      0.45589377    0.0031992533
      7471.45      0.45791024    0.0032408773
      7478.92      0.45389360    0.0031951355
      7486.40      0.45185835    0.0032468036
      7493.88      0.45503803    0.0032794504
      7501.38      0.45536490    0.0034051920
      7508.88      0.45592491    0.0035872275
      7516.39      0.45992833    0.0037440077
      7523.91      0.46438015    0.0040236234
      7531.43      0.46773289    0.0042475306
      7538.96      0.47077385    0.0045469856
      7546.50      0.47899838    0.0047112252
      7554.05      0.48941186    0.0049347590
      7561.60      0.49574582    0.0048959732
      7569.16      0.49610149    0.0047979046
      7576.73      0.50088822    0.0046930376
      7584.31      0.50267333    0.0043918943
      7591.89      0.50128196    0.0041122827
      7599.49      0.49880842    0.0039402504
      7607.09      0.49274775    0.0037504020
      7614.70      0.48798281    0.0036456263
      7622.31      0.48198127    0.0035128763
      7629.93      0.47861429    0.0034054617
      7637.56      0.47922990    0.0033954533
      7645.20      0.47703032    0.0033609643
      7652.85      0.47591215    0.0033002635
      7660.50      0.47622709    0.0033106177
      7668.16      0.47655056    0.0032651495
      7675.83      0.47701198    0.0032861063
      7683.50      0.48025850    0.0032821592
      7691.19      0.48401583    0.0032499828
      7698.88      0.48694518    0.0032810262
      7706.58      0.48759876    0.0032524094
      7714.29      0.48923366    0.0032548484
      7722.00      0.49250016    0.0032882267
      7729.73      0.49293198    0.0032603714
      7737.45      0.49275243    0.0032636953
      7745.19      0.49317416    0.0032662854
      7752.94      0.49546236    0.0032690108
      7760.69      0.49757954    0.0032722270
      7768.45      0.49899236    0.0032744491
      7776.22      0.50030253    0.0032775107
      7784.00      0.50385701    0.0032819405
      7791.78      0.50654268    0.0032849609
      7799.57      0.50803726    0.0032892060
      7807.37      0.50980081    0.0032948759
      7815.18      0.51328090    0.0032685561
      7822.99      0.51647692    0.0033025739
      7830.82      0.51832737    0.0032726002
      7838.65      0.51972370    0.0032749245
      7846.49      0.52305728    0.0033065652
      7854.34      0.52487129    0.0032751867
      7862.19      0.52651522    0.0032761875
      7870.05      0.52761625    0.0033069786
      7877.93      0.53041469    0.0032747331
      7885.80      0.53303211    0.0032753139
      7893.69      0.53473026    0.0032769877
      7901.58      0.53567268    0.0032753154
      7909.49      0.53738752    0.0032760581
      7917.40      0.53920759    0.0032770772
      7925.31      0.53875109    0.0032461100
      7933.24      0.54022137    0.0032745453
      7941.17      0.54044315    0.0032731888
      7949.11      0.54160177    0.0032410659
      7957.06      0.54251930    0.0032677840
      7965.02      0.54343538    0.0032659340
      7972.98      0.54409581    0.0032637071
      7980.96      0.54589595    0.0032313907
      7988.94      0.54611620    0.0032579805
      7996.93      0.54752310    0.0032582518
      8004.93      0.54794209    0.0032313192
      8012.93      0.54966291    0.0032361239
      8020.95      0.55086240    0.0032437803
      8028.97      0.54999025    0.0032507257
      8036.99      0.54853628    0.0032662670
      8045.03      0.54490060    0.0032888261
      8053.08      0.54059064    0.0033160788
      8061.13      0.53588898    0.0033352257
      8069.20      0.52990150    0.0033671686
      8077.26      0.52478834    0.0034013278
      8085.34      0.52352753    0.0034233386
      8093.43      0.51800162    0.0033909508
      8101.52      0.51354594    0.0034219249
      8109.62      0.50994818    0.0034162053
      8117.73      0.50665262    0.0033762673
      8125.85      0.50417486    0.0033652097
      8133.98      0.50359671    0.0033504021
      8142.11      0.50209280    0.0033658877
      8150.25      0.50178723    0.0033168277
      8158.41      0.50190329    0.0032993255
      8166.56      0.50215091    0.0032851446
      8174.73      0.50112185    0.0032700523
      8182.91      0.49888691    0.0032556045
      8191.09      0.49623272    0.0032363204
      8199.28      0.49357080    0.0032158375
      8207.48      0.49181640    0.0031946991
      8215.69      0.48775521    0.0031747388
      8223.91      0.48832514    0.0031321752
      8232.13      0.49051892    0.0031513954
      8240.36      0.49030757    0.0031332364
      8248.60      0.48667259    0.0031045550
      8256.85      0.48628351    0.0030772543
      8265.11      0.48803956    0.0030287205
      8273.37      0.48798798    0.0030040076
      8281.65      0.48705329    0.0030110184
      8289.93      0.48739922    0.0029894247
      8298.22      0.48754261    0.0029450582
      8306.52      0.48714122    0.0029231883
      8314.83      0.48489811    0.0029031470
      8323.14      0.48280350    0.0028850276
      8331.46      0.48284778    0.0028676459
      8339.80      0.48152722    0.0028501933
      8348.13      0.47960187    0.0028384840
      8356.48      0.47832026    0.0028212099
      8364.84      0.47675064    0.0028046545
      8373.21      0.47599441    0.0027405549
      8381.58      0.47495386    0.0027248915
      8389.96      0.47343367    0.0026884661
      8398.35      0.47203710    0.0026488358
      8406.75      0.46921904    0.0026139501
      8415.16      0.46728870    0.0025804032
      8423.57      0.46562349    0.0025425881
      8432.00      0.46512543    0.0025091513
      8440.43      0.46454772    0.0024930997
      8448.87      0.46248318    0.0024390393
      8457.32      0.45973666    0.0024066214
      8465.78      0.45913095    0.0023897337
      8474.25      0.45787324    0.0023379317
      8482.72      0.45393414    0.0023207246
      8491.20      0.45001262    0.0022896579
      8499.69      0.44777110    0.0022529591
      8508.19      0.44624154    0.0022220297
      8516.70      0.44447710    0.0021740434
      8525.22      0.44167711    0.0021561748
      8533.75      0.44018375    0.0021264908
      8542.28      0.43711232    0.0020917896
      8550.82      0.43510706    0.0020627302
      8559.37      0.43385578    0.0020284025
      8567.93      0.43294155    0.0019998163
      8576.50      0.43255449    0.0019718743
      8585.08      0.42969719    0.0019375324
      8593.66      0.42826169    0.0019096006
      8602.26      0.43105036    0.0018755557
      8610.86      0.42700351    0.0018477967
      8619.47      0.42252436    0.0018280172
      8628.09      0.41919696    0.0017863628
      8636.72      0.41623571    0.0017661719
      8645.36      0.41237948    0.0017253215
      8654.00      0.40949625    0.0016982634
      8662.66      0.40737869    0.0016649111
      8671.32      0.40585728    0.0016380677
      8679.99      0.40345848    0.0016047193
      8688.67      0.40059335    0.0015780606
      8697.36      0.39903303    0.0015448615
      8706.06      0.39734656    0.0015186014
      8714.76      0.39372977    0.0014860484
      8723.48      0.39037411    0.0014603750
      8732.21      0.38847900    0.0014288900
      8740.93      0.38619797    0.0014044038
      8749.68      0.38167596    0.0013732797
      8758.43      0.37978370    0.0013482344
      8767.19      0.37691531    0.0013142472
      8775.96      0.37944448    0.0013031794
      8784.73      0.37549747    0.0013118481
      8793.52      0.37171138    0.0013239874
      8802.31      0.36686325    0.0013391931
      8811.11      0.36251944    0.0013652275
      8819.92      0.35769719    0.0013943311
      8828.75      0.35320328    0.0014233013
      8837.57      0.34773150    0.0014715097
      8846.41      0.34180709    0.0015488319
      8855.26      0.33444951    0.0016400056
      8864.12      0.32637262    0.0017271912
      8872.98      0.31760924    0.0018775538
      8881.85      0.30803037    0.0021098744
      8890.73      0.29574588    0.0023729713
      8899.63      0.28312041    0.0026352158
      8908.52      0.27020897    0.0030406204
      8917.43      0.25508509    0.0036486750
