# starting wavelength =        3273.8432
# ending wavelength =        10095.927
# O2 telluric scale =        0
# O2 telluric shift =        0
# H2O telluric scale =        0
# H2O telluric shift =        0
      3275.47      0.82585767     0.023719053
      3278.75      0.85085516     0.021536740
      3282.03      0.86735864     0.018305531
      3285.31      0.87609154     0.015060698
      3288.60      0.88794851     0.014086352
      3291.88      0.90070152     0.012052563
      3295.18      0.91201348     0.011463985
      3298.47      0.92521004     0.010226663
      3301.77      0.93883617    0.0098605765
      3305.07      0.95358833    0.0091211683
      3308.38      0.97743729    0.0088790386
      3311.69       1.0049396    0.0084337338
      3315.00       1.0174635    0.0081263155
      3318.31       1.0376510    0.0079721861
      3321.63       1.0594984    0.0077359426
      3324.95       1.0758974    0.0076118972
      3328.28       1.0918413    0.0074548105
      3331.61       1.1114212    0.0073492413
      3334.94       1.1280774    0.0072426328
      3338.27       1.1481897    0.0072294606
      3341.61       1.1653256    0.0072167090
      3344.95       1.1763489    0.0072043859
      3348.30       1.1799578    0.0071015400
      3351.65       1.1786147    0.0070873628
      3355.00       1.1959265    0.0071529247
      3358.35       1.2132221    0.0071394107
      3361.71       1.2317660    0.0071263473
      3365.07       1.2442603    0.0071137473
      3368.44       1.2517200    0.0071016141
      3371.81       1.2677755    0.0071648922
      3375.18       1.2824764    0.0071503950
      3378.56       1.2874067    0.0070503182
      3381.94       1.2917158    0.0070370438
      3385.32       1.2967555    0.0070242671
      3388.70       1.2906447    0.0070910171
      3392.09       1.2894770    0.0070757901
      3395.48       1.2930601    0.0070611113
      3398.88       1.2986178    0.0070469787
      3402.28       1.3055308    0.0070334085
      3405.68       1.3118437    0.0070182149
      3409.09       1.3207556    0.0070022875
      3412.49       1.3319894    0.0069869595
      3415.91       1.3407464    0.0069722152
      3419.32       1.3490991    0.0069580678
      3422.74       1.3641283    0.0070265598
      3426.17       1.3812029    0.0070134550
      3429.59       1.3974745    0.0070010081
      3433.02       1.4094216    0.0068983145
      3436.45       1.4163117    0.0068836613
      3439.89       1.4340506    0.0069508100
      3443.33       1.4425567    0.0069372415
      3446.78       1.4476104    0.0069243653
      3450.22       1.4570657    0.0069121868
      3453.67       1.4671468    0.0069007225
      3457.13       1.4694510    0.0068757909
      3460.58       1.4717420    0.0068618551
      3464.04       1.4749816    0.0068486431
      3467.51       1.4806598    0.0068361691
      3470.98       1.4828155    0.0069034974
      3474.45       1.4828377    0.0068881952
      3477.92       1.4825167    0.0068737151
      3481.40       1.4807937    0.0067736209
      3484.88       1.4794777    0.0067609535
      3488.37       1.4766799    0.0068286708
      3491.86       1.4727331    0.0068131416
      3495.35       1.4686176    0.0067984708
      3498.84       1.4669473    0.0067846647
      3502.34       1.4640112    0.0068562253
      3505.84       1.4555906    0.0067539234
      3509.35       1.4544322    0.0067382917
      3512.86       1.4546320    0.0067235706
      3516.37       1.4490046    0.0067934782
      3519.89       1.4478379    0.0067803912
      3523.41       1.4502282    0.0067682846
      3526.93       1.4594250    0.0066636319
      3530.46       1.4620358    0.0067319935
      3533.99       1.4612945    0.0067180551
      3537.53       1.4635263    0.0067051282
      3541.06       1.4643849    0.0066932551
      3544.60       1.4617922    0.0067607885
      3548.15       1.4612178    0.0066567623
      3551.70       1.4630118    0.0066431109
      3555.25       1.4636614    0.0066305240
      3558.80       1.4650799    0.0067003603
      3562.36       1.4694708    0.0066845530
      3565.92       1.4732190    0.0066699336
      3569.49       1.4771953    0.0065687351
      3573.06       1.4815972    0.0066404587
      3576.64       1.4872250    0.0066239646
      3580.21       1.4924338    0.0066087048
      3583.79       1.4953946    0.0065946785
      3587.38       1.5002933    0.0066688794
      3590.96       1.5101904    0.0065637949
      3594.55       1.5144377    0.0065479901
      3598.15       1.5194676    0.0065334565
      3601.75       1.5255528    0.0066063692
      3605.35       1.5341736    0.0065942581
      3608.96       1.5412855    0.0065835265
      3612.56       1.5444906    0.0065582956
      3616.18       1.5520264    0.0065444098
      3619.79       1.5606932    0.0065319727
      3623.41       1.5707276    0.0065209463
      3627.04       1.5795439    0.0065882811
      3630.66       1.5873420    0.0064829280
      3634.29       1.5943778    0.0064702439
      3637.93       1.5941248    0.0065427786
      3641.57       1.5964731    0.0065265049
      3645.21       1.5998791    0.0065118658
      3648.86       1.6003789    0.0064090007
      3652.50       1.6044221    0.0064812958
      3656.16       1.6104466    0.0064649159
      3659.81       1.6154801    0.0064502186
      3663.47       1.6202397    0.0065276490
      3667.14       1.6258353    0.0064198271
      3670.80       1.6318422    0.0064034859
      3674.48       1.6361546    0.0064786595
      3678.15       1.6399645    0.0064655438
      3681.83       1.6446000    0.0064542828
      3685.51       1.6507493    0.0063422143
      3689.20       1.6564816    0.0064167239
      3692.88       1.6620971    0.0064038918
      3696.58       1.6645631    0.0063929666
      3700.27       1.6683592    0.0064635770
      3703.98       1.6716610    0.0063551375
      3707.68       1.6731529    0.0063427373
      3711.39       1.6756268    0.0064172406
      3715.10       1.6780571    0.0064009403
      3718.81       1.6802728    0.0062939708
      3722.53       1.6849208    0.0063721410
      3726.26       1.6865215    0.0063542872
      3729.98       1.6858885    0.0063386751
      3733.71       1.6835616    0.0064201300
      3737.45       1.6793494    0.0063087144
      3741.18       1.6780577    0.0062916778
      3744.93       1.6752876    0.0063710579
      3748.67       1.6748463    0.0063583872
      3752.42       1.6732054    0.0062456217
      3756.17       1.6733735    0.0063230521
      3759.93       1.6744342    0.0063090540
      3763.69       1.6770000    0.0062975533
      3767.45       1.6803592    0.0063738321
      3771.22       1.6863523    0.0062606813
      3774.99       1.6925176    0.0062479910
      3778.77       1.7006186    0.0063268659
      3782.54       1.7075824    0.0063098995
      3786.33       1.7123437    0.0061992994
      3790.11       1.7206995    0.0062804963
      3793.90       1.7311271    0.0062623392
      3797.70       1.7449699    0.0062470934
      3801.50       1.7603762    0.0062345647
      3805.30       1.7758203    0.0062153125
      3809.10       1.7906622    0.0061990471
      3812.91       1.8069206    0.0062851178
      3816.73       1.8201097    0.0061686663
      3820.54       1.8333688    0.0062504122
      3824.36       1.8468519    0.0062359143
      3828.19       1.8603836    0.0062246641
      3832.02       1.8720627    0.0062025276
      3835.85       1.8819585    0.0061872282
      3839.68       1.8915071    0.0061752270
      3843.52       1.9009610    0.0062566686
      3847.37       1.9067214    0.0061389345
      3851.22       1.9165185    0.0061263094
      3855.07       1.9278846    0.0062085941
      3858.92       1.9380471    0.0061913865
      3862.78       1.9475361    0.0061822525
      3866.64       1.9550099    0.0061606461
      3870.51       1.9597984    0.0061429378
      3874.38       1.9643783    0.0062350892
      3878.26       1.9748553    0.0061127577
      3882.13       1.9862229    0.0060946823
      3886.02       1.9959361    0.0061856840
      3889.90       2.0046768    0.0061753620
      3893.79       2.0125827    0.0061512796
      3897.69       2.0192284    0.0061365914
      3901.59       2.0264029    0.0061261648
      3905.49       2.0370941    0.0062094659
      3909.39       2.0462321    0.0060877717
      3913.30       2.0507062    0.0061798838
      3917.22       2.0561346    0.0061599385
      3921.13       2.0632974    0.0060392289
      3925.06       2.0686788    0.0061302085
      3928.98       2.0723103    0.0061105340
      3932.91       2.0781818    0.0062099680
      3936.84       2.0792722    0.0060805132
      3940.78       2.0815864    0.0060612653
      3944.72       2.0822843    0.0061602725
      3948.67       2.0799354    0.0060308202
      3952.61       2.0784754    0.0061248494
      3956.57       2.0806771    0.0061109654
      3960.52       2.0847550    0.0061026034
      3964.48       2.0863280    0.0060750544
      3968.45       2.0916776    0.0060621031
      3972.42       2.0967462    0.0059317359
      3976.39       2.1020787    0.0060256053
      3980.37       2.1093664    0.0060137783
      3984.35       2.1163673    0.0058825105
      3988.33       2.1236962    0.0059766058
      3992.32       2.1303782    0.0059661198
      3996.31       2.1408480    0.0059429493
      4000.31       2.1491516    0.0059281546
      4004.31       2.1565151    0.0058035194
      4008.31       2.1600122    0.0058935478
      4012.32       2.1629724    0.0058804025
      4016.33       2.1665798    0.0057540664
      4020.35       2.1697472    0.0058447971
      4024.37       2.1728731    0.0058334947
      4028.40       2.1744055    0.0057051872
      4032.42       2.1787482    0.0057968327
      4036.46       2.1844953    0.0056754776
      4040.50       2.1856911    0.0056570288
      4044.54       2.1887505    0.0057498578
      4048.58       2.1883988    0.0056260828
      4052.63       2.1871634    0.0057147513
      4056.68       2.1838303    0.0055973404
      4060.74       2.1817765    0.0055775888
      4064.80       2.1788221    0.0056677175
      4068.86       2.1766068    0.0055474539
      4072.93       2.1753724    0.0055302146
      4077.01       2.1742094    0.0055192646
      4081.08       2.1703186    0.0054987277
      4085.17       2.1646384    0.0055866997
      4089.25       2.1611963    0.0054690329
      4093.34       2.1582469    0.0054513409
      4097.43       2.1548985    0.0054410464
      4101.53       2.1515170    0.0054202294
      4105.63       2.1484711    0.0054055346
      4109.74       2.1503894    0.0053906734
      4113.85       2.1487977    0.0053730597
      4117.96       2.1443052    0.0053625824
      4122.08       2.1431434    0.0053420456
      4126.20       2.1442598    0.0052359449
      4130.33       2.1462280    0.0053123961
      4134.46       2.1508940    0.0052953771
      4138.59       2.1568261    0.0052839813
      4142.73       2.1595585    0.0052642735
      4146.88       2.1668746    0.0051604026
      4151.02       2.1756777    0.0052342970
      4155.18       2.1839430    0.0051284728
      4159.33       2.1906017    0.0052054050
      4163.49       2.1954097    0.0051870871
      4167.65       2.2003637    0.0050859568
      4171.82       2.2054804    0.0051567275
      4175.99       2.2104623    0.0050538852
      4180.17       2.2155358    0.0051272321
      4184.35       2.2204137    0.0050226863
      4188.54       2.2251092    0.0050129166
      4192.72       2.2252648    0.0049922787
      4196.92       2.2263095    0.0049806438
      4201.11       2.2269608    0.0050499060
      4205.31       2.2277099    0.0049491371
      4209.52       2.2294156    0.0050204924
      4213.73       2.2268656    0.0049183159
      4217.94       2.2240824    0.0049091936
      4222.16       2.2198572    0.0048881143
      4226.38       2.2183406    0.0048774015
      4230.61       2.2134693    0.0048584429
      4234.84       2.2084575    0.0048462151
      4239.08       2.2024391    0.0049143116
      4243.32       2.1979648    0.0048155697
      4247.56       2.1935962    0.0048080755
      4251.81       2.1903969    0.0047854142
      4256.06       2.1873922    0.0047765975
      4260.32       2.1846650    0.0047556652
      4264.58       2.1815691    0.0047456507
      4268.84       2.1789634    0.0047262928
      4273.11       2.1761719    0.0047150875
      4277.38       2.1723846    0.0046175435
      4281.66       2.1684116    0.0046849431
      4285.94       2.1638900    0.0045891714
      4290.23       2.1604615    0.0046551316
      4294.52       2.1575927    0.0045610362
      4298.81       2.1525422    0.0046256735
      4303.11       2.1483631    0.0045331236
      4307.42       2.1452498    0.0045964565
      4311.72       2.1414997    0.0045053233
      4316.04       2.1393463    0.0045674720
      4320.35       2.1382828    0.0044776610
      4324.67       2.1371823    0.0044617886
      4329.00       2.1357479    0.0045287679
      4333.33       2.1352554    0.0044336448
      4337.66       2.1344431    0.0044994629
      4342.00       2.1318973    0.0044056554
      4346.34       2.1313065    0.0044706688
      4350.69       2.1286448    0.0043777924
      4355.04       2.1276556    0.0044419484
      4359.39       2.1281111    0.0043500439
      4363.75       2.1283875    0.0044134206
      4368.12       2.1288379    0.0043223987
      4372.48       2.1286782    0.0043850760
      4376.86       2.1297736    0.0042948377
      4381.23       2.1307462    0.0042855705
      4385.61       2.1346306    0.0042673736
      4390.00       2.1395859    0.0042581899
      4394.39       2.1392320    0.0042399708
      4398.79       2.1403380    0.0042308091
      4403.18       2.1424619    0.0042126690
      4407.59       2.1431789    0.0042034500
      4412.00       2.1433995    0.0041854323
      4416.41       2.1410239    0.0041059878
      4420.82       2.1393311    0.0041582971
      4425.25       2.1409374    0.0040795264
      4429.67       2.1420557    0.0041312461
      4434.10       2.1449771    0.0040532376
      4438.54       2.1495132    0.0041043100
      4442.97       2.1583537    0.0040271187
      4447.42       2.1647767    0.0040774790
      4451.86       2.1710705    0.0040011845
      4456.32       2.1779155    0.0040507863
      4460.77       2.1865636    0.0039754576
      4465.24       2.1948113    0.0040242397
      4469.70       2.2000291    0.0039499421
      4474.17       2.2005163    0.0039326652
      4478.65       2.1987949    0.0039857249
      4483.12       2.1967136    0.0039069147
      4487.61       2.1951983    0.0039589161
      4492.09       2.1911693    0.0038813754
      4496.59       2.1858879    0.0039322662
      4501.08       2.1821794    0.0038560633
      4505.58       2.1763376    0.0039058096
      4510.09       2.1730227    0.0038309991
      4514.60       2.1674479    0.0038795655
      4519.12       2.1613937    0.0038062226
      4523.63       2.1558810    0.0037906787
      4528.16       2.1510978    0.0037817489
      4532.69       2.1440528    0.0037654384
      4537.22       2.1392566    0.0037576147
      4541.76       2.1337631    0.0037405126
      4546.30       2.1282812    0.0037338622
      4550.85       2.1217396    0.0037159176
      4555.40       2.1160333    0.0036439052
      4559.95       2.1080585    0.0036916963
      4564.51       2.1025500    0.0036770149
      4569.08       2.0986238    0.0036678848
      4573.65       2.0952870    0.0036522337
      4578.22       2.0922273    0.0036445158
      4582.80       2.0910884    0.0036278737
      4587.38       2.0891960    0.0035581926
      4591.97       2.0887817    0.0036039744
      4596.56       2.0906792    0.0035336608
      4601.16       2.0896966    0.0035805790
      4605.76       2.0870255    0.0035095907
      4610.37       2.0847757    0.0034982502
      4614.98       2.0834013    0.0035416564
      4619.59       2.0819648    0.0034735841
      4624.21       2.0816291    0.0035182372
      4628.84       2.0782174    0.0034494134
      4633.47       2.0766954    0.0034954249
      4638.10       2.0761440    0.0034258484
      4642.74       2.0735632    0.0034143443
      4647.38       2.0718495    0.0034571586
      4652.03       2.0711413    0.0033901684
      4656.68       2.0683732    0.0034344951
      4661.34       2.0642898    0.0033666303
      4666.00       2.0615945    0.0033557072
      4670.67       2.0622232    0.0033438008
      4675.33       2.0645285    0.0033315872
      4680.01       2.0694866    0.0033223202
      4684.69       2.0709149    0.0033082160
      4689.38       2.0717380    0.0032975631
      4694.07       2.0711303    0.0032856422
      4698.76       2.0703083    0.0032736414
      4703.46       2.0700731    0.0032644105
      4708.16       2.0701730    0.0032513939
      4712.87       2.0700863    0.0032399126
      4717.58       2.0710892    0.0032283851
      4722.30       2.0737835    0.0032163158
      4727.03       2.0750643    0.0031576374
      4731.75       2.0737409    0.0031936964
      4736.48       2.0711695    0.0031827804
      4741.22       2.0700829    0.0031231074
      4745.96       2.0673065    0.0031597217
      4750.71       2.0661155    0.0031028621
      4755.46       2.0680552    0.0030892744
      4760.22       2.0726214    0.0031263480
      4764.97       2.0776178    0.0030687617
      4769.74       2.0823522    0.0031040237
      4774.51       2.0850526    0.0030934684
      4779.29       2.0891004    0.0030352819
      4784.07       2.0917449    0.0030708143
      4788.85       2.0965401    0.0030156795
      4793.64       2.1026475    0.0030023373
      4798.43       2.1086842    0.0030380473
      4803.23       2.1153094    0.0029825885
      4808.03       2.1219640    0.0029698647
      4812.84       2.1269408    0.0029641136
      4817.66       2.1294772    0.0029500043
      4822.48       2.1320077    0.0029377949
      4827.30       2.1354174    0.0029314837
      4832.12       2.1388122    0.0029178772
      4836.96       2.1415394    0.0029060931
      4841.79       2.1453050    0.0028993608
      4846.63       2.1509445    0.0028861674
      4851.48       2.1567404    0.0028747227
      4856.33       2.1613806    0.0028677072
      4861.19       2.1645553    0.0028548359
      4866.05       2.1705677    0.0028019199
      4870.92       2.1771277    0.0028364941
      4875.79       2.1832583    0.0028238672
      4880.66       2.1910729    0.0027715788
      4885.55       2.1987391    0.0028057101
      4890.43       2.2070860    0.0027932602
      4895.32       2.2151762    0.0027415239
      4900.22       2.2220634    0.0027753415
      4905.12       2.2292222    0.0027629937
      4910.02       2.2355105    0.0027117494
      4914.94       2.2435105    0.0027023757
      4919.85       2.2494643    0.0027330954
      4924.77       2.2549486    0.0026822776
      4929.70       2.2600703    0.0026728392
      4934.62       2.2667652    0.0027035827
      4939.56       2.2726581    0.0026531232
      4944.50       2.2781019    0.0026435758
      4949.44       2.2835097    0.0026744510
      4954.39       2.2902855    0.0026243171
      4959.35       2.2983787    0.0026146139
      4964.31       2.3062231    0.0026061153
      4969.27       2.3131952    0.0025958976
      4974.24       2.3225623    0.0025859911
      4979.22       2.3299805    0.0025772392
      4984.20       2.3384177    0.0025679275
      4989.18       2.3468379    0.0025577643
      4994.17       2.3533530    0.0025487255
      4999.16       2.3613894    0.0025031903
      5004.16       2.3691144    0.0025299716
      5009.17       2.3790056    0.0025206153
      5014.18       2.3866698    0.0025123029
      5019.19       2.3952347    0.0025026719
      5024.21       2.4049551    0.0024929741
      5029.23       2.4155847    0.0024842689
      5034.26       2.4265169    0.0024397074
      5039.30       2.4367982    0.0024658830
      5044.34       2.4480307    0.0024567707
      5049.39       2.4553370    0.0024139918
      5054.43       2.4638490    0.0024037102
      5059.49       2.4716552    0.0024298739
      5064.55       2.4784292    0.0024212367
      5069.61       2.4848715    0.0023783089
      5074.68       2.4865059    0.0023684810
      5079.76       2.4882148    0.0023945329
      5084.84       2.4877975    0.0023536397
      5089.92       2.4850690    0.0023434056
      5095.01       2.4817838    0.0023339338
      5100.11       2.4761387    0.0023597907
      5105.21       2.4701452    0.0023191353
      5110.31       2.4629990    0.0023092184
      5115.42       2.4576227    0.0023000274
      5120.54       2.4529514    0.0022957648
      5125.66       2.4482598    0.0022853983
      5130.79       2.4436029    0.0022757226
      5135.92       2.4381447    0.0022667242
      5141.05       2.4320575    0.0022271886
      5146.20       2.4253430    0.0022524114
      5151.34       2.4218295    0.0022429049
      5156.49       2.4190427    0.0022340313
      5161.65       2.4128156    0.0021950323
      5166.81       2.4061048    0.0022201652
      5171.98       2.3959552    0.0022107730
      5177.15       2.3880120    0.0022019684
      5182.33       2.3784655    0.0021634450
      5187.51       2.3666558    0.0021558130
      5192.70       2.3542580    0.0021793636
      5197.89       2.3402982    0.0021705764
      5203.09       2.3268473    0.0021324656
      5208.29       2.3120416    0.0021247958
      5213.50       2.2981934    0.0021487342
      5218.72       2.2826266    0.0021399244
      5223.93       2.2669079    0.0021021806
      5229.16       2.2509718    0.0020944291
      5234.39       2.2366667    0.0020871238
      5239.62       2.2229444    0.0021100824
      5244.86       2.2102281    0.0020726523
      5250.11       2.1981762    0.0020647937
      5255.36       2.1870423    0.0020573516
      5260.61       2.1735688    0.0020503194
      5265.87       2.1622988    0.0020436981
      5271.14       2.1518447    0.0020360020
      5276.41       2.1426923    0.0020284055
      5281.69       2.1341686    0.0020211938
      5286.97       2.1253232    0.0020143501
      5292.26       2.1166628    0.0020078758
      5297.55       2.1070480    0.0020004073
      5302.85       2.0966569    0.0019929998
      5308.15       2.0854650    0.0019859380
      5313.46       2.0749314    0.0019792121
      5318.77       2.0645642    0.0019461907
      5324.09       2.0546854    0.0019386949
      5329.42       2.0461209    0.0019585933
      5334.75       2.0395989    0.0019516231
      5340.08       2.0314242    0.0019449618
      5345.42       2.0237653    0.0019131743
      5350.77       2.0167797    0.0019057899
      5356.12       2.0099757    0.0018986800
      5361.48       2.0000050    0.0018918419
      5366.83       1.9903415    0.0019117007
      5372.20       1.9801921    0.0019053243
      5377.58       1.9699204    0.0018741014
      5382.95       1.9602097    0.0018670396
      5388.34       1.9500625    0.0018602378
      5393.72       1.9390431    0.0018536536
      5399.12       1.9284916    0.0018731679
      5404.52       1.9178333    0.0018437776
      5409.92       1.9073250    0.0018367336
      5415.33       1.8987817    0.0018299187
      5420.75       1.8915273    0.0018233250
      5426.17       1.8854055    0.0018169440
      5431.60       1.8808515    0.0018107674
      5437.03       1.8758177    0.0017811200
      5442.47       1.8707355    0.0018011156
      5447.91       1.8678876    0.0017944804
      5453.36       1.8642677    0.0017880600
      5458.81       1.8599194    0.0017818216
      5464.27       1.8544530    0.0017757643
      5469.73       1.8496480    0.0017466600
      5475.20       1.8428647    0.0017409964
      5480.68       1.8349946    0.0017354898
      5486.16       1.8293389    0.0017546072
      5491.65       1.8245979    0.0017484773
      5497.14       1.8169540    0.0017425116
      5502.64       1.8085459    0.0017367037
      5508.14       1.7992162    0.0017082902
      5513.65       1.7910043    0.0017028344
      5519.16       1.7831789    0.0016975062
      5524.68       1.7749373    0.0016923241
      5530.20       1.7672345    0.0016872504
      5535.73       1.7584446    0.0016823043
      5541.27       1.7500157    0.0016999260
      5546.81       1.7419631    0.0016944495
      5552.36       1.7338606    0.0016668368
      5557.91       1.7255913    0.0016616624
      5563.47       1.7180520    0.0016565993
      5569.04       1.7109769    0.0016515908
      5574.60       1.7033518    0.0016468184
      5580.18       1.6934628    0.0016420617
      5585.76       1.6854086    0.0016374151
      5591.35       1.6797556    0.0016328546
      5596.94       1.6721292    0.0016071739
      5602.53       1.6642089    0.0016023111
      5608.14       1.6575774    0.0015975435
      5613.75       1.6502911    0.0016138142
      5619.36       1.6432414    0.0016091623
      5624.98       1.6370295    0.0016045946
      5630.60       1.6307422    0.0016001142
      5636.23       1.6242410    0.0015957118
      5641.87       1.6161532    0.0015913968
      5647.51       1.6105758    0.0015871518
      5653.16       1.6050352    0.0015633880
      5658.82       1.5988675    0.0015589402
      5664.47       1.5930884    0.0015545444
      5670.14       1.5873334    0.0015502339
      5675.81       1.5813267    0.0015459995
      5681.48       1.5754297    0.0015418372
      5687.17       1.5680848    0.0015377414
      5692.85       1.5593360    0.0015337115
      5698.55       1.5503644    0.0015297467
      5704.25       1.5420545    0.0015258482
      5709.95       1.5347000    0.0015220220
      5715.66       1.5260718    0.0015182357
      5721.38       1.5188527    0.0015145169
      5727.10       1.5115270    0.0014917823
      5732.83       1.5040766    0.0014882029
      5738.56       1.4964213    0.0014846762
      5744.30       1.4889855    0.0014812040
      5750.04       1.4821659    0.0014977367
      5755.79       1.4777770    0.0014941140
      5761.55       1.4725352    0.0014905560
      5767.31       1.4670160    0.0014870829
      5773.08       1.4621066    0.0014837477
      5778.85       1.4586575    0.0014805715
      5784.63       1.4555418    0.0014774366
      5790.41       1.4513944    0.0014742734
      5796.21       1.4450057    0.0014712229
      5802.00       1.4372240    0.0014684123
      5807.81       1.4299314    0.0014660936
      5813.61       1.4241659    0.0014642776
      5819.43       1.4192962    0.0014626235
      5825.25       1.4146306    0.0014609995
      5831.07       1.4130503    0.0014596021
      5836.90       1.4113523    0.0014583589
      5842.74       1.4107186    0.0014567425
      5848.58       1.4117735    0.0014545835
      5854.43       1.4141319    0.0014521778
      5860.29       1.4170643    0.0014310372
      5866.15       1.4217090    0.0014110893
      5872.01       1.4241618    0.0014082923
      5877.89       1.4268042    0.0014054567
      5883.76       1.4291997    0.0014027329
      5889.65       1.4328942    0.0014001140
      5895.54       1.4355022    0.0013974753
      5901.43       1.4369936    0.0013946981
      5907.34       1.4384815    0.0013918193
      5913.24       1.4382306    0.0013888560
      5919.16       1.4387840    0.0013859597
      5925.08       1.4403001    0.0013831069
      5931.00       1.4415328    0.0013801218
      5936.93       1.4428962    0.0013771085
      5942.87       1.4457354    0.0013744069
      5948.81       1.4487612    0.0013720060
      5954.76       1.4523369    0.0013695631
      5960.72       1.4553023    0.0013670706
      5966.68       1.4583406    0.0013648076
      5972.64       1.4604778    0.0013627882
      5978.62       1.4619275    0.0013609336
      5984.60       1.4626521    0.0013591801
      5990.58       1.4618003    0.0013733143
      5996.57       1.4611749    0.0013716275
      6002.57       1.4619817    0.0013536576
      6008.57       1.4617474    0.0013520052
      6014.58       1.4623462    0.0013505109
      6020.60       1.4634767    0.0013490859
      6026.62       1.4634196    0.0013477271
      6032.65       1.4647751    0.0013464294
      6038.68       1.4663944    0.0013451918
      6044.72       1.4686220    0.0013440149
      6050.76       1.4708671    0.0013428983
      6056.81       1.4730824    0.0013418436
      6062.87       1.4754411    0.0013408582
      6068.93       1.4777977    0.0013399381
      6075.00       1.4788809    0.0013229005
      6081.08       1.4805579    0.0013218356
      6087.16       1.4814037    0.0013208341
      6093.25       1.4826002    0.0013199001
      6099.34       1.4831100    0.0013190288
      6105.44       1.4832117    0.0013182274
      6111.54       1.4833153    0.0013174961
      6117.66       1.4830939    0.0013168371
      6123.78       1.4818615    0.0013328460
      6129.90       1.4816753    0.0013323433
      6136.03       1.4811537    0.0013166169
      6142.17       1.4805753    0.0013159102
      6148.31       1.4803280    0.0013152968
      6154.46       1.4790109    0.0013148681
      6160.61       1.4784851    0.0013148785
      6166.77       1.4784062    0.0013150992
      6172.94       1.4765866    0.0013147990
      6179.11       1.4736758    0.0013145735
      6185.29       1.4688502    0.0013009001
      6191.48       1.4631912    0.0013023824
      6197.67       1.4581685    0.0013213130
      6203.87       1.4525912    0.0013238706
      6210.07       1.4465671    0.0013267469
      6216.28       1.4403751    0.0013296454
      6222.50       1.4349723    0.0013322883
      6228.72       1.4291352    0.0013195910
      6234.95       1.4232756    0.0013208205
      6241.19       1.4185449    0.0013212378
      6247.42       1.4142086    0.0013208541
      6253.67       1.4103758    0.0013197787
      6259.93       1.4077094    0.0013326403
      6266.19       1.4052150    0.0013303584
      6272.46       1.4023030    0.0013137021
      6278.73       1.4008364    0.0013129012
      6285.01       1.3992179    0.0013125677
      6291.29       1.3955996    0.0013118895
      6297.58       1.3922728    0.0013113977
      6303.88       1.3887677    0.0013114764
      6310.19       1.3839432    0.0013115282
      6316.50       1.3805898    0.0013115300
      6322.81       1.3773347    0.0013117745
      6329.14       1.3742787    0.0013122192
      6335.47       1.3714476    0.0013129207
      6341.80       1.3690804    0.0012988565
      6348.14       1.3656025    0.0012994645
      6354.49       1.3617790    0.0013163089
      6360.85       1.3584255    0.0013173964
      6367.21       1.3535266    0.0013186396
      6373.57       1.3484228    0.0013201173
      6379.95       1.3420427    0.0013070040
      6386.33       1.3357918    0.0013086443
      6392.72       1.3288856    0.0013107881
      6399.11       1.3219320    0.0013297273
      6405.51       1.3147241    0.0013323400
      6411.92       1.3078187    0.0013202118
      6418.32       1.3010549    0.0013221945
      6424.74       1.2932748    0.0013241634
      6431.17       1.2855658    0.0013261523
      6437.60       1.2792441    0.0013304255
      6444.04       1.2737995    0.0013313615
      6450.48       1.2681745    0.0013323106
      6456.94       1.2618005    0.0013333750
      6463.39       1.2558008    0.0013346768
      6469.85       1.2495907    0.0013387285
      6476.33       1.2435439    0.0013400002
      6482.80       1.2373609    0.0013414975
      6489.28       1.2302912    0.0013430446
      6495.77       1.2236418    0.0013307514
      6502.27       1.2168144    0.0013323757
      6508.77       1.2107537    0.0013494843
      6515.28       1.2046157    0.0013509650
      6521.80       1.1977327    0.0013387282
      6528.32       1.1906887    0.0013404614
      6534.85       1.1838941    0.0013449699
      6541.38       1.1769196    0.0013595107
      6547.92       1.1699003    0.0013474666
      6554.47       1.1632897    0.0013497317
      6561.03       1.1567206    0.0013522764
      6567.59       1.1507956    0.0013705898
      6574.16       1.1443483    0.0013588628
      6580.73       1.1383975    0.0013614145
      6587.31       1.1315167    0.0013641877
      6593.90       1.1254509    0.0013672410
      6600.50       1.1195675    0.0013713115
      6607.10       1.1129467    0.0013740511
      6613.70       1.1065068    0.0013770702
      6620.32       1.0995865    0.0013655067
      6626.94       1.0932965    0.0013846896
      6633.57       1.0863619    0.0013876293
      6640.20       1.0786310    0.0013908614
      6646.84       1.0714176    0.0013792248
      6653.49       1.0641184    0.0013988244
      6660.14       1.0578512    0.0014020036
      6666.80       1.0510559    0.0013909024
      6673.47       1.0443840    0.0013936874
      6680.14       1.0384271    0.0014137585
      6686.82       1.0322088    0.0014172148
      6693.51       1.0269903    0.0014058652
      6700.20       1.0211786    0.0014089313
      6706.90       1.0146957    0.0014295261
      6713.61       1.0069109    0.0014185653
      6720.32      0.99950085    0.0014216108
      6727.05      0.99134413    0.0014250145
      6733.77      0.98267919    0.0014324352
      6740.51      0.97377149    0.0014380438
      6747.25      0.96442404    0.0014455989
      6754.00      0.95502953    0.0014540080
      6760.75      0.94464489    0.0014561376
      6767.51      0.93434966    0.0014629200
      6774.28      0.92486193    0.0014635518
      6781.05      0.91353000    0.0015005738
      6787.84      0.90223018    0.0015210021
      6794.62      0.89120002    0.0015334097
      6801.42      0.88214421    0.0015837559
      6808.22      0.87438891    0.0016077012
      6815.03      0.86597765    0.0016144155
      6821.85      0.85830494    0.0016304063
      6828.67      0.85089863    0.0016614703
      6835.50      0.84311862    0.0016439738
      6842.33      0.83451570    0.0016390219
      6849.17      0.82497605    0.0016423683
      6856.02      0.81538937    0.0016116034
      6862.88      0.80694908    0.0016003766
      6869.74      0.79764316    0.0015909646
      6876.61      0.78771585    0.0015889643
      6883.49      0.77752951    0.0015847030
      6890.37      0.76690076    0.0015771600
      6897.27      0.75496113    0.0015760755
      6904.16      0.74226214    0.0015766318
      6911.07      0.72777173    0.0015774517
      6917.98      0.71546671    0.0015789031
      6924.89      0.70463942    0.0015661011
      6931.82      0.69552804    0.0015870844
      6938.75      0.68583891    0.0015915905
      6945.69      0.67637472    0.0015807261
      6952.64      0.66781847    0.0016036704
      6959.59      0.66003992    0.0015925273
      6966.55      0.65321645    0.0015956629
      6973.52      0.64536459    0.0016173451
      6980.49      0.63964687    0.0016045791
      6987.47      0.63431670    0.0016078468
      6994.46      0.63038269    0.0016153075
      7001.46      0.62565778    0.0016185340
      7008.46      0.62179150    0.0016412276
      7015.46      0.61777861    0.0016296099
      7022.48      0.61419082    0.0016335594
      7029.51      0.61020974    0.0016423474
      7036.53      0.60623431    0.0016470555
      7043.57      0.60176284    0.0016530708
      7050.62      0.59657160    0.0016641037
      7057.66      0.59000304    0.0016705657
      7064.72      0.58291244    0.0016839757
      7071.79      0.57538077    0.0016927337
      7078.86      0.56661162    0.0016908563
      7085.94      0.55803315    0.0017281399
      7093.03      0.55257659    0.0017342043
      7100.12      0.54767194    0.0017812856
      7107.22      0.54313943    0.0018030692
      7114.33      0.53831658    0.0018088123
      7121.44      0.53268642    0.0018498083
      7128.56      0.52897159    0.0018459305
      7135.69      0.52576664    0.0018783196
      7142.83      0.52311311    0.0018674862
      7149.97      0.52191350    0.0018720078
      7157.12      0.52263863    0.0018762085
      7164.28      0.52388387    0.0018791148
      7171.44      0.52479516    0.0018869764
      7178.62      0.52485085    0.0018942678
      7185.80      0.52369305    0.0018853315
      7192.98      0.52166714    0.0019153457
      7200.17      0.51996248    0.0019229612
      7207.38      0.51731414    0.0019300354
      7214.58      0.51606362    0.0019321492
      7221.80      0.51648095    0.0019320287
      7229.02      0.51844899    0.0019324257
      7236.25      0.51893925    0.0019338984
      7243.49      0.51831387    0.0019341301
      7250.73      0.51654670    0.0019122178
      7257.98      0.51593186    0.0019301202
      7265.24      0.51687254    0.0019081799
      7272.51      0.51717828    0.0019272643
      7279.78      0.51883937    0.0019083188
      7287.06      0.52100811    0.0019294002
      7294.35      0.52276748    0.0019127263
      7301.64      0.52552909    0.0019367814
      7308.94      0.52623019    0.0019225649
      7316.25      0.52790354    0.0019310439
      7323.57      0.52813217    0.0019339528
      7330.89      0.52823028    0.0019418956
      7338.22      0.52827807    0.0019451104
      7345.56      0.52825948    0.0019327308
      7352.91      0.52817029    0.0019584068
      7360.26      0.52788018    0.0019469287
      7367.62      0.52674033    0.0019737488
      7374.99      0.52456415    0.0019627195
      7382.37      0.52215725    0.0019899535
      7389.75      0.52166605    0.0019793507
      7397.14      0.52141013    0.0020074331
      7404.53      0.52136249    0.0019971621
      7411.94      0.52084364    0.0020081438
      7419.35      0.52178676    0.0020155196
      7426.77      0.52356150    0.0020268313
      7434.20      0.52461267    0.0020345521
      7441.63      0.52533641    0.0020461859
      7449.07      0.52642214    0.0020561431
      7456.52      0.52859038    0.0020817223
      7463.98      0.52996327    0.0021081837
      7471.45      0.53170129    0.0021409392
      7478.92      0.53369792    0.0021469279
      7486.40      0.53487764    0.0021566368
      7493.88      0.53504119    0.0022108754
      7501.38      0.53235114    0.0022701079
      7508.88      0.52777499    0.0023961032
      7516.39      0.52560956    0.0025230063
      7523.91      0.52531117    0.0026980796
      7531.43      0.52797176    0.0028555514
      7538.96      0.52838134    0.0030669277
      7546.50      0.53210787    0.0031917131
      7554.05      0.54149723    0.0033234161
      7561.60      0.55182176    0.0033541780
      7569.16      0.56163246    0.0033090930
      7576.73      0.56295855    0.0032521725
      7584.31      0.56288114    0.0030546601
      7591.89      0.56565661    0.0028699180
      7599.49      0.56792378    0.0027558498
      7607.09      0.56952748    0.0026320860
      7614.70      0.57065444    0.0025653333
      7622.31      0.57096461    0.0024787670
      7629.93      0.56976734    0.0024266544
      7637.56      0.56725861    0.0024090239
      7645.20      0.56096614    0.0023933633
      7652.85      0.55890066    0.0023576180
      7660.50      0.55995146    0.0023718889
      7668.16      0.56437847    0.0023698895
      7675.83      0.56648432    0.0023491079
      7683.50      0.56963230    0.0023765839
      7691.19      0.57349160    0.0023618792
      7698.88      0.57903258    0.0023930021
      7706.58      0.58200420    0.0023810939
      7714.29      0.58259367    0.0023935492
      7722.00      0.58156077    0.0024272339
      7729.73      0.58237144    0.0024161076
      7737.45      0.58451069    0.0024298318
      7745.19      0.58600460    0.0024644531
      7752.94      0.58731638    0.0024531848
      7760.69      0.58779625    0.0024674029
      7768.45      0.58868446    0.0024772477
      7776.22      0.58988913    0.0024916976
      7784.00      0.59220859    0.0025074146
      7791.78      0.59344951    0.0025182073
      7799.57      0.59521189    0.0025342599
      7807.37      0.59847545    0.0025516069
      7815.18      0.60371512    0.0025421315
      7822.99      0.60740396    0.0025799577
      7830.82      0.61108828    0.0025678992
      7838.65      0.61596494    0.0025835747
      7846.49      0.62221482    0.0026204023
      7854.34      0.62861002    0.0026072953
      7862.19      0.63283138    0.0026224134
      7870.05      0.63702377    0.0026593767
      7877.93      0.64234370    0.0026457284
      7885.80      0.64972102    0.0026611501
      7893.69      0.65446301    0.0026777598
      7901.58      0.65759256    0.0026867724
      7909.49      0.66034404    0.0027030844
      7917.40      0.66570812    0.0027198807
      7925.31      0.67127252    0.0027075742
      7933.24      0.67600820    0.0027449682
      7941.17      0.67825954    0.0027604513
      7949.11      0.68296845    0.0027473193
      7957.06      0.68878344    0.0027842639
      7965.02      0.69512964    0.0028001232
      7972.98      0.69877156    0.0028158479
      7980.96      0.70192436    0.0028025136
      7988.94      0.70648300    0.0028404337
      7996.93      0.71171752    0.0028587299
      8004.93      0.71458494    0.0028501030
      8012.93      0.71468113    0.0028726756
      8020.95      0.71343039    0.0028982177
      8028.97      0.71145215    0.0029171295
      8036.99      0.70925691    0.0029504911
      8045.03      0.70378331    0.0029907265
      8053.08      0.69704683    0.0030360694
      8061.13      0.69149145    0.0030677038
      8069.20      0.68674115    0.0031188456
      8077.26      0.68504913    0.0031726920
      8085.34      0.68530866    0.0032170121
      8093.43      0.68257941    0.0032364550
      8101.52      0.67975273    0.0032586006
      8109.62      0.67990442    0.0032783594
      8117.73      0.68194707    0.0032605184
      8125.85      0.68653224    0.0032743221
      8133.98      0.69189662    0.0033137797
      8142.11      0.69954575    0.0033211241
      8150.25      0.70525299    0.0032944214
      8158.41      0.70990873    0.0033033560
      8166.56      0.71424089    0.0033158142
      8174.73      0.71716297    0.0033273858
      8182.91      0.71825384    0.0033304128
      8191.09      0.72003113    0.0033377230
      8199.28      0.71772737    0.0033436898
      8207.48      0.71649433    0.0033487930
      8215.69      0.71750547    0.0033555512
      8223.91      0.72086795    0.0033617109
      8232.13      0.72626975    0.0033804808
      8240.36      0.72740224    0.0033910981
      8248.60      0.72388014    0.0033889519
      8256.85      0.72455499    0.0033586961
      8265.11      0.72682956    0.0033600884
      8273.37      0.72825731    0.0033629876
      8281.65      0.72988698    0.0033967285
      8289.93      0.73033009    0.0034037104
      8298.22      0.72877258    0.0033789711
      8306.52      0.72686715    0.0033852895
      8314.83      0.72546321    0.0033940276
      8323.14      0.72462640    0.0034054838
      8331.46      0.72099411    0.0034180718
      8339.80      0.71520979    0.0034579249
      8348.13      0.71143963    0.0034389915
      8356.48      0.70860472    0.0034525212
      8364.84      0.70737895    0.0034674644
      8373.21      0.70403053    0.0034830525
      8381.58      0.69985116    0.0034993617
      8389.96      0.69750035    0.0034822228
      8398.35      0.69510758    0.0034993448
      8406.75      0.69204464    0.0035172335
      8415.16      0.68787339    0.0035629780
      8423.57      0.68261336    0.0035811237
      8432.00      0.67723318    0.0035993419
      8440.43      0.67141043    0.0036177752
      8448.87      0.66719794    0.0036003606
      8457.32      0.66341813    0.0036180017
      8465.78      0.66007047    0.0036354858
      8474.25      0.65495093    0.0036528991
      8482.72      0.65078381    0.0036703106
      8491.20      0.64763342    0.0036879477
      8499.69      0.64528122    0.0037059659
      8508.19      0.64312499    0.0036873757
      8516.70      0.64069169    0.0037323866
      8525.22      0.63787430    0.0037498766
      8533.75      0.63651912    0.0037678941
      8542.28      0.63534357    0.0037866635
      8550.82      0.63273943    0.0038058947
      8559.37      0.62744943    0.0038250688
      8567.93      0.62305917    0.0038443890
      8576.50      0.62045057    0.0038638703
      8585.08      0.61647225    0.0038462993
      8593.66      0.61151281    0.0038650270
      8602.26      0.60628214    0.0038836464
      8610.86      0.60268176    0.0039021289
      8619.47      0.59990891    0.0039205151
      8628.09      0.59666203    0.0039388055
      8636.72      0.59296891    0.0039571414
      8645.36      0.59134664    0.0039756922
      8654.00      0.59004380    0.0039945141
      8662.66      0.58789422    0.0040137868
      8671.32      0.58653401    0.0040332859
      8679.99      0.58435631    0.0040144541
      8688.67      0.58426283    0.0040339612
      8697.36      0.58384485    0.0040539044
      8706.06      0.58293513    0.0040738248
      8714.76      0.58233833    0.0040937845
      8723.48      0.58140625    0.0041138032
      8732.21      0.58219110    0.0041338739
      8740.93      0.58157995    0.0041541294
      8749.68      0.57842728    0.0041744979
      8758.43      0.57568451    0.0041951069
      8767.19      0.57528793    0.0042163417
      8775.96      0.57460220    0.0042376895
      8784.73      0.57264780    0.0042600748
      8793.52      0.57034610    0.0042845132
      8802.31      0.56843574    0.0043105366
      8811.11      0.56625394    0.0043374543
      8819.92      0.56303039    0.0043687613
      8828.75      0.55655428    0.0044075723
      8837.57      0.54987852    0.0044509692
      8846.41      0.54380722    0.0045034511
      8855.26      0.53720247    0.0045681094
      8864.12      0.52799918    0.0046430698
      8872.98      0.51746661    0.0047248228
      8881.85      0.50740398    0.0048122550
      8890.73      0.49966692    0.0049004793
      8899.63      0.49430648    0.0049820883
      8908.52      0.49094379    0.0050155620
      8917.43      0.48656795    0.0050577892
      8926.35      0.48477234    0.0050772137
      8935.28      0.48477662    0.0050810395
      8944.22      0.48374918    0.0050758953
      8953.16      0.48265100    0.0050714885
      8962.11      0.48311159    0.0050782409
      8971.08      0.48316186    0.0050948787
      8980.05      0.48116671    0.0051165860
      8989.03      0.47968190    0.0051536316
      8998.02      0.47487941    0.0052026454
      9007.02      0.47065481    0.0052197459
      9016.02      0.46580712    0.0052662420
      9025.04      0.45763311    0.0053071846
      9034.07      0.44636604    0.0053391682
      9043.10      0.43851383    0.0053624690
      9052.14      0.43427546    0.0053825918
      9061.20      0.43491075    0.0053997064
      9070.26      0.43839077    0.0054147976
      9079.33      0.43989849    0.0054250510
      9088.41      0.43835108    0.0054212172
      9097.50      0.44095225    0.0054039865
      9106.60      0.44686789    0.0053879266
      9115.70      0.45284789    0.0053748547
      9124.82      0.45690356    0.0053658713
      9133.94      0.45941292    0.0053700900
      9143.08      0.46112917    0.0053880225
      9152.22      0.46156675    0.0053927065
      9161.37      0.45897410    0.0054455482
      9170.54      0.44983053    0.0055227701
      9179.71      0.43781155    0.0056251777
      9188.89      0.42283906    0.0057677464
      9198.08      0.40556864    0.0060442573
      9207.28      0.38430216    0.0062990403
      9216.48      0.36212227    0.0066191341
      9225.70      0.33842894    0.0069880869
      9234.92      0.32196034    0.0073874867
      9244.16      0.30847671    0.0077941157
      9253.40      0.29318990    0.0081687969
      9262.66      0.28054067    0.0084097109
      9271.92      0.27581078    0.0086900118
      9281.20      0.28276151    0.0087075464
      9290.48      0.28844836    0.0086291917
      9299.77      0.29224706    0.0084817854
      9309.07      0.29651449    0.0082229019
      9318.38      0.30063508    0.0081104725
      9327.69      0.30424346    0.0080546049
      9337.02      0.30656361    0.0081012224
      9346.36      0.30481204    0.0081232668
      9355.71      0.29722090    0.0081998793
      9365.07      0.29264800    0.0082612819
      9374.43      0.28921752    0.0083332597
      9383.80      0.28363546    0.0083803083
      9393.19      0.27414859    0.0083437158
      9402.58      0.27206957    0.0082726538
      9411.98      0.27553137    0.0082315440
      9421.40      0.28070803    0.0081390936
      9430.82      0.28318904    0.0080331962
      9440.25      0.28020904    0.0079405570
      9449.69      0.27676363    0.0078520272
      9459.14      0.27712823    0.0077514432
      9468.60      0.27800506    0.0076560735
      9478.07      0.27831074    0.0075446857
      9487.55      0.27248089    0.0074188576
      9497.04      0.27258333    0.0073490689
      9506.53      0.27669918    0.0071821245
      9516.04      0.27996006    0.0070628211
      9525.56      0.28217142    0.0069351862
      9535.08      0.28743596    0.0068528259
      9544.62      0.29599464    0.0066865286
      9554.16      0.30039466    0.0065541085
      9563.72      0.30415767    0.0064041038
      9573.29      0.30894943    0.0063175705
      9582.85      0.31395196    0.0062008139
      9592.44      0.31749987    0.0060738226
      9602.03      0.31647690    0.0059820604
      9611.63      0.31774511    0.0059427801
      9621.25      0.31982223    0.0058883429
      9630.87      0.32009198    0.0058155174
      9640.50      0.31958613    0.0057765368
      9650.14      0.31761422    0.0057382582
      9659.79      0.31906832    0.0057423142
      9669.45      0.32272972    0.0057205457
      9679.12      0.32614801    0.0056618217
      9688.80      0.32884257    0.0056346394
      9698.49      0.33604392    0.0056048805
      9708.19      0.34652372    0.0055684436
      9717.90      0.35492197    0.0055310282
      9727.62      0.36360408    0.0054880650
      9737.34      0.37851445    0.0054430807
      9747.08      0.39959960    0.0054055064
      9756.83      0.41995588    0.0053700011
      9766.59      0.43637909    0.0053135532
      9776.35      0.45348240    0.0052881968
      9786.13      0.47593145    0.0052913848
      9795.92      0.50283325    0.0052725277
      9805.71      0.52451305    0.0052562657
      9815.52      0.54112066    0.0052412129
      9825.34      0.55943607    0.0052013900
      9835.17      0.58287149    0.0051882212
      9845.00      0.60412821    0.0051778518
      9854.84      0.62039032    0.0051704971
      9864.70      0.63535524    0.0051655573
      9874.56      0.65235889    0.0051537734
      9884.44      0.66989935    0.0051469819
      9894.32      0.68464408    0.0051421269
      9904.22      0.69754685    0.0051394401
      9914.13      0.71351247    0.0051368672
      9924.04      0.73870019    0.0051346577
      9933.96      0.75057921    0.0051866471
      9943.90      0.76163187    0.0052792421
      9953.84      0.77244248    0.0053770149
      9963.79      0.78202053    0.0055089144
      9973.76      0.78898390    0.0056418714
      9983.74      0.79408292    0.0058389140
      9993.72      0.79905047    0.0060534985
