# starting wavelength =        3678.2800
# ending wavelength =        7455.9400
# O2 telluric scale =        0
# O2 telluric shift =        0
# H2O telluric scale =        0
# H2O telluric shift =        0
      3681.83      0.79630880     0.037455900
      3685.51      0.79675450     0.030834981
      3689.20      0.80046770     0.026656545
      3692.88      0.79867794     0.023364930
      3696.58      0.79886207     0.020778014
      3700.27      0.80071758     0.019147543
      3703.98      0.80378557     0.017509098
      3707.68      0.80220656     0.016242152
      3711.39      0.80303627     0.015095854
      3715.10      0.80871387     0.014368396
      3718.81      0.81556349     0.013799081
      3722.53      0.82813467     0.013367649
      3726.26      0.83815599     0.012978550
      3729.98      0.83784368     0.012661526
      3733.71      0.84457676     0.012317934
      3737.45      0.84611010     0.012101986
      3741.18      0.84992960     0.011918404
      3744.93      0.84913248     0.011761252
      3748.67      0.84491636     0.011659402
      3752.42      0.84395040     0.011686390
      3756.17      0.84224889     0.011713301
      3759.93      0.84311915     0.011612033
      3763.69      0.84283018     0.011638543
      3767.45      0.84741435     0.011667446
      3771.22      0.85593068     0.011623295
      3774.99      0.86027356     0.011593370
      3778.77      0.86167220     0.011620671
      3782.54      0.87047765     0.011578013
      3786.33      0.87934374     0.011607078
      3790.11      0.87426603     0.011578036
      3793.90      0.87305196     0.011533125
      3797.70      0.86645916     0.011562657
      3801.50      0.86846111     0.011594229
      3805.30      0.87209734     0.011488815
      3809.10      0.86891887     0.011520793
      3812.91      0.87215045     0.011476875
      3816.73      0.88063614     0.011508464
      3820.54      0.87551649     0.011540598
      3824.36      0.88385342     0.011434519
      3828.19      0.88606409     0.011467315
      3832.02      0.88863669     0.011499395
      3835.85      0.89291201     0.011457772
      3839.68      0.89986124     0.011491029
      3843.52      0.90488083     0.011462517
      3847.37      0.91139253     0.011418072
      3851.22      0.91152973     0.011451766
      3855.07      0.90890041     0.011410535
      3858.92      0.91239454     0.011445138
      3862.78      0.91193011     0.011481699
      3866.64      0.90709342     0.011372483
      3870.51      0.90462469     0.011407985
      3874.38      0.91156228     0.011447012
      3878.26      0.90941212     0.011403431
      3882.13      0.91121377     0.011441404
      3886.02      0.90925129     0.011401001
      3889.90      0.91376929     0.011368057
      3893.79      0.91618444     0.011409556
      3897.69      0.91736741     0.011365790
      3901.59      0.91786009     0.011405247
      3905.49      0.91315939     0.011364668
      3909.39      0.91843251     0.011404888
      3913.30      0.92495714     0.011446920
      3917.22      0.92404866     0.011332775
      3921.13      0.92469359     0.011373501
      3925.06      0.93288230     0.011332345
      3928.98      0.93653725     0.011376048
      3932.91      0.93618179     0.011419315
      3936.84      0.94103771     0.011378400
      3940.78      0.94023520     0.011424172
      3944.72      0.93867548     0.011381945
      3948.67      0.93768556     0.011429307
      3952.61      0.93684558     0.011477479
      3956.57      0.94238973     0.011355233
      3960.52      0.94224707     0.011406047
      3964.48      0.94400695     0.011362492
      3968.45      0.94488097     0.011410631
      3972.42      0.94485295     0.011369994
      3976.39      0.95231821     0.011420894
      3980.37      0.95102617     0.011471924
      3984.35      0.94956278     0.011431247
      3988.33      0.95149660     0.011485478
      3992.32      0.96441814     0.011442960
      3996.31      0.96785493     0.011498116
      4000.31      0.96817776     0.011458493
      4004.31      0.97394249     0.011513131
      4008.31      0.97154658     0.011571380
      4012.32      0.97592680     0.011531436
      4016.33      0.98527448     0.011497385
      4020.35      0.99026717     0.011455514
      4024.37      0.98537157     0.011519418
      4028.40      0.97544042     0.011475211
      4032.42      0.97277535     0.011535030
      4036.46      0.97036279     0.011493954
      4040.50      0.97003530     0.011559964
      4044.54      0.97468340     0.011516800
      4048.58      0.97170211     0.011580950
      4052.63      0.96447873     0.011653963
      4056.68      0.96409692     0.011609247
      4060.74      0.96464929     0.011566083
      4064.80      0.97189601     0.011524659
      4068.86      0.97957989     0.011495676
      4072.93      0.98988835     0.011452073
      4077.01      0.99929298     0.011410242
      4081.08      0.99820508     0.011369723
      4085.17       1.0046805     0.011340980
      4089.25       1.0141955     0.011298007
      4093.34       1.0228151     0.011256544
      4097.43       1.0236608     0.011118830
      4101.53       1.0174723     0.011080272
      4105.63       1.0172525     0.011146384
      4109.74       1.0262337     0.011105675
      4113.85       1.0347449     0.010969784
      4117.96       1.0377470     0.010931461
      4122.08       1.0361888     0.010894112
      4126.20       1.0311673     0.010957110
      4130.33       1.0339401     0.010822532
      4134.46       1.0313358     0.010784334
      4138.59       1.0340575     0.010747168
      4142.73       1.0256634     0.010711113
      4146.88       1.0235257     0.010678612
      4151.02       1.0175381     0.010640403
      4155.18       1.0145378     0.010602994
      4159.33       1.0073026     0.010566592
      4163.49       1.0017491     0.010531032
      4167.65       1.0004809     0.010403307
      4171.82      0.99055476     0.010461467
      4175.99      0.98837713     0.010425019
      4180.17      0.98525180     0.010389214
      4184.35      0.99568817     0.010266918
      4188.54      0.99806476     0.010229537
      4192.72       1.0034072     0.010192983
      4196.92       1.0053069     0.010250505
      4201.11       1.0080231     0.010215020
      4205.31       1.0096885     0.010096713
      4209.52       1.0184407     0.010060080
      4213.73       1.0199288     0.010023974
      4217.94       1.0209802    0.0099883777
      4222.16       1.0191102    0.0099532570
      4226.38       1.0250500    0.0099188273
      4230.61       1.0330002    0.0098949628
      4234.84       1.0296553    0.0098593400
      4239.08       1.0260138    0.0098241575
      4243.32       1.0266308    0.0097894037
      4247.56       1.0340713    0.0097550510
      4251.81       1.0406091    0.0097211108
      4256.06       1.0490707    0.0096062708
      4260.32       1.0452980    0.0095735410
      4264.58       1.0551797    0.0095412363
      4268.84       1.0509482    0.0095959976
      4273.11       1.0563038    0.0095623411
      4277.38       1.0650659    0.0095290167
      4281.66       1.0693497    0.0094163772
      4285.94       1.0757172    0.0093839380
      4290.23       1.0865443    0.0093517578
      4294.52       1.1009630    0.0093200790
      4298.81       1.1074456    0.0092889084
      4303.11       1.1264994    0.0092579189
      4307.42       1.1386121    0.0092271059
      4311.72       1.1508826    0.0091964892
      4316.04       1.1594307    0.0090885226
      4320.35       1.1706496    0.0090573871
      4324.67       1.1865182    0.0091065843
      4329.00       1.2022024    0.0090757359
      4333.33       1.2152169    0.0090452868
      4337.66       1.2189690    0.0090149782
      4342.00       1.2243751    0.0089848228
      4346.34       1.2410903    0.0089548034
      4350.69       1.2391455    0.0089249103
      4355.04       1.2524929    0.0088241619
      4359.39       1.2681978    0.0087941780
      4363.75       1.2739403    0.0087645963
      4368.12       1.2933781    0.0087351404
      4372.48       1.3053983    0.0087058226
      4376.86       1.3229901    0.0086766387
      4381.23       1.3267353    0.0086475847
      4385.61       1.3401974    0.0086188094
      4390.00       1.3481085    0.0085902307
      4394.39       1.3532745    0.0085618414
      4398.79       1.3529803    0.0085337287
      4403.18       1.3492629    0.0085057101
      4407.59       1.3529109    0.0084777840
      4412.00       1.3540141    0.0083813366
      4416.41       1.3545323    0.0083538245
      4420.82       1.3476854    0.0083265807
      4425.25       1.3488583    0.0082996119
      4429.67       1.3512259    0.0082727211
      4434.10       1.3543664    0.0082459242
      4438.54       1.3640992    0.0082192659
      4442.97       1.3711259    0.0081926703
      4447.42       1.3769692    0.0081661631
      4451.86       1.3858447    0.0081399079
      4456.32       1.3858872    0.0081139448
      4460.77       1.3921801    0.0080880542
      4465.24       1.3959764    0.0080622522
      4469.70       1.3968336    0.0080365537
      4474.17       1.3999955    0.0080109465
      4478.65       1.3898122    0.0079854327
      4483.12       1.3817492    0.0079600025
      4487.61       1.3720468    0.0079348661
      4492.09       1.3645306    0.0079099578
      4496.59       1.3446332    0.0078182853
      4501.08       1.3339088    0.0077937875
      4505.58       1.3237412    0.0077693832
      4510.09       1.3167230    0.0077450810
      4514.60       1.3056474    0.0077210446
      4519.12       1.2980754    0.0076971811
      4523.63       1.2872617    0.0076735769
      4528.16       1.2809738    0.0076500841
      4532.69       1.2740953    0.0076267217
      4537.22       1.2648693    0.0076034875
      4541.76       1.2603406    0.0075803895
      4546.30       1.2568629    0.0075575632
      4550.85       1.2544758    0.0075349412
      4555.40       1.2489953    0.0074473395
      4559.95       1.2465098    0.0074246283
      4564.51       1.2419523    0.0074020586
      4569.08       1.2370106    0.0073796216
      4573.65       1.2261502    0.0073573418
      4578.22       1.2167419    0.0073352160
      4582.80       1.2048703    0.0073134055
      4587.38       1.2033264    0.0073498730
      4591.97       1.1986791    0.0073283992
      4596.56       1.1843504    0.0072462124
      4601.16       1.1777705    0.0072243033
      4605.76       1.1720837    0.0072025720
      4610.37       1.1679296    0.0071810303
      4614.98       1.1650286    0.0071598369
      4619.59       1.1607680    0.0071389930
      4624.21       1.1585204    0.0071183550
      4628.84       1.1583824    0.0070398037
      4633.47       1.1616857    0.0070197937
      4638.10       1.1615525    0.0070000238
      4642.74       1.1578177    0.0069804992
      4647.38       1.1617931    0.0070134146
      4652.03       1.1739000    0.0069932162
      4656.68       1.1771776    0.0069162379
      4661.34       1.1777611    0.0068967727
      4666.00       1.1831546    0.0068775938
      4670.67       1.1818479    0.0068587103
      4675.33       1.1814995    0.0068401243
      4680.01       1.1753927    0.0068220696
      4684.69       1.1693499    0.0067457713
      4689.38       1.1634994    0.0067789586
      4694.07       1.1554955    0.0067604765
      4698.76       1.1520295    0.0067423374
      4703.46       1.1396990    0.0067245495
      4708.16       1.1272005    0.0066510279
      4712.87       1.1210307    0.0066327836
      4717.58       1.1140238    0.0066148768
      4722.30       1.1071725    0.0066482699
      4727.03       1.0944138    0.0066309859
      4731.75       1.0906046    0.0065596725
      4736.48       1.0923787    0.0065417085
      4741.22       1.0945206    0.0065242530
      4745.96       1.0928557    0.0065072516
      4750.71       1.0876617    0.0064890978
      4755.46       1.0894959    0.0064713223
      4760.22       1.0876482    0.0064539852
      4764.97       1.0873329    0.0064370917
      4769.74       1.0871253    0.0063698850
      4774.51       1.0884593    0.0063542448
      4779.29       1.0869335    0.0063857257
      4784.07       1.0881975    0.0063691076
      4788.85       1.0871916    0.0063028431
      4793.64       1.0816814    0.0062873683
      4798.43       1.0818143    0.0062724074
      4803.23       1.0848486    0.0063029459
      4808.03       1.0865984    0.0062377099
      4812.84       1.0815633    0.0062226972
      4817.66       1.0768486    0.0062082399
      4822.48       1.0760392    0.0061943859
      4827.30       1.0710326    0.0061748253
      4832.12       1.0642678    0.0061601978
      4836.96       1.0597756    0.0061462506
      4841.79       1.0535224    0.0060826930
      4846.63       1.0532699    0.0061138078
      4851.48       1.0499473    0.0060997599
      4856.33       1.0499467    0.0060381196
      4861.19       1.0496049    0.0060234572
      4866.05       1.0503542    0.0060546431
      4870.92       1.0476961    0.0060413403
      4875.79       1.0502831    0.0059801205
      4880.66       1.0484070    0.0059661998
      4885.55       1.0518713    0.0059978237
      4890.43       1.0561015    0.0059378939
      4895.32       1.0589408    0.0059239896
      4900.22       1.0632383    0.0059108904
      4905.12       1.0685811    0.0058968256
      4910.02       1.0753196    0.0058830531
      4914.94       1.0794838    0.0058700819
      4919.85       1.0825253    0.0058133082
      4924.77       1.0877324    0.0058430909
      4929.70       1.0971817    0.0058302166
      4934.62       1.1082620    0.0057740922
      4939.56       1.1171400    0.0058042379
      4944.50       1.1250884    0.0057477884
      4949.44       1.1340372    0.0057362529
      4954.39       1.1409325    0.0057255564
      4959.35       1.1455285    0.0057104822
      4964.31       1.1503180    0.0056992215
      4969.27       1.1571653    0.0056890311
      4974.24       1.1591321    0.0056743419
      4979.22       1.1637622    0.0056635969
      4984.20       1.1660255    0.0056091928
      4989.18       1.1713562    0.0056391247
      4994.17       1.1790864    0.0056288105
      4999.16       1.1904824    0.0055747180
      5004.16       1.1939512    0.0056050491
      5009.17       1.1961374    0.0055524046
      5014.18       1.2044108    0.0055413987
      5019.19       1.2152688    0.0055721260
      5024.21       1.2219459    0.0055194342
      5029.23       1.2307854    0.0055091173
      5034.26       1.2405189    0.0054983188
      5039.30       1.2507514    0.0054876474
      5044.34       1.2557387    0.0054779859
      5049.39       1.2665653    0.0054669583
      5054.43       1.2746045    0.0054570389
      5059.49       1.2838906    0.0054469195
      5064.55       1.2912524    0.0054366729
      5069.61       1.3039398    0.0053879064
      5074.68       1.3123243    0.0054169786
      5079.76       1.3208419    0.0053680789
      5084.84       1.3339907    0.0053978067
      5089.92       1.3473642    0.0053489122
      5095.01       1.3583189    0.0053407092
      5100.11       1.3645804    0.0053303061
      5105.21       1.3722900    0.0053220028
      5110.31       1.3832953    0.0053513790
      5115.42       1.3965166    0.0053038494
      5120.54       1.4028898    0.0052966754
      5125.66       1.4142450    0.0052861285
      5130.79       1.4233430    0.0052789500
      5135.92       1.4319276    0.0052689710
      5141.05       1.4400200    0.0052617255
      5146.20       1.4462352    0.0052522201
      5151.34       1.4503237    0.0052449385
      5156.49       1.4541129    0.0051983904
      5161.65       1.4585432    0.0052286917
      5166.81       1.4672056    0.0051826818
      5171.98       1.4673315    0.0052129561
      5177.15       1.4700429    0.0051672703
      5182.33       1.4743663    0.0051605195
      5187.51       1.4774218    0.0051522072
      5192.70       1.4767271    0.0051457474
      5197.89       1.4804012    0.0051375956
      5203.09       1.4883164    0.0050947017
      5208.29       1.4953797    0.0051233674
      5213.50       1.5069216    0.0050807485
      5218.72       1.5114790    0.0051095095
      5223.93       1.5203461    0.0050672967
      5229.16       1.5278584    0.0050959707
      5234.39       1.5374643    0.0050541938
      5239.62       1.5443341    0.0050470412
      5244.86       1.5472303    0.0050415291
      5250.11       1.5533701    0.0050344546
      5255.36       1.5561533    0.0050293335
      5260.61       1.5650041    0.0050222068
      5265.87       1.5649135    0.0050174793
      5271.14       1.5687195    0.0050104295
      5276.41       1.5696300    0.0049694865
      5281.69       1.5692302    0.0049990520
      5286.97       1.5674760    0.0049581000
      5292.26       1.5664524    0.0049881107
      5297.55       1.5694168    0.0049820127
      5302.85       1.5723525    0.0049420876
      5308.15       1.5723829    0.0049714347
      5313.46       1.5715804    0.0049314417
      5318.77       1.5696628    0.0049613071
      5324.09       1.5702488    0.0049212587
      5329.42       1.5696334    0.0049169231
      5334.75       1.5656147    0.0049115074
      5340.08       1.5610050    0.0049069729
      5345.42       1.5543874    0.0048688785
      5350.77       1.5518932    0.0048975608
      5356.12       1.5460858    0.0048937124
      5361.48       1.5409379    0.0048886638
      5366.83       1.5353038    0.0048844840
      5372.20       1.5361717    0.0048470618
      5377.58       1.5298687    0.0048758011
      5382.95       1.5245537    0.0048722224
      5388.34       1.5217320    0.0048347816
      5393.72       1.5121062    0.0048639775
      5399.12       1.5018850    0.0048275045
      5404.52       1.4937199    0.0048232830
      5409.92       1.4782374    0.0048527951
      5415.33       1.4712379    0.0048164126
      5420.75       1.4593924    0.0048125794
      5426.17       1.4508330    0.0047763745
      5431.60       1.4429081    0.0048060764
      5437.03       1.4306910    0.0048025428
      5442.47       1.4200556    0.0047667135
      5447.91       1.4089707    0.0047965210
      5453.36       1.4040573    0.0047932595
      5458.81       1.3952125    0.0047576096
      5464.27       1.3889904    0.0047555332
      5469.73       1.3892552    0.0047516925
      5475.20       1.3918125    0.0047492191
      5480.68       1.3888707    0.0047472662
      5486.16       1.3813692    0.0047437593
      5491.65       1.3769397    0.0047413641
      5497.14       1.3639145    0.0047394867
      5502.64       1.3557638    0.0047053719
      5508.14       1.3514902    0.0047341900
      5513.65       1.3427612    0.0047323296
      5519.16       1.3339301    0.0046988794
      5524.68       1.3195218    0.0046966240
      5530.20       1.3076612    0.0047258472
      5535.73       1.2938257    0.0047243934
      5541.27       1.2769315    0.0046909603
      5546.81       1.2583178    0.0046890472
      5552.36       1.2431234    0.0047185264
      5557.91       1.2242770    0.0046859933
      5563.47       1.2081048    0.0046841239
      5569.04       1.1959861    0.0046825738
      5574.60       1.1832392    0.0046498249
      5580.18       1.1727765    0.0046799576
      5585.76       1.1607014    0.0046783259
      5591.35       1.1516780    0.0046770385
      5596.94       1.1476401    0.0046444719
      5602.53       1.1400328    0.0046437547
      5608.14       1.1403366    0.0046736274
      5613.75       1.1403713    0.0046724379
      5619.36       1.1373296    0.0046400391
      5624.98       1.1300525    0.0046394280
      5630.60       1.1278404    0.0046390664
      5636.23       1.1265777    0.0046389355
      5641.87       1.1237888    0.0046366234
      5647.51       1.1225695    0.0046359983
      5653.16       1.1211626    0.0046356583
      5658.82       1.1212160    0.0046354928
      5664.47       1.1142734    0.0046047253
      5670.14       1.1111396    0.0046042105
      5675.81       1.1054457    0.0046038298
      5681.48       1.1016253    0.0046330846
      5687.17       1.1000785    0.0046330851
      5692.85       1.0974734    0.0046029642
      5698.55       1.0943808    0.0046026644
      5704.25       1.0906413    0.0046024741
      5709.95       1.0879714    0.0046023787
      5715.66       1.0852605    0.0046024747
      5721.38       1.0791675    0.0045723242
      5727.10       1.0744284    0.0046025395
      5732.83       1.0711593    0.0046024447
      5738.56       1.0716136    0.0046024273
      5744.30       1.0694451    0.0046025944
      5750.04       1.0635982    0.0046029400
      5755.79       1.0580470    0.0045732267
      5761.55       1.0530862    0.0045743620
      5767.31       1.0487880    0.0045754720
      5773.08       1.0397069    0.0045764093
      5778.85       1.0302122    0.0045777123
      5784.63       1.0206746    0.0045797873
      5790.41       1.0098528    0.0045833096
      5796.21      0.99648222    0.0045570820
      5802.00      0.98222364    0.0045896268
      5807.81      0.97005038    0.0045945356
      5813.61      0.95511658    0.0046001334
      5819.43      0.94248550    0.0046061722
      5825.25      0.93110995    0.0046111198
      5831.07      0.92661934    0.0046143756
      5836.90      0.92033333    0.0046166761
      5842.74      0.91302674    0.0045889212
      5848.58      0.90700908    0.0045898223
      5854.43      0.90248177    0.0045899916
      5860.29      0.89589127    0.0045898095
      5866.15      0.89105088    0.0045897941
      5872.01      0.88968675    0.0045900860
      5877.89      0.88834883    0.0045902395
      5883.76      0.88395435    0.0045897994
      5889.65      0.87816670    0.0045887969
      5895.54      0.87442654    0.0045873845
      5901.43      0.86943998    0.0045860671
      5907.34      0.86656573    0.0045846445
      5913.24      0.86295894    0.0045825451
      5919.16      0.85887562    0.0045511209
      5925.08      0.85266358    0.0045496779
      5931.00      0.85052496    0.0045491686
      5936.93      0.84940217    0.0045483830
      5942.87      0.85056917    0.0045471708
      5948.81      0.84564490    0.0045465860
      5954.76      0.83680351    0.0045193047
      5960.72      0.83472473    0.0045197917
      5966.68      0.82997621    0.0045203950
      5972.64      0.82146909    0.0045212661
      5978.62      0.81420266    0.0045224256
      5984.60      0.80991954    0.0045236659
      5990.58      0.80602588    0.0045248481
      5996.57      0.80018139    0.0045260813
      6002.57      0.79904050    0.0045273837
      6008.57      0.79860307    0.0045287390
      6014.58      0.79296355    0.0045301963
      6020.60      0.79194574    0.0045316807
      6026.62      0.78973083    0.0045331320
      6032.65      0.78915625    0.0045067621
      6038.68      0.79371091    0.0045080397
      6044.72      0.79594687    0.0045093817
      6050.76      0.79898057    0.0045106551
      6056.81      0.80558394    0.0045119534
      6062.87      0.80790523    0.0045132676
      6068.93      0.80884238    0.0045145781
      6075.00      0.81256130    0.0045159830
      6081.08      0.81687792    0.0045194958
      6087.16      0.82234005    0.0045205405
      6093.25      0.82549657    0.0045216212
      6099.34      0.83155417    0.0045227261
      6105.44      0.83963657    0.0045239277
      6111.54      0.84528035    0.0045251306
      6117.66      0.85146248    0.0045263732
      6123.78      0.85569991    0.0045011193
      6129.90      0.85954367    0.0045024469
      6136.03      0.87048121    0.0045041651
      6142.17      0.88288597    0.0045071922
      6148.31      0.89472265    0.0045112383
      6154.46      0.90870196    0.0045133434
      6160.61      0.91714825    0.0045142792
      6166.77      0.92625283    0.0045178433
      6172.94      0.93651121    0.0045239526
      6179.11      0.94921166    0.0045324511
      6185.29      0.96064080    0.0045430034
      6191.48      0.97077795    0.0045290851
      6197.67      0.98259014    0.0045403279
      6203.87      0.99282047    0.0045507388
      6210.07      0.99659328    0.0045885360
      6216.28       1.0037527    0.0045673257
      6222.50       1.0088787    0.0045686356
      6228.72       1.0099163    0.0045667372
      6234.95       1.0083451    0.0045620225
      6241.19       1.0104407    0.0045284732
      6247.42       1.0126568    0.0045467457
      6253.67       1.0164233    0.0045394788
      6259.93       1.0169188    0.0045349178
      6266.19       1.0152314    0.0045059129
      6272.46       1.0152463    0.0045022156
      6278.73       1.0167156    0.0044982473
      6285.01       1.0160122    0.0045217363
      6291.29       1.0191950    0.0044930554
      6297.58       1.0210489    0.0044911911
      6303.88       1.0220759    0.0044899090
      6310.19       1.0269199    0.0044621863
      6316.50       1.0280632    0.0044876542
      6322.81       1.0302568    0.0044870224
      6329.14       1.0293989    0.0044870360
      6335.47       1.0298942    0.0044608297
      6341.80       1.0288276    0.0044878450
      6348.14       1.0271762    0.0044882635
      6354.49       1.0257070    0.0044628355
      6360.85       1.0223851    0.0044636589
      6367.21       1.0162303    0.0044924835
      6373.57       1.0152504    0.0044706527
      6379.95       1.0125599    0.0044742976
      6386.33       1.0093457    0.0044776958
      6392.72       1.0072639    0.0044824655
      6399.11       1.0048889    0.0044844083
      6405.51       1.0007382    0.0044863242
      6411.92      0.99606592    0.0044626293
      6418.32      0.99278250    0.0044889509
      6424.74      0.99312955    0.0044623405
      6431.17      0.99372058    0.0044607496
      6437.60      0.99063255    0.0044842840
      6444.04      0.98944378    0.0044564573
      6450.48      0.98696935    0.0044547708
      6456.94      0.98361692    0.0044539349
      6463.39      0.98013752    0.0044526276
      6469.85      0.97373434    0.0044513047
      6476.33      0.96972736    0.0044235206
      6482.80      0.96148870    0.0044463194
      6489.28      0.95640787    0.0044181429
      6495.77      0.95597842    0.0044151726
      6502.27      0.94748254    0.0044387011
      6508.77      0.94142100    0.0044102210
      6515.28      0.93742206    0.0044064410
      6521.80      0.93159474    0.0044039388
      6528.32      0.92535060    0.0044010573
      6534.85      0.91922359    0.0043745926
      6541.38      0.91761507    0.0043975578
      6547.92      0.91459428    0.0043954769
      6554.47      0.90875974    0.0043944790
      6561.03      0.90164868    0.0043922200
      6567.59      0.89223741    0.0043659648
      6574.16      0.88210781    0.0043885795
      6580.73      0.87283919    0.0043620049
      6587.31      0.86184246    0.0043604148
      6593.90      0.85200962    0.0043580463
      6600.50      0.84085471    0.0043561455
      6607.10      0.83240775    0.0043536774
      6613.70      0.82306119    0.0043514616
      6620.32      0.81438906    0.0043244675
      6626.94      0.80159491    0.0043465139
      6633.57      0.79601203    0.0043194258
      6640.20      0.79190881    0.0043411252
      6646.84      0.78382926    0.0043139559
      6653.49      0.77408988    0.0043353715
      6660.14      0.76902298    0.0043080803
      6666.80      0.76044576    0.0043049060
      6673.47      0.75452899    0.0043017845
      6680.14      0.74561662    0.0042983832
      6686.82      0.73773465    0.0042950062
      6693.51      0.72723123    0.0042678611
      6700.20      0.72006374    0.0042877605
      6706.90      0.71044649    0.0042605026
      6713.61      0.69951808    0.0042810036
      6720.32      0.69058681    0.0042623465
      6727.05      0.67794683    0.0042956631
      6733.77      0.66924295    0.0042771208
      6740.51      0.65706670    0.0042661163
      6747.25      0.64767799    0.0042690211
      6754.00      0.63980485    0.0042920077
      6760.75      0.63418582    0.0043231327
      6767.51      0.63183481    0.0043764645
      6774.28      0.62704466    0.0044139716
      6781.05      0.62246421    0.0044985132
      6787.84      0.62322268    0.0045349168
      6794.62      0.62138740    0.0046100922
      6801.42      0.62291160    0.0046145633
      6808.22      0.62290540    0.0046234934
      6815.03      0.62036831    0.0046088957
      6821.85      0.61824080    0.0045678371
      6828.67      0.61822259    0.0045087256
      6835.50      0.61175960    0.0044542648
      6842.33      0.60757071    0.0043911430
      6849.17      0.60444255    0.0043246887
      6856.02      0.59716575    0.0043188631
      6862.88      0.59239084    0.0042624735
      6869.74      0.58388781    0.0042206297
      6876.61      0.57381328    0.0042166309
      6883.49      0.56606091    0.0041729967
      6890.37      0.55839144    0.0041510337
      6897.27      0.55140119    0.0041354528
      6904.16      0.54302485    0.0041190861
      6911.07      0.53469932    0.0041063293
      6917.98      0.52614171    0.0040976084
      6924.89      0.51692120    0.0040877266
      6931.82      0.50923270    0.0040566576
      6938.75      0.50295886    0.0040454112
      6945.69      0.49750933    0.0040550560
      6952.64      0.49579625    0.0040195633
      6959.59      0.49408090    0.0040044323
      6966.55      0.49327056    0.0039904889
      6973.52      0.49650474    0.0039784466
      6980.49      0.50233996    0.0039648020
      6987.47      0.50461827    0.0039509987
      6994.46      0.50555398    0.0039173983
      7001.46      0.50353826    0.0039259092
      7008.46      0.50233935    0.0039136799
      7015.46      0.50318780    0.0038839832
      7022.48      0.50055623    0.0038765001
      7029.51      0.49761568    0.0038894604
      7036.53      0.49545953    0.0038641923
      7043.57      0.48903884    0.0038584942
      7050.62      0.48246966    0.0038569632
      7057.66      0.47710135    0.0038415933
      7064.72      0.47301958    0.0038724166
      7071.79      0.46949878    0.0038962454
      7078.86      0.46451514    0.0039067339
      7085.94      0.45935684    0.0038987740
      7093.03      0.45387239    0.0038796105
      7100.12      0.44700058    0.0038686823
      7107.22      0.44505105    0.0038313030
      7114.33      0.43799380    0.0037895567
      7121.44      0.43199571    0.0037450509
      7128.56      0.42580298    0.0036948409
      7135.69      0.41852228    0.0036434139
      7142.83      0.41013182    0.0035913751
      7149.97      0.40149246    0.0035391962
      7157.12      0.39383585    0.0035043072
      7164.28      0.38731316    0.0034560016
      7171.44      0.37556074    0.0033978153
      7178.62      0.37052423    0.0033544325
      7185.80      0.36282592    0.0033099634
      7192.98      0.35407794    0.0032787074
      7200.17      0.34705894    0.0032278777
      7207.38      0.34304842    0.0031742185
      7214.58      0.33866157    0.0031190424
      7221.80      0.33008282    0.0030552780
      7229.02      0.32515654    0.0030009564
      7236.25      0.31964018    0.0029495252
      7243.49      0.31205413    0.0029140133
      7250.73      0.30428608    0.0028678997
      7257.98      0.29695729    0.0028229543
      7265.24      0.29073055    0.0027785128
      7272.51      0.28222993    0.0027351705
      7279.78      0.27779387    0.0026868600
      7287.06      0.27495755    0.0026468117
      7294.35      0.26930480    0.0026083526
      7301.64      0.26442970    0.0025712698
      7308.94      0.25863485    0.0025351054
      7316.25      0.25411096    0.0024996767
      7323.57      0.24830253    0.0024653285
      7330.89      0.24519814    0.0024317931
      7338.22      0.24135570    0.0024363438
      7345.56      0.23874484    0.0024585188
      7352.91      0.23690039    0.0024928900
      7360.26      0.23579355    0.0025355624
      7367.62      0.23550150    0.0025892754
      7374.99      0.23591430    0.0026584117
      7382.37      0.23561437    0.0027482941
      7389.75      0.23687615    0.0028663180
      7397.14      0.24103079    0.0030229843
      7404.53      0.24429734    0.0032303966
      7411.94      0.24857484    0.0035044443
      7419.35      0.25361531    0.0038645350
      7426.77      0.26054214    0.0043314293
      7434.20      0.26740689    0.0050055771
      7441.63      0.27424394    0.0057823625
      7449.07      0.28278720    0.0067589721
