# starting wavelength =        3241.1700
# ending wavelength =        10378.100
# O2 telluric scale =        0
# O2 telluric shift =        0
# H2O telluric scale =        0
# H2O telluric shift =        0
      3242.90      0.91601936      0.49632157
      3246.14       1.0744434      0.40394215
      3249.39       1.1526438      0.34636458
      3252.64       1.1864946      0.30223536
      3255.89       1.1900392      0.27766748
      3259.14       1.1417975      0.24894759
      3262.40       1.0605034      0.22027487
      3265.67      0.98929314      0.20423961
      3268.93      0.86034265      0.19157976
      3272.20      0.83583639      0.18438557
      3275.47      0.85081271      0.17570795
      3278.75      0.86158304      0.16771350
      3282.03      0.75429824      0.16225858
      3285.31      0.68686096      0.15757909
      3288.60      0.65868588      0.15500408
      3291.88      0.72390806      0.15130081
      3295.18      0.74397520      0.14881919
      3298.47      0.77163546      0.14595445
      3301.77      0.76315729      0.14333919
      3305.07      0.69888534      0.14315693
      3308.38      0.76778287      0.14288139
      3311.69      0.73924927      0.14273800
      3315.00      0.97373715      0.14244022
      3318.31      0.96541174      0.14216591
      3321.63      0.92231739      0.14202182
      3324.95      0.76623109      0.14172707
      3328.28      0.71990845      0.14262578
      3331.61      0.75690758      0.14237315
      3334.94      0.76732422      0.14101543
      3338.27      0.74876310      0.14190846
      3341.61      0.80675990      0.14165492
      3344.95      0.93357727      0.14030526
      3348.30      0.81483190      0.14119326
      3351.65      0.83871977      0.14093724
      3355.00      0.87935332      0.14187065
      3358.35      0.88727843      0.14047867
      3361.71      0.95145896      0.14022165
      3365.07      0.89167597      0.14115503
      3368.44      0.81792971      0.14087343
      3371.81      0.82489927      0.13950624
      3375.18      0.77503347      0.14044212
      3378.56      0.53352091      0.14015683
      3381.94      0.37830014      0.13879138
      3385.32      0.31968390      0.13973209
      3388.70      0.34394512      0.13944352
      3392.09      0.34123548      0.13917299
      3395.48      0.31511499      0.13902731
      3398.88      0.26289979      0.13873341
      3402.28      0.13484867      0.13964177
      3405.68      0.10874393      0.13938201
      3409.09      0.19215793      0.13802897
      3412.49      0.27476010      0.13892477
      3415.91      0.22543794      0.13865762
      3419.32      0.16658891      0.13840937
      3422.74      0.20331435      0.13934773
      3426.17      0.19832937      0.13793828
      3429.59      0.20761192      0.13768056
      3433.02      0.22848016      0.13863641
      3436.45      0.25157266      0.13835201
      3439.89      0.21285129      0.13695897
      3443.33      0.13185762      0.13793275
      3446.78      0.23838020      0.13764025
      3450.22      0.26979127      0.13736356
      3453.67      0.32365510      0.13831256
      3457.13      0.38661702      0.13693625
      3460.58      0.42723873      0.13664889
      3464.04      0.48658015      0.13757990
      3467.51      0.53307901      0.13732343
      3470.98      0.59473286      0.13594630
      3474.45      0.47447917      0.13566376
      3477.92      0.40958351      0.13659020
      3481.40      0.48083216      0.13633676
      3484.88      0.42862645      0.13609512
      3488.37      0.41003019      0.13587077
      3491.86      0.30384778      0.13560414
      3495.35      0.21906934      0.13534874
      3498.84      0.32509476      0.13631598
      3502.34      0.40131956      0.13603361
      3505.84      0.50147007      0.13461823
      3509.35      0.54178545      0.13562240
      3512.86      0.66039617      0.13532533
      3516.37      0.81399427      0.13504317
      3519.89      0.87616808      0.13477361
      3523.41      0.85404527      0.13574218
      3526.93      0.85241103      0.13434114
      3530.46      0.80205962      0.13405852
      3533.99      0.87999760      0.13500374
      3537.53      0.93647917      0.13474145
      3541.06      0.95615817      0.13449248
      3544.60      0.98629472      0.13425447
      3548.15      0.94566617      0.13401069
      3551.70      0.94154840      0.13374400
      3555.25       1.0028378      0.13349003
      3558.80      0.98679848      0.13448622
      3562.36      0.90287570      0.13420050
      3565.92      0.86614876      0.13392767
      3569.49      0.76897277      0.13249048
      3573.06      0.65538575      0.13350367
      3576.64      0.61276878      0.13321220
      3580.21      0.48210531      0.13293280
      3583.79      0.29715080      0.13391312
      3587.38      0.20685449      0.13364954
      3590.96      0.11215447      0.13339846
      3594.55     0.051965792      0.13194933
      3598.15     0.013777882      0.13291055
      3601.75     0.047888631      0.13263926
      3605.35     0.078613682      0.13237750
      3608.96      0.15971137      0.13212579
      3612.56      0.25337609      0.13313863
      3616.18      0.26290088      0.13285684
      3619.79      0.24186282      0.13258307
      3623.41      0.22519087      0.13111007
      3627.04      0.14435891      0.13216403
      3630.66      0.14455030      0.13186972
      3634.29      0.24803035      0.13158517
      3637.93      0.31129189      0.13130844
      3641.57      0.37988667      0.13231758
      3645.21      0.38812270      0.13205561
      3648.86      0.34240728      0.13180276
      3652.50      0.30912735      0.13155774
      3656.16      0.34869702      0.13131065
      3659.81      0.36822260      0.13103610
      3663.47      0.36156139      0.13076990
      3667.14      0.35431698      0.13050794
      3670.80      0.41871569      0.13158677
      3674.48      0.39396448      0.13129615
      3678.15      0.45353427      0.13100994
      3681.83      0.40383780      0.13073242
      3685.51      0.37630920      0.13046300
      3689.20      0.39219633      0.13151826
      3692.88      0.42031186      0.13125840
      3696.58      0.43074980      0.12974658
      3700.27      0.48462817      0.12946333
      3703.98      0.43609663      0.13048974
      3707.68      0.37402041      0.13021314
      3711.39      0.32139336      0.12994427
      3715.10      0.26837370      0.12967724
      3718.81      0.23266217      0.12941788
      3722.53      0.26471550      0.13051629
      3726.26      0.24659314      0.13022978
      3729.98      0.25156926      0.12994507
      3733.71      0.24147343      0.12966780
      3737.45      0.18892575      0.12939471
      3741.18      0.13511023      0.13048410
      3744.93     0.078263724      0.13021773
      3748.67      0.15046482      0.12995840
      3752.42      0.22937217      0.12970245
      3756.17      0.25119961      0.12810865
      3759.93      0.25998680      0.12917015
      3763.69      0.26286771      0.12889299
      3767.45      0.31867973      0.12861951
      3771.22      0.36852906      0.12834921
      3774.99      0.44241688      0.12808187
      3778.77      0.44890266      0.12926078
      3782.54      0.40535952      0.12896511
      3786.33      0.37941177      0.12867603
      3790.11      0.36493905      0.12838932
      3793.90      0.33731573      0.12810447
      3797.70      0.28767405      0.12782547
      3801.50      0.25865711      0.12894158
      3805.30      0.27857329      0.12866695
      3809.10      0.30250849      0.12839184
      3812.91      0.25621801      0.12812246
      3816.73      0.23503140      0.12785499
      3820.54      0.30498931      0.12759126
      3824.36      0.29943496      0.12877470
      3828.19      0.26488228      0.12848249
      3832.02      0.29546822      0.12819487
      3835.85      0.38443612      0.12790969
      3839.68      0.43441589      0.12762651
      3843.52      0.45831179      0.12734740
      3847.37      0.41307627      0.12851190
      3851.22      0.41348043      0.12823134
      3855.07      0.44808675      0.12795511
      3858.92      0.50195918      0.12767997
      3862.78      0.54771820      0.12740587
      3866.64      0.53187004      0.12713532
      3870.51      0.59777329      0.12686470
      3874.38      0.63955080      0.12811850
      3878.26      0.68200566      0.12782538
      3882.13      0.70211331      0.12753693
      3886.02      0.76539590      0.12724778
      3889.90      0.81854083      0.12695846
      3893.79      0.82347025      0.12667282
      3897.69      0.81509200      0.12638402
      3901.59      0.93746658      0.12759429
      3905.49       1.0560165      0.12730895
      3909.39       1.0283186      0.12702736
      3913.30       1.1058933      0.12828107
      3917.22       1.2201940      0.12799613
      3921.13       1.2662580      0.12771011
      3925.06       1.3168738      0.12742600
      3928.98       1.2629831      0.12714240
      3932.91       1.2710735      0.12843052
      3936.84       1.3585621      0.12814489
      3940.78       1.3862314      0.12785967
      3944.72       1.4263244      0.12757288
      3948.67       1.4165848      0.12728792
      3952.61       1.4342322      0.12700120
      3956.57       1.4232683      0.12671436
      3960.52       1.4190517      0.12642919
      3964.48       1.4187907      0.12614563
      3968.45       1.3918094      0.12586184
      3972.42       1.3587782      0.12557682
      3976.39       1.3517818      0.12528984
      3980.37       1.3477342      0.12500269
      3984.35       1.3057335      0.12471744
      3988.33       1.3530226      0.12443331
      3992.32       1.4306280      0.12414865
      3996.31       1.3871817      0.12386214
      4000.31       1.3405467      0.12357707
      4004.31       1.3563320      0.12329043
      4008.31       1.3995286      0.12300338
      4012.32       1.4977116      0.12271816
      4016.33       1.5128858      0.12243296
      4020.35       1.5274612      0.12214594
      4024.37       1.5148419      0.12186049
      4028.40       1.5662218      0.12157335
      4032.42       1.5670769      0.12128594
      4036.46       1.5555477      0.12100021
      4040.50       1.5421318      0.12071407
      4044.54       1.5424827      0.12043179
      4048.58       1.5484018      0.12014815
      4052.63       1.5244540      0.11986229
      4056.68       1.4895686      0.11957696
      4060.74       1.4946179      0.11929345
      4064.80       1.4971037      0.11755026
      4068.86       1.4222095      0.11727260
      4072.93       1.3346567      0.11699399
      4077.01       1.3026248      0.11671552
      4081.08       1.2951969      0.11644051
      4085.17       1.3105578      0.11616564
      4089.25       1.3349573      0.11588992
      4093.34       1.3364097      0.11561864
      4097.43       1.3104041      0.11534696
      4101.53       1.2683595      0.11507803
      4105.63       1.2343479      0.11480951
      4109.74       1.2083028      0.11454242
      4113.85       1.1959048      0.11427533
      4117.96       1.2367682      0.11401368
      4122.08       1.2433027      0.11229601
      4126.20       1.2505587      0.11201579
      4130.33       1.2545047      0.11173958
      4134.46       1.2710031      0.11146406
      4138.59       1.2859568      0.11119145
      4142.73       1.2484142      0.11091899
      4146.88       1.1404062      0.11199322
      4151.02       1.1336073      0.11172086
      4155.18       1.0911383      0.11145437
      4159.33       1.0233966      0.11118915
      4163.49       1.0250846      0.11092792
      4167.65      0.98703821      0.10930536
      4171.82       1.0179650      0.10902263
      4175.99       1.0462851      0.10874315
      4180.17       1.0526916      0.10846538
      4184.35       1.0648873      0.10819355
      4188.54       1.1087353      0.10792338
      4192.72       1.0994828      0.10765526
      4196.92       1.0814628      0.10739013
      4201.11       1.0961474      0.10586878
      4205.31       1.1470894      0.10687837
      4209.52       1.1815381      0.10659065
      4213.73       1.2172960      0.10630787
      4217.94       1.2143542      0.10602850
      4222.16       1.1867532      0.10575590
      4226.38       1.1639070      0.10548368
      4230.61       1.2164480      0.10521878
      4234.84       1.1812681      0.10372444
      4239.08       1.1747747      0.10346976
      4243.32       1.2225624      0.10322179
      4247.56       1.2404086      0.10298089
      4251.81       1.3380188      0.10387693
      4256.06       1.4217996      0.10360079
      4260.32       1.4355710      0.10333291
      4264.58       1.4015264      0.10185446
      4268.84       1.3867372      0.10160027
      4273.11       1.3620936      0.10135382
      4277.38       1.3109234      0.10111001
      4281.66       1.3216748      0.10087420
      4285.94       1.3347143      0.10172564
      4290.23       1.2796938      0.10025973
      4294.52       1.2586271      0.10000316
      4298.81       1.2469066     0.099754771
      4303.11       1.2103655     0.099510018
      4307.42       1.1807912     0.099274504
      4311.72       1.1851666     0.097824137
      4316.04       1.1897715     0.097559921
      4320.35       1.1973618     0.098423809
      4324.67       1.2213155     0.098172132
      4329.00       1.2363953     0.097926713
      4333.33       1.2531212     0.097691587
      4337.66       1.2687873     0.096265743
      4342.00       1.2590346     0.096003080
      4346.34       1.2571303     0.095750846
      4350.69       1.2647255     0.096603484
      4355.04       1.2410253     0.096364185
      4359.39       1.2644942     0.094981549
      4363.75       1.2786088     0.094716167
      4368.12       1.2909039     0.094459461
      4372.48       1.3177582     0.094214080
      4376.86       1.3486920     0.095052483
      4381.23       1.3962952     0.093699329
      4385.61       1.4253012     0.093433547
      4390.00       1.4077361     0.093174330
      4394.39       1.4466844     0.092926562
      4398.79       1.4824452     0.091642778
      4403.18       1.5020557     0.092417436
      4407.59       1.5039994     0.092151075
      4412.00       1.5072010     0.091897410
      4416.41       1.5160104     0.091652763
      4420.82       1.5025691     0.090387023
      4425.25       1.4922080     0.091140711
      4429.67       1.4725938     0.090876763
      4434.10       1.4298982     0.090626680
      4438.54       1.4223995     0.089366301
      4442.97       1.4405656     0.089143040
      4447.42       1.4100555     0.089863381
      4451.86       1.4210470     0.089608676
      4456.32       1.4554544     0.088356150
      4460.77       1.5094725     0.088131806
      4465.24       1.5956021     0.087917636
      4469.70       1.6945886     0.088596532
      4474.17       1.7582884     0.087352930
      4478.65       1.8646720     0.087125720
      4483.12       1.9914206     0.086913823
      4487.61       2.1798149     0.086597396
      4492.09       2.2937125     0.086356397
      4496.59       2.4425135     0.086131233
      4501.08       2.6185913     0.085922107
      4505.58       2.7401980     0.084681039
      4510.09       2.8884377     0.085367013
      4514.60       3.0032589     0.085144658
      4519.12       3.1010479     0.084937304
      4523.63       3.2156387     0.083705987
      4528.16       3.2936556     0.084384072
      4532.69       3.3433721     0.084166300
      4537.22       3.3591047     0.082975667
      4541.76       3.4389399     0.082733686
      4546.30       3.5444008     0.083408480
      4550.85       3.6547415     0.082252602
      4555.40       3.7265579     0.082002299
      4559.95       3.7758493     0.081769978
      4564.51       3.8072726     0.082441983
      4569.08       3.8345378     0.081279001
      4573.65       3.8681192     0.081039099
      4578.22       3.8358142     0.080816139
      4582.80       3.7530240     0.080560920
      4587.38       3.6978402     0.080312790
      4591.97       3.5931222     0.080085003
      4596.56       3.5036340     0.079847351
      4601.16       3.3857077     0.079594571
      4605.76       3.2361392     0.079360466
      4610.37       3.1018111     0.078283199
      4614.98       2.9321668     0.078877523
      4619.59       2.7980640     0.078640376
      4624.21       2.6418415     0.077568440
      4628.84       2.5996360     0.078164773
      4633.47       2.5179154     0.077925568
      4638.10       2.4190741     0.076859835
      4642.74       2.3456445     0.077452983
      4647.38       2.2685332     0.077212513
      4652.03       2.1800984     0.076153673
      4656.68       2.1390018     0.075956833
      4661.34       2.1031414     0.076501805
      4666.00       2.0516483     0.075450768
      4670.67       1.9827150     0.075256395
      4675.33       1.9589582     0.074967295
      4680.01       1.9151759     0.074753611
      4684.69       1.8897913     0.074562316
      4689.38       1.8322094     0.074271575
      4694.07       1.7934308     0.074061826
      4698.76       1.7606028     0.073875136
      4703.46       1.7366613     0.073578377
      4708.16       1.7041436     0.073373958
      4712.87       1.6700828     0.072360538
      4717.58       1.6802617     0.072890139
      4722.30       1.6418793     0.072692027
      4727.03       1.6387362     0.071677483
      4731.75       1.6308347     0.072206734
      4736.48       1.6057637     0.072016439
      4741.22       1.5725656     0.070998375
      4745.96       1.5749402     0.071529611
      4750.71       1.5134274     0.070544205
      4755.46       1.5180500     0.070327316
      4760.22       1.5014135     0.070859894
      4764.97       1.5039761     0.069867425
      4769.74       1.5088782     0.069661647
      4774.51       1.5213713     0.069418810
      4779.29       1.5272044     0.069198865
      4784.07       1.5222246     0.068980223
      4788.85       1.5364436     0.068746632
      4793.64       1.5532027     0.068540168
      4798.43       1.5798184     0.068300406
      4803.23       1.6214283     0.068081341
      4808.03       1.6727338     0.067175762
      4812.84       1.6936374     0.067631255
      4817.66       1.7176786     0.066718779
      4822.48       1.6979625     0.067189123
      4827.30       1.6869968     0.066974729
      4832.12       1.6445109     0.066086345
      4836.96       1.6034786     0.066526050
      4841.79       1.5832498     0.065632608
      4846.63       1.5761389     0.066084822
      4851.48       1.5669445     0.065186174
      4856.33       1.5684041     0.065012635
      4861.19       1.5855470     0.064744455
      4866.05       1.5740367     0.064562342
      4870.92       1.5866242     0.064991298
      4875.79       1.6000604     0.064116808
      4880.66       1.6459074     0.064552927
      4885.55       1.6710666     0.063677233
      4890.43       1.6882884     0.063510620
      4895.32       1.7098088     0.063240258
      4900.22       1.7350245     0.063068654
      4905.12       1.7446184     0.062806766
      4910.02       1.7474696     0.062629929
      4914.94       1.7444466     0.062375092
      4919.85       1.7335623     0.062194895
      4924.77       1.7280442     0.061340976
      4929.70       1.7113719     0.061763335
      4934.62       1.6955900     0.060918881
      4939.56       1.6817958     0.061333449
      4944.50       1.7134857     0.060500097
      4949.44       1.7311685     0.060907379
      4954.39       1.7508429     0.060081436
      4959.35       1.7707932     0.060484800
      4964.31       1.8250912     0.059665316
      4969.27       1.8447379     0.059475809
      4974.24       1.8743271     0.059249594
      4979.22       1.8576557     0.059059032
      4984.20       1.8172963     0.058836072
      4989.18       1.7913715     0.058645173
      4994.17       1.7630275     0.058422826
      4999.16       1.7349543     0.058234405
      5004.16       1.6516326     0.058011879
      5009.17       1.6066652     0.057824573
      5014.18       1.5428474     0.057602238
      5019.19       1.5149257     0.056832196
      5024.21       1.4617927     0.057193891
      5029.23       1.4156601     0.056430667
      5034.26       1.3892599     0.056788034
      5039.30       1.3676168     0.056031269
      5044.34       1.3565445     0.056383256
      5049.39       1.3541849     0.055634982
      5054.43       1.3718865     0.055980159
      5059.49       1.3896194     0.055241006
      5064.55       1.4274472     0.055579553
      5069.61       1.4479320     0.054849495
      5074.68       1.4694409     0.054618933
      5079.76       1.4868986     0.054460648
      5084.84       1.5395504     0.054227314
      5089.92       1.5941274     0.054075133
      5095.01       1.6389554     0.053838767
      5100.11       1.6638743     0.053693956
      5105.21       1.7353831     0.053453119
      5110.31       1.8061794     0.052737595
      5115.42       1.8676532     0.053071549
      5120.54       1.9407096     0.052848840
      5125.66       1.9735609     0.052693104
      5130.79       2.0082501     0.052464948
      5135.92       2.0704525     0.051769034
      5141.05       2.1479122     0.052085701
      5146.20       2.2384273     0.051388518
      5151.34       2.3323981     0.051711739
      5156.49       2.4391483     0.051012019
      5161.65       2.5554047     0.050812829
      5166.81       2.6361555     0.050639575
      5171.98       2.7296028     0.050434453
      5177.15       2.7975185     0.050746391
      5182.33       2.8684650     0.050061495
      5187.51       2.9036198     0.049866617
      5192.70       2.9243612     0.049693356
      5197.89       2.9121244     0.049491591
      5203.09       2.8768217     0.048845317
      5208.29       2.8139513     0.049122916
      5213.50       2.7157768     0.048929763
      5218.72       2.6682892     0.048279958
      5223.93       2.5801016     0.048560306
      5229.16       2.5057012     0.047927787
      5234.39       2.4428818     0.048196528
      5239.62       2.4137715     0.048001839
      5244.86       2.3766972     0.047369327
      5250.11       2.3455771     0.047639074
      5255.36       2.3247607     0.047025543
      5260.61       2.2711482     0.046817783
      5265.87       2.1996281     0.047087207
      5271.14       2.1717759     0.046474820
      5276.41       2.1789578     0.046271753
      5281.69       2.1616452     0.046140664
      5286.97       2.1512128     0.045929872
      5292.26       2.1930610     0.045731226
      5297.55       2.1938267     0.045597960
      5302.85       2.2086443     0.045391044
      5308.15       2.1994558     0.045195223
      5313.46       2.1908112     0.045061743
      5318.77       2.1866681     0.044857391
      5324.09       2.1782173     0.044264524
      5329.42       2.1902623     0.044082596
      5334.75       2.1737587     0.044328830
      5340.08       2.1749144     0.043743030
      5345.42       2.1391946     0.043561246
      5350.77       2.0625165     0.043806324
      5356.12       1.9793179     0.043225585
      5361.48       1.9438674     0.043044949
      5366.83       1.9371294     0.043288752
      5372.20       1.9601000     0.042713769
      5377.58       1.9980784     0.042532643
      5382.95       2.0594584     0.042359105
      5388.34       2.0720219     0.042205634
      5393.72       1.9975114     0.042024316
      5399.12       1.9083127     0.041850665
      5404.52       1.9326374     0.041306077
      5409.92       1.9777774     0.041521856
      5415.33       1.9804308     0.041347081
      5420.75       1.9883146     0.040815590
      5426.17       2.0016429     0.041025765
      5431.60       2.0268797     0.040849377
      5437.03       2.0167249     0.040679529
      5442.47       2.0307899     0.040149329
      5447.91       2.0115517     0.040357782
      5453.36       2.0201063     0.040185645
      5458.81       2.0360025     0.039671296
      5464.27       2.0781252     0.039492049
      5469.73       2.0615716     0.039319402
      5475.20       2.0307988     0.039201073
      5480.68       1.9680511     0.039020982
      5486.16       1.9315412     0.038845247
      5491.65       1.7536043     0.038675061
      5497.14       1.6083435     0.038558390
      5502.64       1.5799639     0.038380290
      5508.14       1.5798955     0.038208063
      5513.65       1.5640097     0.038039955
      5519.16       1.5357362     0.037551282
      5524.68       1.4538185     0.037750437
      5530.20       1.4155802     0.037579513
      5535.73       1.3906745     0.037092315
      5541.27       1.3608714     0.036930855
      5546.81       1.3215270     0.036773363
      5552.36       1.3185879     0.036961545
      5557.91       1.2984914     0.036480622
      5563.47       1.2404144     0.036319307
      5569.04       1.1784866     0.036162314
      5574.60       1.1553021     0.036007726
      5580.18       1.1360829     0.036188415
      5585.76       1.0997913     0.035718335
      5591.35       1.0632475     0.035560775
      5596.94       1.0113167     0.035405961
      5602.53       1.0048986     0.035254428
      5608.14       1.0222014     0.034802511
      5613.75      0.98770779     0.034969713
      5619.36      0.98077147     0.034815332
      5624.98       1.0189047     0.034662772
      5630.60      0.93918051     0.034513664
      5636.23      0.92647834     0.034073614
      5641.87      0.89994053     0.033919610
      5647.51      0.89157908     0.033768067
      5653.16      0.87234794     0.033933311
      5658.82      0.84792546     0.033785070
      5664.47      0.82802532     0.033361091
      5670.14      0.82337381     0.033209254
      5675.81      0.77963170     0.033058714
      5681.48      0.75029939     0.032911289
      5687.17      0.69747969     0.032765008
      5692.85      0.69604464     0.032666287
      5698.55      0.68314874     0.032515661
      5704.25      0.66321278     0.032366831
      5709.95      0.68750815     0.032220005
      5715.66      0.68217948     0.032075126
      5721.38      0.69239580     0.031932064
      5727.10      0.66901763     0.031528296
      5732.83      0.65353308     0.031388992
      5738.56      0.60183197     0.031250882
      5744.30      0.57772657     0.031405243
      5750.04      0.52216958     0.031262367
      5755.79      0.50207478     0.031121171
      5761.55      0.50489111     0.030726909
      5767.31      0.45526136     0.030589513
      5773.08      0.46161006     0.030453134
      5778.85      0.50167302     0.030318126
      5784.63      0.49518836     0.030184434
      5790.41      0.49362067     0.030051583
      5796.21      0.58057665     0.029920025
      5802.00      0.67252870     0.029789936
      5807.81      0.70504321     0.029418217
      5813.61      0.71575922     0.029290716
      5819.43      0.77409315     0.029163916
      5825.25      0.83414978     0.029297472
      5831.07      0.84598446     0.029170397
      5836.90      0.86607425     0.029047607
      5842.74      0.90158154     0.028933054
      5848.58      0.94953394     0.028828732
      5854.43      0.97188959     0.028729247
      5860.29      0.99549065     0.028401139
      5866.15       1.0836712     0.028302194
      5872.01       1.1499548     0.028207844
      5877.89       1.1911711     0.028108213
      5883.76       1.2563308     0.027997814
      5889.65       1.3298221     0.027881928
      5895.54       1.3957053     0.027763266
      5901.43       1.4263161     0.027640944
      5907.34       1.4505371     0.027515032
      5913.24       1.4356477     0.027386500
      5919.16       1.3729995     0.027259932
      5925.08       1.3203784     0.027135474
      5931.00       1.2783021     0.027010915
      5936.93       1.2456492     0.026671315
      5942.87       1.1527593     0.026542675
      5948.81       1.1128813     0.026411750
      5954.76       1.0564066     0.026281578
      5960.72      0.99529545     0.026152559
      5966.68      0.94777496     0.026021269
      5972.64      0.94624231     0.025887858
      5978.62      0.94921764     0.025759266
      5984.60      0.96584516     0.025636819
      5990.58      0.94878898     0.025514742
      5996.57      0.95285855     0.025390286
      6002.57      0.99682334     0.025269464
      6008.57       1.0303269     0.025153238
      6014.58      0.99932744     0.025039738
      6020.60      0.95789444     0.024927555
      6026.62      0.94684450     0.024817672
      6032.65      0.91139126     0.024709535
      6038.68      0.89225105     0.024602332
      6044.72      0.92089505     0.024283081
      6050.76      0.91779545     0.024178287
      6056.81      0.89184998     0.024074359
      6062.87      0.85184108     0.023971598
      6068.93      0.82538476     0.023869356
      6075.00      0.81915205     0.023767888
      6081.08      0.82757123     0.023667333
      6087.16      0.86208261     0.023567178
      6093.25      0.90145816     0.023467950
      6099.34      0.94829108     0.023369329
      6105.44      0.95922612     0.023271655
      6111.54      0.99048057     0.023174438
      6117.66       1.0360205     0.023078195
      6123.78       1.0942561     0.022779549
      6129.90       1.1277617     0.022683888
      6136.03       1.1787777     0.022588544
      6142.17       1.2712779     0.022494360
      6148.31       1.3615622     0.022400655
      6154.46       1.4592437     0.022307892
      6160.61       1.5992926     0.022215627
      6166.77       1.7180648     0.022124828
      6172.94       1.8536420     0.022205288
      6179.11       2.0266114     0.021928740
      6185.29       2.2139646     0.021837677
      6191.48       2.4378554     0.021748744
      6197.67       2.6838089     0.021665612
      6203.87       2.9526883     0.021589716
      6210.07       3.2351200     0.021505659
      6216.28       3.5054229     0.021416499
      6222.50       3.7771479     0.021338737
      6228.72       4.0359111     0.021102456
      6234.95       4.3238055     0.021052013
      6241.19       4.5798006     0.021011817
      6247.42       4.7844510     0.020977670
      6253.67       5.0041464     0.021108490
      6259.93       5.2703335     0.021069141
      6266.19       5.5703673     0.020846428
      6272.46       5.8531060     0.020785511
      6278.73       6.1309239     0.020711217
      6285.01       6.3486709     0.020622685
      6291.29       6.5221832     0.020522429
      6297.58       6.6461190     0.020413175
      6303.88       6.6674541     0.020259644
      6310.19       6.6552890     0.020147077
      6316.50       6.6148210     0.020046444
      6322.81       6.5269261     0.019956432
      6329.14       6.4278739     0.019864457
      6335.47       6.3063385     0.019599615
      6341.80       6.1402648     0.019510963
      6348.14       5.9284518     0.019426522
      6354.49       5.6642654     0.019488245
      6360.85       5.3830317     0.019409232
      6367.21       5.0896529     0.019169404
      6373.57       4.8325666     0.019092031
      6379.95       4.5978395     0.019017895
      6386.33       4.3707565     0.018947005
      6392.72       4.1403282     0.018867579
      6399.11       3.8936773     0.018798147
      6405.51       3.6276131     0.018730926
      6411.92       3.3523777     0.018665777
      6418.32       3.0795063     0.018455885
      6424.74       2.8254683     0.018400523
      6431.17       2.5884567     0.018485778
      6437.60       2.4025387     0.018438028
      6444.04       2.2420718     0.018245542
      6450.48       2.1112751     0.018196184
      6456.94       2.0085054     0.018148025
      6463.39       1.9180744     0.018230202
      6469.85       1.8293594     0.018031200
      6476.33       1.7420966     0.017975661
      6482.80       1.6722376     0.017917921
      6489.28       1.5947209     0.017859094
      6495.77       1.5354980     0.017774810
      6502.27       1.4725543     0.017712748
      6508.77       1.4095795     0.017654284
      6515.28       1.3724622     0.017452307
      6521.80       1.3246522     0.017525155
      6528.32       1.2779109     0.017469951
      6534.85       1.2383038     0.017273161
      6541.38       1.2003445     0.017213122
      6547.92       1.1781056     0.017280229
      6554.47       1.1431792     0.017224801
      6561.03       1.1053314     0.017030991
      6567.59       1.0578625     0.016974700
      6574.16       1.0246234     0.017042429
      6580.73      0.99832389     0.016852540
      6587.31      0.97444026     0.016799408
      6593.90      0.94933893     0.016750614
      6600.50      0.93641634     0.016696371
      6607.10      0.92966159     0.016648079
      6613.70      0.92212365     0.016602795
      6620.32      0.90683572     0.016432861
      6626.94      0.88575772     0.016507323
      6633.57      0.87400542     0.016337098
      6640.20      0.86836519     0.016296698
      6646.84      0.84468253     0.016372927
      6653.49      0.84241534     0.016206668
      6660.14      0.82493142     0.016168467
      6666.80      0.81051896     0.016246171
      6673.47      0.79792248     0.016082856
      6680.14      0.77629573     0.016046590
      6686.82      0.74956432     0.016013076
      6693.51      0.72718933     0.015965493
      6700.20      0.70812430     0.015931442
      6706.90      0.67693449     0.015773644
      6713.61      0.66156641     0.015854435
      6720.32      0.64330690     0.015822859
      6727.05      0.62385591     0.015667224
      6733.77      0.59821748     0.015749944
      6740.51      0.56886717     0.015599375
      6747.25      0.54398278     0.015567047
      6754.00      0.52351891     0.015652286
      6760.75      0.51872103     0.015503041
      6767.51      0.50262922     0.015473847
      6774.28      0.47918118     0.015445937
      6781.05      0.48092075     0.015435083
      6787.84      0.46574080     0.015473692
      6794.62      0.47172127     0.015469073
      6801.42      0.46650524     0.015424971
      6808.22      0.45968050     0.015417528
      6815.03      0.45385598     0.015465577
      6821.85      0.44114336     0.015472029
      6828.67      0.43368333     0.015750783
      6835.50      0.41941204     0.015838077
      6842.33      0.42192072     0.016195258
      6849.17      0.41130816     0.016284801
      6856.02      0.40267773     0.016447836
      6862.88      0.39160899     0.016593890
      6869.74      0.39527438     0.016631437
      6876.61      0.39797861     0.016582741
      6883.49      0.41033163     0.016471086
      6890.37      0.42384907     0.016316426
      6897.27      0.43478171     0.016069607
      6904.16      0.45528953     0.015887700
      6911.07      0.48302521     0.015690497
      6917.98      0.50611436     0.015599011
      6924.89      0.52621656     0.015472480
      6931.82      0.53098115     0.015356249
      6938.75      0.54538779     0.015150816
      6945.69      0.55476399     0.015193127
      6952.64      0.55682382     0.015026298
      6959.59      0.57184312     0.014973308
      6966.55      0.57995925     0.014935252
      6973.52      0.59507245     0.014910683
      6980.49      0.60507105     0.014891372
      6987.47      0.62303962     0.014884448
      6994.46      0.64327268     0.014870708
      7001.46      0.66196343     0.014860247
      7008.46      0.68216577     0.014839727
      7015.46      0.71442828     0.014715277
      7022.48      0.74468920     0.014792765
      7029.51      0.77198583     0.014671239
      7036.53      0.80236920     0.014757036
      7043.57      0.83067670     0.014641634
      7050.62      0.84928993     0.014625618
      7057.66      0.86630167     0.014615421
      7064.72      0.89011525     0.014605271
      7071.79      0.91497476     0.014601471
      7078.86      0.93041189     0.014603165
      7085.94      0.93691790     0.014615643
      7093.03      0.94494650     0.014635034
      7100.12      0.96322259     0.014550748
      7107.22      0.97868862     0.014681002
      7114.33      0.98653427     0.014725938
      7121.44       1.0147130     0.014777904
      7128.56       1.0482644     0.014881260
      7135.69       1.0934462     0.014921950
      7142.83       1.1419547     0.015184208
      7149.97       1.1944456     0.015265295
      7157.12       1.2568826     0.015534470
      7164.28       1.3321429     0.015546735
      7171.44       1.4412843     0.015649164
      7178.62       1.5544866     0.015692498
      7185.80       1.6562984     0.015726705
      7192.98       1.7869901     0.015729474
      7200.17       1.9282890     0.015705054
      7207.38       2.0651895     0.015684542
      7214.58       2.1947331     0.015574883
      7221.80       2.3068240     0.015699049
      7229.02       2.4153062     0.015623267
      7236.25       2.5115483     0.015662641
      7243.49       2.5737740     0.015805355
      7250.73       2.6089089     0.015698736
      7257.98       2.6574597     0.015680343
      7265.24       2.6804145     0.015645160
      7272.51       2.6815792     0.015593970
      7279.78       2.6575386     0.015553737
      7287.06       2.6267845     0.015521753
      7294.35       2.5955716     0.015466995
      7301.64       2.5712700     0.015303555
      7308.94       2.5484082     0.015354494
      7316.25       2.5097979     0.015299452
      7323.57       2.4485773     0.015160220
      7330.89       2.4095258     0.015237122
      7338.22       2.3710234     0.015214629
      7345.56       2.3291776     0.015106606
      7352.91       2.2832807     0.015112861
      7360.26       2.2264788     0.015221116
      7367.62       2.1624692     0.015126333
      7374.99       2.0904573     0.015136773
      7382.37       2.0056319     0.015140078
      7389.75       1.9191777     0.015156292
      7397.14       1.8379283     0.015178638
      7404.53       1.7412671     0.015099787
      7411.94       1.6458897     0.015224621
      7419.35       1.5552306     0.015258708
      7426.77       1.4583291     0.015295592
      7434.20       1.3728560     0.015224040
      7441.63       1.2958792     0.015360273
      7449.07       1.2216563     0.015404749
      7456.52       1.1423383     0.015339782
      7463.98       1.0647141     0.015385369
      7471.45      0.99728799     0.015433984
      7478.92      0.94594664     0.015470344
      7486.40      0.90701829     0.015519785
      7493.88      0.86029901     0.015581260
      7501.38      0.83173440     0.015708416
      7508.88      0.79077064     0.015875464
      7516.39      0.76245113     0.016114733
      7523.91      0.72810929     0.016199172
      7531.43      0.70156584     0.016062726
      7538.96      0.66985696     0.016331639
      7546.50      0.65303114     0.016860433
      7554.05      0.63654115     0.017580479
      7561.60      0.62375658     0.018392874
      7569.16      0.60264698     0.019600687
      7576.73      0.59097232     0.020979255
      7584.31      0.59262426     0.022424090
      7591.89      0.59029451     0.023440958
      7599.49      0.57238828     0.024523844
      7607.09      0.54732706     0.025053516
      7614.70      0.53194328     0.024892747
      7622.31      0.53254809     0.024049235
      7629.93      0.53676697     0.022974184
      7637.56      0.55911076     0.021729839
      7645.20      0.60558587     0.020739665
      7652.85      0.64755648     0.019760875
      7660.50      0.69117077     0.019021398
      7668.16      0.73629705     0.018388956
      7675.83      0.78898588     0.017906131
      7683.50      0.84649494     0.017656896
      7691.19      0.89589512     0.017526303
      7698.88      0.94196130     0.017342792
      7706.58      0.99272689     0.017255256
      7714.29       1.0231248     0.017303360
      7722.00       1.0351380     0.017294773
      7729.73       1.0625150     0.017317976
      7737.45       1.0722636     0.017363870
      7745.19       1.0781835     0.017304540
      7752.94       1.0804317     0.017371316
      7760.69       1.0906376     0.017444005
      7768.45       1.0819516     0.017522104
      7776.22       1.0923969     0.017603943
      7784.00       1.1161107     0.017687454
      7791.78       1.1256134     0.017772358
      7799.57       1.1284282     0.017730821
      7807.37       1.1309697     0.017816521
      7815.18       1.1418153     0.018003675
      7822.99       1.1460902     0.018094468
      7830.82       1.1221891     0.018190458
      7838.65       1.0704485     0.018290136
      7846.49       1.0358534     0.018393095
      7854.34      0.98220371     0.018500817
      7862.19      0.91154827     0.018480742
      7870.05      0.83535059     0.018589521
      7877.93      0.79366801     0.018691369
      7885.80      0.74266350     0.018788324
      7893.69      0.69284094     0.018884035
      7901.58      0.63856729     0.018979368
      7909.49      0.60000568     0.019074336
      7917.40      0.58045124     0.019168996
      7925.31      0.58028287     0.019264085
      7933.24      0.58594887     0.019361370
      7941.17      0.59167514     0.019462972
      7949.11      0.60738140     0.019569220
      7957.06      0.61989165     0.019676006
      7965.02      0.61541965     0.019642852
      7972.98      0.60619468     0.019750339
      7980.96      0.58682148     0.019856894
      7988.94      0.56866646     0.019959772
      7996.93      0.56020291     0.020059748
      8004.93      0.53409186     0.020052493
      8012.93      0.50798110     0.020157594
      8020.95      0.49122575     0.020263009
      8028.97      0.49063751     0.020366465
      8036.99      0.47941912     0.020477096
      8045.03      0.45810385     0.020596410
      8053.08      0.44299673     0.020727073
      8061.13      0.44229431     0.020876279
      8069.20      0.44832287     0.021043255
      8077.26      0.43412861     0.021227694
      8085.34      0.39782821     0.021446126
      8093.43      0.38608297     0.021703971
      8101.52      0.36729992     0.021997911
      8109.62      0.32962357     0.022314345
      8117.73      0.31184359     0.022566711
      8125.85      0.32351161     0.022927145
      8133.98      0.34022657     0.023258546
      8142.11      0.34479178     0.023496284
      8150.25      0.33950314     0.023670202
      8158.41      0.33325893     0.023825285
      8166.56      0.31645321     0.023958199
      8174.73      0.33119008     0.024235448
      8182.91      0.34861178     0.024187453
      8191.09      0.35301679     0.024253418
      8199.28      0.34617007     0.024310273
      8207.48      0.33019269     0.024375680
      8215.69      0.31498891     0.024462397
      8223.91      0.29736752     0.024556833
      8232.13      0.27573106     0.024631693
      8240.36      0.21991950     0.024559350
      8248.60      0.21989420     0.024617623
      8256.85      0.24330107     0.024669706
      8265.11      0.25822299     0.024717606
      8273.37      0.30147564     0.024792089
      8281.65      0.36483974     0.024956004
      8289.93      0.40515420     0.025068204
      8298.22      0.39740072     0.025091596
      8306.52      0.41943954     0.025095440
      8314.83      0.45665320     0.025122475
      8323.14      0.49618887     0.025010467
      8331.46      0.53192977     0.025059256
      8339.80      0.56819033     0.025125572
      8348.13      0.56712389     0.025346189
      8356.48      0.55072012     0.025408214
      8364.84      0.55142040     0.025346238
      8373.21      0.52921310     0.025437021
      8381.58      0.51358339     0.025540595
      8389.96      0.49889036     0.025643903
      8398.35      0.47185646     0.025617912
      8406.75      0.47638415     0.025900571
      8415.16      0.53594898     0.026021377
      8423.57      0.57981040     0.026148348
      8432.00      0.62867988     0.026144270
      8440.43      0.66798217     0.026280675
      8448.87      0.70911276     0.026594317
      8457.32      0.75570620     0.026735448
      8465.78      0.87024014     0.026745488
      8474.25      0.97442862     0.026895153
      8482.72       1.0712114     0.027045883
      8491.20       1.1643789     0.027235822
      8499.69       1.2823229     0.027384809
      8508.19       1.3837215     0.027532440
      8516.70       1.5230082     0.027679968
      8525.22       1.6755004     0.027677825
      8533.75       1.8399539     0.028006619
      8542.28       2.0597950     0.028152671
      8550.82       2.3179743     0.028153214
      8559.37       2.5508169     0.028300425
      8567.93       2.7767699     0.028638321
      8576.50       2.9907969     0.028639770
      8585.08       3.1688641     0.028788373
      8593.66       3.3139604     0.028943158
      8602.26       3.4208358     0.029151184
      8610.86       3.4870782     0.029309013
      8619.47       3.5167754     0.029322881
      8628.09       3.5075954     0.029485745
      8636.72       3.4573467     0.029841446
      8645.36       3.3887869     0.029853809
      8654.00       3.3135988     0.030016082
      8662.66       3.2212294     0.030373313
      8671.32       3.1542436     0.030380600
      8679.99       3.0985810     0.030541419
      8688.67       3.0177262     0.030545890
      8697.36       2.9939266     0.030905998
      8706.06       2.9889708     0.031070808
      8714.76       3.0090766     0.031077922
      8723.48       2.9802961     0.031451035
      8732.21       2.9598947     0.031464224
      8740.93       2.9388015     0.031631422
      8749.68       2.8985721     0.032013601
      8758.43       2.8561274     0.032029092
      8767.19       2.8145878     0.032202169
      8775.96       2.7473442     0.032430761
      8784.73       2.6974632     0.032604302
      8793.52       2.6537858     0.032623754
      8802.31       2.5965038     0.033012868
      8811.11       2.5667086     0.033192357
      8819.92       2.4869336     0.033432394
      8828.75       2.4264835     0.033616809
      8837.57       2.3377348     0.033650428
      8846.41       2.2601405     0.034068354
      8855.26       2.1234204     0.034134065
      8864.12       2.0048631     0.034364171
      8872.98       1.8906260     0.034668243
      8881.85       1.7631085     0.034966072
      8890.73       1.6082254     0.035382466
      8899.63       1.4908455     0.035763063
      8908.52       1.3454998     0.036347887
      8917.43       1.2136072     0.036898035
      8926.35       1.0977780     0.037386106
      8935.28      0.99630669     0.038321443
      8944.22      0.89744818     0.038886906
      8953.16      0.83078356     0.039846036
      8962.11      0.79483423     0.040270253
      8971.08      0.74238816     0.041018700
      8980.05      0.71531435     0.041050998
      8989.03      0.67477765     0.040961197
      8998.02      0.68287477     0.041223191
      9007.02      0.68807400     0.041019427
      9016.02      0.69992687     0.041295912
      9025.04      0.69497620     0.041257140
      9034.07      0.68103996     0.041679845
      9043.10      0.67506393     0.041762034
      9052.14      0.66801738     0.042437788
      9061.20      0.68042873     0.042652338
      9070.26      0.67119649     0.043163388
      9079.33      0.64990762     0.043544573
      9088.41      0.64225301     0.043945122
      9097.50      0.62797969     0.044194045
      9106.60      0.61628574     0.044462676
      9115.70      0.61884400     0.044425341
      9124.82      0.60888987     0.044875577
      9133.94      0.61620505     0.044773222
      9143.08      0.61912143     0.045107572
      9152.22      0.64166786     0.044792595
      9161.37      0.68748308     0.044709928
      9170.54      0.71306476     0.044656744
      9179.71      0.74280337     0.044617702
      9188.89      0.76469604     0.044683338
      9198.08      0.76381827     0.044831063
      9207.28      0.78505646     0.045143222
      9216.48      0.79944229     0.045376141
      9225.70      0.82064107     0.046205467
      9234.92      0.83196656     0.046844274
      9244.16      0.78672675     0.048133637
      9253.40      0.76713019     0.049984637
      9262.66      0.75259974     0.051771740
      9271.92      0.73374800     0.054648619
      9281.20      0.71947327     0.057366745
      9290.48      0.72301802     0.061144468
      9299.77      0.72247075     0.065117548
      9309.07      0.72666815     0.068170848
      9318.38      0.78518961     0.071373501
      9327.69      0.79669330     0.072719959
      9337.02      0.79118008     0.073543590
      9346.36      0.81693509     0.073923654
      9355.71      0.85313209     0.072380328
      9365.07      0.90668494     0.071013767
      9374.43      0.91522430     0.069860062
      9383.80      0.89868745     0.069327502
      9393.19      0.88768387     0.069159145
      9402.58      0.84438657     0.069594379
      9411.98      0.80739466     0.069976958
      9421.40      0.72723381     0.071072593
      9430.82      0.72428116     0.071882389
      9440.25      0.70451465     0.072057392
      9449.69      0.65823650     0.072174769
      9459.14      0.64227916     0.072075761
      9468.60      0.63812180     0.071332148
      9478.07      0.57726263     0.071155851
      9487.55      0.54636484     0.070885324
      9497.04      0.57875514     0.070268831
      9506.53      0.53252664     0.070509859
      9516.04      0.57403282     0.070232156
      9525.56      0.64648028     0.069917613
      9535.08      0.64411976     0.069216795
      9544.62      0.63073136     0.068749324
      9554.16      0.57785474     0.068246053
      9563.72      0.52786800     0.068073383
      9573.29      0.50106622     0.067075447
      9582.85      0.50366551     0.066366517
      9592.44      0.46819347     0.065757882
      9602.03      0.40828576     0.064934924
      9611.63      0.38499191     0.063841733
      9621.25      0.35578695     0.063425962
      9630.87      0.32987169     0.062515007
      9640.50      0.30115108     0.061541667
      9650.14      0.28892981     0.060489715
      9659.79      0.27910269     0.059866754
      9669.45      0.29753323     0.059410013
      9679.12      0.31840051     0.058600881
      9688.80      0.32129372     0.058274277
      9698.49      0.32620888     0.057851397
      9708.19      0.35135716     0.057771764
      9717.90      0.35366144     0.057512498
      9727.62      0.35773882     0.057567802
      9737.34      0.36784201     0.057454071
      9747.08      0.33888735     0.057039095
      9756.83      0.39541871     0.056770102
      9766.59      0.45974168     0.056191794
      9776.35      0.47156004     0.055617390
      9786.13      0.51404225     0.055312815
      9795.92      0.50762667     0.054976855
      9805.71      0.53177269     0.054457254
      9815.52      0.57296609     0.054222772
      9825.34      0.57802990     0.053804451
      9835.17      0.54992745     0.053427486
      9845.00      0.54152724     0.053498971
      9854.84      0.51385935     0.053163399
      9864.70      0.40570785     0.052850215
      9874.56      0.38259953     0.052759292
      9884.44      0.40469421     0.052531495
      9894.32      0.39162103     0.052550796
      9904.22      0.39398017     0.052526894
      9914.13      0.36025807     0.052336237
      9924.04      0.34106150     0.052172847
      9933.96      0.38004419     0.052038687
      9943.90      0.40160554     0.052283075
      9953.84      0.42242393     0.052157324
      9963.79      0.44327254     0.052039693
      9973.76      0.45424983     0.051927532
      9983.74      0.44540345     0.051979656
      9993.72      0.50066467     0.052095989
