# starting wavelength =        3192.9800
# ending wavelength =        9279.6000
# O2 telluric scale =        0
# O2 telluric shift =        0
# H2O telluric scale =        0
# H2O telluric shift =        0
      3194.64      0.22090726     0.024286546
      3197.83      0.34198678     0.015830710
      3201.03      0.34219692     0.012658091
      3204.23      0.34009070     0.011585547
      3207.44      0.31851532     0.010585028
      3210.64      0.30424524     0.010519766
      3213.85      0.27739409     0.010551563
      3217.07      0.24179983     0.010622072
      3220.28      0.20557960     0.010527786
      3223.51      0.22739827     0.010576496
      3226.73      0.27449513     0.010516162
      3229.96      0.27602923     0.010541185
      3233.19      0.31976857     0.010603605
      3236.42      0.32518016     0.010523863
      3239.66      0.37066110     0.010560503
      3242.90      0.38407567     0.010239080
      3246.14      0.37591811     0.010532532
      3249.39      0.36048173     0.010581701
      3252.64      0.30099643     0.010240155
      3255.89      0.28639867     0.010544074
      3259.14      0.28740341     0.010240628
      3262.40      0.29128396     0.010520182
      3265.67      0.26311315     0.010555076
      3268.93      0.33695531     0.010239677
      3272.20      0.39108751     0.010527874
      3275.47      0.43408932     0.010567958
      3278.75      0.45016023     0.010238354
      3282.03      0.43539267     0.010533155
      3285.31      0.34948493     0.010581782
      3288.60      0.29530242     0.010239786
      3291.88      0.23513516     0.010539833
      3295.18      0.23886165     0.010243199
      3298.47      0.29280575     0.010240906
      3301.77      0.34399740     0.010543779
      3305.07      0.34035544     0.010241924
      3308.38      0.36667518     0.010241407
      3311.69      0.39870193     0.010546618
      3315.00      0.36398530     0.010240407
      3318.31      0.34118553     0.010242873
      3321.63      0.33083250     0.010549815
      3324.95      0.31563203     0.010240702
      3328.28      0.31034764     0.010242931
      3331.61      0.30524622     0.010550854
      3334.94      0.28648632     0.010240763
      3338.27      0.27975017     0.010242298
      3341.61      0.29287080     0.010548303
      3344.95      0.30704542     0.010240509
      3348.30      0.29162855     0.010241521
      3351.65      0.30475763     0.010546179
      3355.00      0.30156249     0.010242568
      3358.35      0.32064372     0.010240131
      3361.71      0.32896052     0.010538684
      3365.07      0.32755760     0.010243793
      3368.44      0.35996796     0.010239875
      3371.81      0.37689076     0.010253614
      3375.18      0.39172337     0.010247626
      3378.56      0.40347526     0.010239114
      3381.94      0.39211019     0.010248307
      3385.32      0.37545966     0.010252682
      3388.70      0.35831484     0.010239299
      3392.09      0.34230460     0.010243093
      3395.48      0.34291058     0.010259535
      3398.88      0.34555629     0.010241628
      3402.28      0.36418331     0.010240457
      3405.68      0.38506094     0.010255476
      3409.09      0.40651512     0.010247017
      3412.49      0.41324359     0.010239065
      3415.91      0.42957780     0.010247116
      3419.32      0.44271563     0.010255950
      3422.74      0.43633702     0.010248127
      3426.17      0.41995127     0.010260935
      3429.59      0.41045804    0.0099791827
      3433.02      0.39251480     0.010341731
      3436.45      0.36950559     0.010458006
      3439.89      0.35346633     0.010659750
      3443.33      0.36840031     0.010529269
      3446.78      0.37867357     0.011030349
      3450.22      0.39504848     0.011292336
      3453.67      0.38097942     0.011145867
      3457.13      0.37732801     0.011440115
      3460.58      0.38426022     0.011975280
      3464.04      0.37973495     0.012250586
      3467.51      0.34953316     0.012078037
      3470.98      0.32217836     0.012373372
      3474.45      0.31143011     0.012921642
      3477.92      0.27785635     0.013195014
      3481.40      0.27186964     0.012992688
      3484.88      0.26350154     0.013290245
      3488.37      0.27274234     0.013855559
      3491.86      0.28543813     0.014126591
      3495.35      0.29515275     0.013893138
      3498.84      0.29314567     0.014186941
      3502.34      0.28500932     0.014774403
      3505.84      0.26716236     0.014502330
      3509.35      0.25892022     0.014775692
      3512.86      0.26345763     0.015065585
      3516.37      0.25998998     0.015680531
      3519.89      0.24114299     0.015375590
      3523.41      0.24028512     0.015643120
      3526.93      0.24315364     0.015926025
      3530.46      0.25324254     0.016573172
      3533.99      0.25834407     0.016825906
      3537.53      0.25349055     0.016492189
      3541.06      0.27521299     0.016766458
      3544.60      0.29960870     0.017057745
      3548.15      0.29111034     0.017698563
      3551.70      0.28626458     0.017328756
      3555.25      0.29017103     0.017592535
      3558.80      0.30739135     0.017871048
      3562.36      0.29817837     0.018166614
      3565.92      0.28713365     0.018152190
      3569.49      0.28012647     0.018402253
      3573.06      0.30626420     0.018667110
      3576.64      0.30546000     0.018947806
      3580.21      0.28548780     0.019247476
      3583.79      0.28174673     0.019204073
      3587.38      0.27798112     0.019452586
      3590.96      0.28571053     0.019715503
      3594.55      0.28013738     0.019994129
      3598.15      0.29590678     0.020290752
      3601.75      0.29672998     0.020233390
      3605.35      0.30841699     0.020477875
      3608.96      0.30649402     0.020735130
      3612.56      0.29555697     0.021006981
      3616.18      0.28716253     0.021295186
      3619.79      0.28709794     0.021237546
      3623.41      0.29591250     0.021473867
      3627.04      0.29893727     0.021723405
      3630.66      0.30234791     0.021987817
      3634.29      0.28580397     0.022263845
      3637.93      0.26612607     0.021743728
      3641.57      0.26095276     0.022447906
      3645.21      0.26011355     0.022683706
      3648.86      0.26094659     0.022934012
      3652.50      0.27350746     0.023194559
      3656.16      0.28265734     0.022685939
      3659.81      0.28482809     0.022890230
      3663.47      0.28631581     0.023624846
      3667.14      0.28724535     0.023857421
      3670.80      0.29028744     0.024100201
      3674.48      0.29320077     0.024353627
      3678.15      0.30179925     0.023809631
      3681.83      0.30430407     0.024010810
      3685.51      0.31111704     0.024217482
      3689.20      0.30685161     0.024985334
      3692.88      0.31201495     0.025219801
      3696.58      0.30897439     0.025459156
      3700.27      0.30904555     0.024911933
      3703.98      0.31163296     0.025100778
      3707.68      0.31223305     0.025296714
      3711.39      0.31571082     0.025499823
      3715.10      0.31348097     0.026294961
      3718.81      0.31814909     0.026520653
      3722.53      0.32922466     0.026754323
      3726.26      0.34359062     0.026171443
      3729.98      0.34149233     0.026352759
      3733.71      0.34441276     0.026539902
      3737.45      0.32902842     0.026733018
      3741.18      0.33500494     0.026929771
      3744.93      0.32362713     0.027763377
      3748.67      0.31237417     0.027983498
      3752.42      0.30667476     0.027402173
      3756.17      0.29712647     0.027572064
      3759.93      0.29843492     0.027744079
      3763.69      0.29264468     0.027926353
      3767.45      0.28670165     0.028110708
      3771.22      0.27004828     0.028299765
      3774.99      0.26295865     0.028493465
      3778.77      0.26286420     0.028691098
      3782.54      0.26735065     0.028773714
      3786.33      0.29057863     0.028933595
      3790.11      0.29380343     0.029096835
      3793.90      0.30251164     0.029263698
      3797.70      0.31731763     0.029434150
      3801.50      0.32102215     0.029608172
      3805.30      0.32157469     0.029786077
      3809.10      0.30715660     0.029966966
      3812.91      0.30872808     0.030149019
      3816.73      0.31624996     0.029440751
      3820.54      0.32698436     0.029622653
      3824.36      0.31659704     0.030574397
      3828.19      0.31259971     0.030731623
      3832.02      0.32030696     0.030888918
      3835.85      0.31599834     0.031047492
      3839.68      0.31447211     0.031207664
      3843.52      0.30576172     0.031369778
      3847.37      0.30173242     0.031533679
      3851.22      0.30080655     0.031699491
      3855.07      0.30486143     0.031864519
      3858.92      0.30914207     0.032037418
      3862.78      0.32377628     0.031264358
      3866.64      0.32751428     0.031429729
      3870.51      0.32905321     0.031594964
      3874.38      0.34008724     0.031760286
      3878.26      0.34409886     0.031930774
      3882.13      0.33620861     0.032097981
      3886.02      0.32786487     0.032263221
      3889.90      0.32732157     0.033200321
      3893.79      0.33681766     0.033348630
      3897.69      0.35879223     0.033496789
      3901.59      0.38104275     0.033644520
      3905.49      0.40616138     0.033789274
      3909.39      0.43945595     0.033940668
      3913.30      0.47879969     0.034089251
      3917.22      0.50917077     0.034238204
      3921.13      0.52366705     0.034388541
      3925.06      0.54817563     0.034534750
      3928.98      0.58268839     0.033677474
      3932.91      0.60263190     0.033820473
      3936.84      0.62867429     0.033960621
      3940.78      0.64423236     0.034103748
      3944.72      0.66326296     0.034245579
      3948.67      0.67278211     0.034385741
      3952.61      0.67127941     0.034524409
      3956.57      0.66564366     0.034661584
      3960.52      0.68421425     0.034802592
      3964.48      0.69046603     0.034938924
      3968.45      0.70690229     0.035071871
      3972.42      0.72923893     0.035207890
      3976.39      0.75397635     0.035341697
      3980.37      0.76730662     0.035473386
      3984.35      0.76238457     0.035603306
      3988.33      0.75377374     0.035731347
      3992.32      0.75268346     0.035863113
      3996.31      0.74648663     0.035989896
      4000.31      0.74097008     0.036113032
      4004.31      0.75241614     0.036239347
      4008.31      0.76442159     0.036363212
      4012.32      0.78945967     0.036484949
      4016.33      0.81422026     0.036604889
      4020.35      0.81402085     0.036723020
      4024.37      0.84249208     0.036845156
      4028.40      0.85903915     0.036962628
      4032.42      0.86840733     0.037079184
      4036.46      0.87063415     0.037192616
      4040.50      0.86510413     0.037306405
      4044.54      0.86137134     0.037419886
      4048.58      0.84397469     0.037532880
      4052.63      0.83799687     0.037645026
      4056.68      0.81039231     0.037761725
      4060.74      0.82328286     0.037071508
      4064.80      0.81793810     0.037179371
      4068.86      0.80287843     0.037285593
      4072.93      0.80987642     0.037394920
      4077.01      0.80134016     0.037502964
      4081.08      0.79137372     0.037607861
      4085.17      0.77021860     0.037716740
      4089.25      0.76913433     0.037829745
      4093.34      0.77636496     0.037939052
      4097.43      0.77225295     0.038048026
      4101.53      0.78641726     0.038155552
      4105.63      0.78216088     0.039249324
      4109.74      0.79217440     0.039333520
      4113.85      0.78041997     0.039415970
      4117.96      0.75415138     0.039503376
      4122.08      0.73310083     0.039590403
      4126.20      0.71981825     0.039677788
      4130.33      0.72258856     0.038916592
      4134.46      0.70225252     0.039005349
      4138.59      0.70009570     0.039099775
      4142.73      0.67156830     0.039192207
      4146.88      0.66122191     0.039286689
      4151.02      0.65027151     0.039383186
      4155.18      0.63271304     0.039481949
      4159.33      0.63585436     0.039583376
      4163.49      0.65715779     0.039684458
      4167.65      0.69296223     0.039792866
      4171.82      0.73058992     0.040833765
      4175.99      0.75537374     0.040026719
      4180.17      0.76778842     0.040095408
      4184.35      0.80046715     0.040171232
      4188.54      0.81588503     0.040254887
      4192.72      0.83645948     0.040338821
      4196.92      0.86868943     0.040427039
      4201.11      0.89231236     0.040519431
      4205.31      0.91768062     0.040616666
      4209.52      0.93295186     0.040719458
      4213.73      0.94945496     0.039816762
      4217.94      0.95876989     0.040932183
      4222.16      0.99125462     0.040996357
      4226.38       1.0103861     0.041061682
      4230.61       1.0371914     0.041135719
      4234.84       1.0394613     0.041218199
      4239.08       1.0414775     0.041310278
      4243.32       1.0482203     0.041405017
      4247.56       1.0547090     0.040499696
      4251.81       1.0749304     0.040548084
      4256.06       1.1068081     0.041670751
      4260.32       1.1571947     0.041731808
      4264.58       1.1907194     0.041801255
      4268.84       1.2216594     0.041878934
      4273.11       1.2328867     0.041965837
      4277.38       1.2611228     0.041067813
      4281.66       1.2760473     0.041103053
      4285.94       1.2813819     0.041150828
      4290.23       1.2901326     0.042284786
      4294.52       1.2973516     0.042343161
      4298.81       1.2947454     0.042416647
      4303.11       1.2729130     0.041555880
      4307.42       1.2546105     0.041573972
      4311.72       1.2610083     0.041600519
      4316.04       1.2688392     0.041642966
      4320.35       1.2869564     0.042790114
      4324.67       1.3102100     0.042856425
      4329.00       1.3455498     0.041986312
      4333.33       1.3776365     0.041997406
      4337.66       1.4072771     0.042019132
      4342.00       1.4222691     0.042052348
      4346.34       1.4317043     0.043204690
      4350.69       1.4644706     0.042380017
      4355.04       1.4770914     0.042368495
      4359.39       1.4983162     0.042370002
      4363.75       1.5063442     0.042390181
      4368.12       1.5094256     0.042430094
      4372.48       1.5011375     0.042732977
      4376.86       1.4836973     0.042705718
      4381.23       1.4517780     0.042700885
      4385.61       1.4269661     0.042710074
      4390.00       1.4297961     0.042734436
      4394.39       1.4298984     0.043046097
      4398.79       1.4372898     0.043013160
      4403.18       1.4350047     0.042996369
      4407.59       1.4538363     0.042995927
      4412.00       1.4884414     0.043019197
      4416.41       1.5206318     0.042214181
      4420.82       1.5393039     0.043274037
      4425.25       1.5576975     0.043252311
      4429.67       1.5724385     0.043258178
      4434.10       1.5671430     0.042428397
      4438.54       1.5563539     0.043537363
      4442.97       1.5543207     0.043498554
      4447.42       1.5549116     0.043488331
      4451.86       1.5679402     0.043501098
      4456.32       1.5860442     0.042671402
      4460.77       1.6018362     0.043728357
      4465.24       1.6252726     0.043702831
      4469.70       1.6448453     0.043702361
      4474.17       1.6902491     0.042857744
      4478.65       1.7540110     0.043935254
      4483.12       1.8748747     0.043896595
      4487.61       1.9958682     0.043888339
      4492.09       2.1796505     0.043035292
      4496.59       2.4287469     0.043088620
      4501.08       2.7671001     0.044072484
      4505.58       3.1983749     0.043179410
      4510.09       3.6867283     0.043203021
      4514.60       4.2730177     0.043257432
      4519.12       4.8960229     0.044228920
      4523.63       5.4849312     0.043333305
      4528.16       5.9497527     0.043358206
      4532.69       6.2925889     0.043417090
      4537.22       6.4912237     0.044364881
      4541.76       6.6074831     0.043474524
      4546.30       6.7020396     0.043510251
      4550.85       6.7679880     0.044519847
      4555.40       6.9749381     0.043596445
      4559.95       7.3673884     0.043608873
      4564.51       7.9902030     0.043658135
      4569.08       8.7976590     0.043722348
      4573.65       9.2590745     0.043711453
      4578.22       9.4024425     0.043738409
      4582.80       9.2442317     0.043806089
      4587.38       8.6889284     0.043814710
      4591.97       7.9603347     0.043826369
      4596.56       7.1004496     0.043879507
      4601.16       6.2942579     0.043916374
      4605.76       5.8102042     0.043910335
      4610.37       5.4660654     0.043946914
      4614.98       5.1501260     0.042996792
      4619.59       4.8041424     0.043991839
      4624.21       4.4025088     0.044019111
      4628.84       3.9853721     0.043085091
      4633.47       3.5644660     0.044069516
      4638.10       3.1366505     0.044085748
      4642.74       2.7794295     0.043154900
      4647.38       2.4652707     0.044140969
      4652.03       2.2504310     0.044150186
      4656.68       2.0852704     0.043219425
      4661.34       1.9669218     0.044202836
      4666.00       1.8589642     0.044210063
      4670.67       1.7783993     0.043273864
      4675.33       1.7231295     0.044258382
      4680.01       1.6574815     0.044270166
      4684.69       1.6041361     0.043318674
      4689.38       1.5528628     0.044301896
      4694.07       1.5180325     0.044319749
      4698.76       1.4650859     0.043354275
      4703.46       1.4260819     0.044342331
      4708.16       1.3973570     0.043456004
      4712.87       1.3849121     0.043381759
      4717.58       1.3714720     0.044378882
      4722.30       1.3334653     0.043465617
      4727.03       1.3088433     0.043404196
      4731.75       1.2873298     0.044414790
      4736.48       1.2646535     0.043469391
      4741.22       1.2232753     0.043420189
      4745.96       1.1872059     0.043559674
      4750.71       1.1644907     0.043466965
      4755.46       1.1546536     0.044454345
      4760.22       1.1439636     0.043538816
      4764.97       1.1367063     0.043465677
      4769.74       1.1530251     0.043622364
      4774.51       1.1610975     0.043515441
      4779.29       1.1654741     0.043467427
      4784.07       1.1532543     0.043573950
      4788.85       1.1462738     0.043493251
      4793.64       1.1455054     0.043652996
      4798.43       1.1202375     0.043530661
      4803.23       1.1114873     0.043479344
      4808.03       1.1149974     0.043582087
      4812.84       1.1253477     0.043495674
      4817.66       1.1234422     0.043640886
      4822.48       1.1206876     0.043524620
      4827.30       1.1237828     0.042668186
      4832.12       1.1320014     0.043555513
      4836.96       1.1382738     0.043479470
      4841.79       1.1281353     0.043596294
      4846.63       1.1249680     0.043490636
      4851.48       1.1448431     0.042653764
      4856.33       1.1564168     0.043510814
      4861.19       1.1661802     0.042642877
      4866.05       1.1806872     0.043523767
      4870.92       1.1952529     0.042633568
      4875.79       1.2140881     0.043545595
      4880.66       1.2206624     0.043439934
      4885.55       1.2286533     0.042608593
      4890.43       1.2261397     0.043439971
      4895.32       1.2257056     0.042586413
      4900.22       1.2194487     0.043437628
      4905.12       1.2221809     0.042570602
      4910.02       1.2259922     0.043436137
      4914.94       1.2347191     0.042547442
      4919.85       1.2559484     0.043430571
      4924.77       1.2637833     0.042527857
      4929.70       1.2723520     0.042521015
      4934.62       1.2693557     0.042502935
      4939.56       1.2676034     0.042489807
      4944.50       1.2494510     0.042478645
      4949.44       1.2415044     0.042453380
      4954.39       1.2287480     0.042454412
      4959.35       1.2278368     0.042419996
      4964.31       1.2278869     0.042426223
      4969.27       1.2191332     0.042386281
      4974.24       1.2255573     0.042392629
      4979.22       1.2235793     0.042347452
      4984.20       1.2379226     0.042354729
      4989.18       1.2426773     0.042310148
      4994.17       1.2413621     0.042314024
      4999.16       1.2387501     0.042266495
      5004.16       1.2472223     0.042272180
      5009.17       1.2433706     0.042224032
      5014.18       1.2238870     0.042228227
      5019.19       1.2265319     0.042185184
      5024.21       1.2287193     0.042177717
      5029.23       1.2315630     0.042136832
      5034.26       1.2226138     0.042123233
      5039.30       1.2162991     0.042091246
      5044.34       1.2087655     0.042068024
      5049.39       1.2018123     0.042045052
      5054.43       1.1900251     0.042012636
      5059.49       1.1723250     0.041997225
      5064.55       1.1791977     0.041954360
      5069.61       1.1812056     0.041108333
      5074.68       1.1830339     0.041895033
      5079.76       1.1782494     0.041035402
      5084.84       1.1892472     0.041839133
      5089.92       1.2025449     0.040963819
      5095.01       1.2169246     0.041779397
      5100.11       1.2416993     0.040893033
      5105.21       1.2855405     0.040940154
      5110.31       1.3534439     0.040820527
      5115.42       1.4489748     0.040849020
      5120.54       1.5474362     0.041619519
      5125.66       1.6478595     0.040760501
      5130.79       1.7391393     0.041552981
      5135.92       1.8096635     0.040675702
      5141.05       1.8533151     0.040721171
      5146.20       1.8876793     0.040591436
      5151.34       1.9155018     0.040616521
      5156.49       1.9553514     0.040515566
      5161.65       2.0151560     0.040513977
      5166.81       2.0859365     0.040571109
      5171.98       2.1714394     0.040420354
      5177.15       2.2678307     0.040449156
      5182.33       2.3488342     0.040335564
      5187.51       2.4025960     0.040336646
      5192.70       2.4129099     0.040390065
      5197.89       2.3905869     0.040232409
      5203.09       2.3302723     0.040256970
      5208.29       2.2757059     0.040140686
      5213.50       2.2136149     0.040136840
      5218.72       2.1721074     0.040180537
      5223.93       2.1490911     0.040027148
      5229.16       2.1335583     0.040040205
      5234.39       2.1032725     0.039234614
      5239.62       2.0508086     0.039916198
      5244.86       1.9856699     0.039944051
      5250.11       1.9401188     0.039811198
      5255.36       1.8812312     0.039802999
      5260.61       1.8297199     0.039026203
      5265.87       1.7994113     0.039684246
      5271.14       1.7781857     0.039686303
      5276.41       1.7640680     0.038894248
      5281.69       1.7573538     0.039556342
      5286.97       1.7449575     0.039562760
      5292.26       1.7112354     0.038755865
      5297.55       1.6842007     0.039422243
      5302.85       1.6432239     0.038677219
      5308.15       1.5910047     0.038618227
      5313.46       1.5587583     0.039282329
      5318.77       1.5354734     0.038536297
      5324.09       1.5270679     0.038475719
      5329.42       1.5261293     0.039138844
      5334.75       1.5314830     0.038391484
      5340.08       1.5163267     0.038330518
      5345.42       1.5055919     0.038982473
      5350.77       1.4829280     0.038246777
      5356.12       1.4408714     0.038180806
      5361.48       1.4064677     0.038143881
      5366.83       1.3845626     0.038100336
      5372.20       1.3632131     0.038030040
      5377.58       1.3456452     0.037984687
      5382.95       1.3446163     0.037955436
      5388.34       1.3646834     0.037875672
      5393.72       1.3685428     0.037823272
      5399.12       1.3825431     0.037070765
      5404.52       1.3822362     0.037725939
      5409.92       1.3716769     0.037662292
      5415.33       1.3440206     0.037620523
      5420.75       1.3223836     0.037575451
      5426.17       1.2620621     0.037499940
      5431.60       1.2508520     0.037448601
      5437.03       1.2507840     0.036699905
      5442.47       1.2531046     0.037346217
      5447.91       1.2620084     0.037278160
      5453.36       1.2716689     0.037231529
      5458.81       1.2520384     0.036489437
      5464.27       1.2284729     0.037116113
      5469.73       1.2102319     0.037052537
      5475.20       1.1800484     0.036300292
      5480.68       1.1870804     0.036272444
      5486.16       1.1792216     0.036885326
      5491.65       1.1697153     0.036821054
      5497.14       1.1414651     0.036074367
      5502.64       1.1041040     0.036043308
      5508.14       1.0674993     0.036651992
      5513.65       1.0415196     0.036587589
      5519.16      0.99342384     0.035839512
      5524.68      0.96219074     0.035802192
      5530.20      0.94881304     0.035780396
      5535.73      0.94113837     0.036347638
      5541.27      0.92927920     0.035599379
      5546.81      0.91923229     0.035556483
      5552.36      0.90618205     0.035525228
      5557.91      0.88924157     0.036107214
      5563.47      0.85445755     0.035356125
      5569.04      0.78986205     0.035303695
      5574.60      0.75288938     0.035261207
      5580.18      0.73659555     0.035230839
      5585.76      0.69525997     0.035210218
      5591.35      0.67214025     0.035051496
      5596.94      0.63914409     0.034999225
      5602.53      0.60602374     0.034955951
      5608.14      0.57981772     0.034921499
      5613.75      0.55476152     0.034229696
      5619.36      0.51550340     0.034740084
      5624.98      0.50755986     0.034682490
      5630.60      0.48539858     0.034635577
      5636.23      0.45997049     0.034595008
      5641.87      0.45395802     0.034560565
      5647.51      0.43759852     0.033856964
      5653.16      0.42614601     0.034360787
      5658.82      0.44072792     0.034306404
      5664.47      0.47435849     0.034256931
      5670.14      0.50134457     0.034211992
      5675.81      0.51346413     0.033548475
      5681.48      0.51351002     0.033478053
      5687.17      0.50136435     0.033413292
      5692.85      0.49092972     0.033916449
      5698.55      0.46827960     0.033861366
      5704.25      0.44415198     0.033811701
      5709.95      0.43608601     0.033171257
      5715.66      0.44818750     0.033098194
      5721.38      0.46674956     0.033029779
      5727.10      0.47585387     0.032965474
      5732.83      0.49001654     0.032903018
      5738.56      0.49562050     0.033397749
      5744.30      0.50558695     0.033343856
      5750.04      0.50125876     0.032725738
      5755.79      0.49889262     0.032650607
      5761.55      0.49576411     0.032579697
      5767.31      0.50008526     0.032509636
      5773.08      0.51527460     0.032443800
      5778.85      0.53134939     0.032380898
      5784.63      0.54194621     0.032317242
      5790.41      0.58049603     0.032257356
      5796.21      0.62480786     0.032215988
      5802.00      0.63630802     0.032138879
      5807.81      0.66821231     0.032065899
      5813.61      0.70742017     0.031992597
      5819.43      0.75782301     0.031922075
      5825.25      0.80924855     0.031854280
      5831.07      0.87643512     0.031786810
      5836.90      0.93376965     0.031723506
      5842.74       1.0072616     0.031668202
      5848.58       1.0819433     0.031613212
      5854.43       1.1464296     0.031017759
      5860.29       1.2097811     0.031005686
      5866.15       1.2677472     0.031007669
      5872.01       1.3272253     0.031012405
      5877.89       1.4067893     0.030994195
      5883.76       1.5035638     0.030944832
      5889.65       1.5825423     0.030876695
      5895.54       1.6428879     0.030807029
      5901.43       1.6852561     0.031260399
      5907.34       1.6975747     0.031175884
      5913.24       1.6773418     0.031090099
      5919.16       1.6284062     0.031018236
      5925.08       1.5709950     0.030959116
      5931.00       1.5361286     0.030900082
      5936.93       1.5017609     0.030826163
      5942.87       1.4745012     0.030731549
      5948.81       1.4406752     0.030633092
      5954.76       1.4000229     0.030548749
      5960.72       1.3285092     0.029933723
      5966.68       1.2660757     0.029850496
      5972.64       1.2070906     0.029764448
      5978.62       1.1405305     0.029677135
      5984.60       1.1020177     0.029594261
      5990.58       1.0314656     0.029510052
      5996.57      0.96183583     0.029426802
      6002.57      0.91244982     0.029353501
      6008.57      0.86744554     0.029283424
      6014.58      0.81599391     0.029214879
      6020.60      0.76892681     0.029150310
      6026.62      0.72684859     0.028631829
      6032.65      0.70686361     0.028568895
      6038.68      0.71907104     0.028506998
      6044.72      0.69618131     0.028444472
      6050.76      0.67350007     0.028384532
      6056.81      0.68102353     0.028322632
      6062.87      0.68935259     0.028261017
      6068.93      0.70370653     0.028201884
      6075.00      0.73326575     0.028140952
      6081.08      0.75175813     0.028080728
      6087.16      0.81672014     0.028485699
      6093.25      0.89947256     0.028418022
      6099.34      0.96365766     0.028351773
      6105.44      0.98505862     0.028284013
      6111.54       1.0272750     0.028219005
      6117.66       1.0667583     0.028154602
      6123.78       1.0948511     0.028088292
      6129.90       1.1450728     0.027587499
      6136.03       1.2201757     0.027527261
      6142.17       1.3347369     0.027465042
      6148.31       1.4989666     0.027405998
      6154.46       1.6553255     0.027347349
      6160.61       1.8174004     0.027290607
      6166.77       2.0105851     0.027235857
      6172.94       2.2494945     0.027181516
      6179.11       2.5199463     0.027129090
      6185.29       2.8647049     0.027078823
      6191.48       3.3227497     0.027004348
      6197.67       3.8213902     0.026942795
      6203.87       4.3843911     0.026882488
      6210.07       4.9695049     0.026824900
      6216.28       5.5857180     0.026770129
      6222.50       6.2618851     0.026718330
      6228.72       6.8897471     0.026679392
      6234.95       7.4851431     0.026653745
      6241.19       8.1259806     0.026193120
      6247.42       8.6144018     0.026220743
      6253.67       9.0303307     0.026757945
      6259.93       9.3937553     0.026849790
      6266.19       9.8193607     0.026901456
      6272.46       10.261974     0.026883151
      6278.73       10.813516     0.026797570
      6285.01       11.612631     0.026214614
      6291.29       12.721788     0.026095845
      6297.58       13.934427     0.025981493
      6303.88       14.899381     0.026278802
      6310.19       15.420638     0.026176436
      6316.50       15.438965     0.025682347
      6322.81       15.209739     0.025588582
      6329.14       14.567578     0.025506616
      6335.47       13.674049     0.025431500
      6341.80       12.867934     0.025365697
      6348.14       12.370906     0.025726734
      6354.49       12.184790     0.025267881
      6360.85       12.004249     0.025196203
      6367.21       11.711925     0.025130927
      6373.57       11.266727     0.025071615
      6379.95       10.688708     0.025018995
      6386.33       9.8717501     0.024998581
      6392.72       8.8647473     0.024933947
      6399.11       7.7728106     0.024875388
      6405.51       6.7536476     0.024825592
      6411.92       5.9175896     0.024421968
      6418.32       5.2440584     0.024772124
      6424.74       4.6764525     0.024719175
      6431.17       4.1778947     0.024679390
      6437.60       3.7915722     0.024299433
      6444.04       3.4444609     0.024294906
      6450.48       3.1426786     0.024681589
      6456.94       2.8198738     0.024665385
      6463.39       2.5408200     0.024643742
      6469.85       2.2983816     0.024248410
      6476.33       2.0852387     0.024567418
      6482.80       1.9099556     0.024488101
      6489.28       1.7522627     0.024077679
      6495.77       1.6440562     0.024041571
      6502.27       1.5613288     0.024012094
      6508.77       1.4812442     0.024322950
      6515.28       1.3940095     0.023906657
      6521.80       1.3606425     0.023862106
      6528.32       1.3258701     0.023839169
      6534.85       1.2776504     0.024162523
      6541.38       1.2308079     0.023770441
      6547.92       1.1823837     0.023733374
      6554.47       1.1373833     0.024048835
      6561.03       1.0730427     0.023637283
      6567.59       1.0314314     0.023588814
      6574.16      0.99355126     0.023553733
      6580.73      0.97146233     0.023510417
      6587.31      0.94488566     0.023473737
      6593.90      0.95344972     0.023450976
      6600.50      0.97948497     0.023067632
      6607.10      0.99943551     0.023399088
      6613.70       1.0124031     0.023375965
      6620.32       1.0110121     0.023002035
      6626.94      0.99805681     0.023331461
      6633.57      0.97507735     0.023308836
      6640.20      0.94165940     0.022941061
      6646.84      0.90965457     0.023269450
      6653.49      0.88765558     0.023248211
      6660.14      0.85632444     0.022883294
      6666.80      0.83213607     0.023214667
      6673.47      0.79834605     0.023196197
      6680.14      0.77136926     0.022833103
      6686.82      0.74125086     0.023166542
      6693.51      0.71179653     0.023150353
      6700.20      0.69038422     0.022787248
      6706.90      0.66747378     0.023124666
      6713.61      0.64139048     0.022782749
      6720.32      0.62904173     0.022748791
      6727.05      0.62055191     0.023090423
      6733.77      0.62099137     0.022745723
      6740.51      0.62536613     0.022717549
      6747.25      0.61580058     0.023066050
      6754.00      0.62360439     0.022715833
      6760.75      0.62750303     0.022693705
      6767.51      0.63374462     0.022721402
      6774.28      0.64112180     0.022692514
      6781.05      0.63694296     0.022681981
      6787.84      0.63365163     0.022700359
      6794.62      0.62766568     0.022681961
      6801.42      0.61352676     0.022715602
      6808.22      0.59010697     0.022695519
      6815.03      0.56403704     0.022446869
      6821.85      0.54586654     0.022859272
      6828.67      0.54092450     0.022943734
      6835.50      0.53320545     0.023430666
      6842.33      0.51846810     0.024112158
      6849.17      0.51599825     0.024706765
      6856.02      0.51335310     0.025950736
      6862.88      0.49479833     0.025929833
      6869.74      0.47840676     0.026192872
      6876.61      0.44963825     0.025395277
      6883.49      0.44678583     0.025351248
      6890.37      0.45992224     0.024591965
      6897.27      0.47086441     0.024196976
      6904.16      0.48079288     0.024140201
      6911.07      0.50593950     0.023589492
      6917.98      0.52008443     0.023774902
      6924.89      0.51222571     0.023339663
      6931.82      0.52135860     0.023583817
      6938.75      0.53715067     0.023152794
      6945.69      0.55877418     0.023373846
      6952.64      0.57444478     0.022973144
      6959.59      0.58687337     0.023284249
      6966.55      0.59734294     0.022989486
      6973.52      0.62009447     0.023055506
      6980.49      0.63926436     0.023118704
      6987.47      0.63908931     0.023160695
      6994.46      0.65391692     0.023181905
      7001.46      0.68126247     0.023204568
      7008.46      0.72198913     0.023204129
      7015.46      0.75039969     0.022871824
      7022.48      0.79621683     0.023200050
      7029.51      0.83677112     0.022877893
      7036.53      0.86560885     0.023223006
      7043.57      0.90613768     0.022908501
      7050.62      0.95579169     0.023256720
      7057.66       1.0141058     0.022938448
      7064.72       1.0639863     0.023298378
      7071.79       1.1168982     0.022988314
      7078.86       1.1693791     0.023363962
      7085.94       1.2208999     0.023409317
      7093.03       1.2298969     0.023128873
      7100.12       1.2262588     0.023503993
      7107.22       1.2370490     0.023233218
      7114.33       1.2735534     0.023649364
      7121.44       1.3178224     0.023422946
      7128.56       1.3660889     0.023915603
      7135.69       1.4446735     0.023810509
      7142.83       1.5214494     0.024274227
      7149.97       1.6150428     0.024691879
      7157.12       1.6992452     0.025369270
      7164.28       1.8224349     0.026256599
      7171.44       1.9606681     0.026185444
      7178.62       2.1373429     0.026232165
      7185.80       2.3962084     0.026016922
      7192.98       2.7274856     0.025677370
      7200.17       3.1320889     0.025156731
      7207.38       3.5540801     0.025507174
      7214.58       3.9989063     0.025797621
      7221.80       4.3672241     0.026007792
      7229.02       4.7246979     0.026218587
      7236.25       4.9821254     0.025928920
      7243.49       5.2132184     0.026298408
      7250.73       5.3690590     0.026364507
      7257.98       5.4782292     0.026030562
      7265.24       5.5212545     0.026391413
      7272.51       5.4772470     0.026406087
      7279.78       5.3360911     0.026020425
      7287.06       5.2318420     0.026346901
      7294.35       5.2428554     0.025931264
      7301.64       5.3002376     0.025805396
      7308.94       5.4493324     0.026036328
      7316.25       5.5958619     0.025614609
      7323.57       5.7864214     0.025587232
      7330.89       5.8939371     0.025967294
      7338.22       5.9170564     0.025678998
      7345.56       5.8675687     0.025752563
      7352.91       5.8004106     0.026165060
      7360.26       5.6780200     0.025879770
      7367.62       5.4934526     0.025947015
      7374.99       5.2157864     0.026029246
      7382.37       4.9045526     0.026085611
      7389.75       4.5271981     0.026163483
      7397.14       4.0973849     0.026259696
      7404.53       3.6730873     0.026339633
      7411.94       3.2442512     0.026442395
      7419.35       2.8191889     0.026557341
      7426.77       2.4484242     0.026300200
      7434.20       2.1437220     0.026776372
      7441.63       1.8921818     0.026904258
      7449.07       1.6960291     0.027044507
      7456.52       1.5482830     0.026798788
      7463.98       1.4426690     0.027289724
      7471.45       1.3555551     0.027432218
      7478.92       1.2559318     0.027182183
      7486.40       1.1369545     0.027341416
      7493.88       1.0541494     0.027846290
      7501.38      0.97820537     0.027998253
      7508.88      0.90740170     0.027747085
      7516.39      0.83939140     0.027912407
      7523.91      0.79524027     0.028090085
      7531.43      0.76212233     0.028625199
      7538.96      0.74112327     0.028533087
      7546.50      0.72889480     0.029108347
      7554.05      0.70950450     0.029831672
      7561.60      0.73650108     0.031717391
      7569.16      0.74745483     0.034564398
      7576.73      0.74895058     0.040190742
      7584.31      0.74388779     0.047196139
      7591.89      0.76544970     0.053522462
      7599.49      0.76907170     0.055864081
      7607.09      0.76491391     0.054647079
      7614.70      0.77259486     0.051454906
      7622.31      0.81868900     0.048271294
      7629.93      0.85720138     0.044182637
      7637.56      0.85438945     0.040223903
      7645.20      0.88875510     0.037084597
      7652.85      0.93742583     0.034938391
      7660.50      0.99959072     0.034078078
      7668.16       1.0604729     0.033133370
      7675.83       1.0945403     0.032588609
      7683.50       1.1213665     0.031924015
      7691.19       1.1488302     0.031823026
      7698.88       1.1842225     0.031857385
      7706.58       1.1901299     0.031980140
      7714.29       1.1936086     0.032527480
      7722.00       1.2142901     0.032724966
      7729.73       1.2335820     0.032489736
      7737.45       1.1954589     0.032696949
      7745.19       1.1761268     0.032911460
      7752.94       1.1385187     0.033133448
      7760.69       1.1132585     0.033358444
      7768.45       1.1197515     0.033589804
      7776.22       1.1172147     0.033823186
      7784.00       1.1164981     0.034061419
      7791.78       1.1334982     0.034237855
      7799.57       1.1276093     0.034469216
      7807.37       1.0775440     0.034704038
      7815.18       1.0801538     0.034942807
      7822.99       1.0483672     0.035187060
      7830.82      0.95869606     0.035442722
      7838.65      0.91401322     0.035715125
      7846.49      0.85675269     0.036004329
      7854.34      0.82579231     0.036314422
      7862.19      0.80541712     0.036639700
      7870.05      0.75686389     0.036436230
      7877.93      0.74357857     0.036739633
      7885.80      0.76833241     0.037023526
      7893.69      0.78406062     0.037280211
      7901.58      0.73127018     0.037515606
      7909.49      0.72495328     0.037739926
      7917.40      0.69651823     0.037980307
      7925.31      0.66517014     0.038260642
      7933.24      0.62168820     0.038582526
      7941.17      0.58795625     0.038913918
      7949.11      0.56977077     0.039222622
      7957.06      0.54942025     0.039494626
      7965.02      0.55473943     0.039768716
      7972.98      0.56999616     0.040073145
      7980.96      0.59477567     0.040407767
      7988.94      0.60842135     0.040732324
      7996.93      0.62065433     0.041042708
      8004.93      0.62726859     0.041336718
      8012.93      0.67163489     0.041615370
      8020.95      0.68132750     0.041880675
      8028.97      0.67373472     0.042141613
      8036.99      0.66898645     0.042405360
      8045.03      0.67004642     0.042697959
      8053.08      0.64231885     0.043027619
      8061.13      0.61730476     0.043398110
      8069.20      0.61885786     0.043805984
      8077.26      0.60100153     0.044269289
      8085.34      0.60060363     0.044792819
      8093.43      0.60296998     0.045424721
      8101.52      0.59699020     0.046210774
      8109.62      0.59381942     0.046722341
      8117.73      0.54598170     0.047783398
      8125.85      0.48242706     0.048922752
      8133.98      0.46401222     0.049991587
      8142.11      0.49812495     0.050833995
      8150.25      0.56435556     0.051368444
      8158.41      0.63481862     0.051624548
      8166.56      0.66308114     0.051651238
      8174.73      0.67151890     0.051473888
      8182.91      0.62367191     0.051305450
      8191.09      0.54235492     0.051756744
      8199.28      0.45911381     0.052529463
      8207.48      0.44757800     0.053241487
      8215.69      0.45332030     0.053599924
      8223.91      0.49905178     0.053464911
      8232.13      0.50440975     0.053124748
      8240.36      0.48579488     0.053138001
      8248.60      0.53137997     0.053140246
      8256.85      0.52070773     0.053700819
      8265.11      0.52095069     0.054109226
      8273.37      0.51479924     0.055187841
      8281.65      0.50072468     0.055406625
      8289.93      0.48211084     0.055592712
      8298.22      0.50464706     0.055188469
      8306.52      0.49661883     0.055345187
      8314.83      0.47695975     0.055453691
      8323.14      0.47517326     0.055557677
      8331.46      0.49802038     0.056439384
      8339.80      0.49015409     0.056680103
      8348.13      0.48695770     0.056314815
      8356.48      0.46021559     0.056568919
      8364.84      0.43941610     0.056841182
      8373.21      0.47479961     0.057161485
      8381.58      0.48432392     0.057704692
      8389.96      0.44728627     0.058056996
      8398.35      0.44454913     0.058428200
      8406.75      0.46619105     0.058808079
      8415.16      0.55527206     0.059196710
      8423.57      0.62457994     0.058992854
      8432.00      0.65844702     0.060184131
      8440.43      0.71108253     0.060588919
      8448.87      0.76760684     0.061021371
      8457.32      0.79356778     0.060863793
      8465.78      0.76826552     0.061350021
      8474.25      0.76562210     0.062630331
      8482.72      0.74916749     0.063102662
      8491.20      0.79172869     0.062915623
      8499.69      0.82560617     0.063383022
      8508.19      0.84324806     0.064662355
      8516.70      0.89704317     0.064457390
      8525.22      0.93255910     0.064920834
      8533.75      0.98920800     0.065392469
      8542.28       1.0492499     0.066662512
      8550.82       1.1618465     0.066415891
      8559.37       1.2875896     0.066890777
      8567.93       1.3927221     0.067391216
      8576.50       1.5788995     0.068008268
      8585.08       1.7705764     0.068502781
      8593.66       1.9440055     0.069020324
      8602.26       2.0724727     0.069674096
      8610.86       2.1742673     0.070174097
      8619.47       2.2265860     0.070713928
      8628.09       2.2237399     0.070506694
      8636.72       2.1522681     0.071972714
      8645.36       2.0393917     0.072527364
      8654.00       1.9614140     0.072275114
      8662.66       1.9612635     0.073714400
      8671.32       1.9205711     0.074232345
      8679.99       1.9205275     0.073948616
      8688.67       1.9077916     0.075427215
      8697.36       1.8334840     0.075190011
      8706.06       1.8413186     0.075697805
      8714.76       1.9367631     0.077236076
      8723.48       2.1152567     0.076997566
      8732.21       2.2094238     0.077529953
      8740.93       2.3111998     0.079113669
      8749.68       2.3360201     0.078849055
      8758.43       2.3409301     0.079406413
      8767.19       2.3780588     0.080221834
      8775.96       2.1013983     0.080780608
      8784.73       1.8651866     0.081645374
      8793.52       1.7638942     0.082181838
      8802.31       1.8182608     0.082748311
      8811.11       1.7742355     0.083560518
      8819.92       1.7915264     0.084118091
      8828.75       1.8677928     0.083898994
      8837.57       2.1065823     0.085552612
      8846.41       2.2445916     0.085320616
      8855.26       2.1617807     0.087009559
      8864.12       2.0068140     0.086757035
      8872.98       1.8446631     0.088510324
      8881.85       1.7207917     0.089197875
      8890.73       1.5984428     0.089253800
      8899.63       1.4904748     0.091438869
      8908.52       1.2445785     0.091971526
      8917.43       1.2283250     0.094974430
      8926.35      0.97576515     0.096414673
      8935.28      0.79084059      0.10028107
      8944.22      0.69854652      0.10208870
      8953.16      0.56713849      0.10476209
      8962.11      0.51150106      0.10753889
      8971.08      0.53427729      0.10914179
      8980.05      0.68505408      0.11020446
      8989.03      0.62412031      0.11019478
      8998.02      0.51261305      0.10913840
      9007.02      0.50134031      0.10813676
      9016.02      0.41281777      0.10706715
      9025.04      0.50004658      0.10589458
      9034.07      0.42575690      0.10831520
      9043.10      0.49719235      0.10958313
      9052.14      0.67510759      0.11328188
      9061.20      0.73706620      0.11413429
      9070.26      0.82726330      0.11691932
      9079.33      0.78720770      0.11623152
      9088.41      0.79606787      0.11847004
      9097.50      0.82614845      0.11826754
      9106.60      0.73884004      0.11980174
      9115.70      0.69616117      0.12246771
      9124.82      0.86763465      0.12210258
      9133.94       1.1023504      0.12405458
      9143.08       1.0405881      0.12290407
      9152.22       1.0317622      0.12287206
      9161.37      0.93882232      0.12208940
      9170.54      0.78176093      0.12112815
      9179.71      0.92813207      0.12052678
      9188.89      0.81218295      0.12030414
      9198.08      0.88472440      0.12107616
      9207.28      0.98087829      0.12184133
      9216.48       1.1634339      0.12315847
      9225.70       1.0520849      0.12321636
      9234.92       1.0658515      0.12639428
      9244.16      0.93438801      0.13636885
      9253.40      0.95041782      0.15253278
      9262.66       1.2445181      0.18567833
      9271.92       1.2377793      0.27661206
