# starting wavelength =        3651.3700
# ending wavelength =        7401.3800
# O2 telluric scale =        0
# O2 telluric shift =        0
# H2O telluric scale =        0
# H2O telluric shift =        0
      3652.50       1.4238561     0.034024754
      3656.16       1.4128844     0.028830361
      3659.81       1.4010876     0.024691750
      3663.47       1.3893579     0.021969540
      3667.14       1.3795754     0.019311247
      3670.80       1.3700348     0.017223692
      3674.48       1.3605197     0.015330949
      3678.15       1.3517877     0.014135603
      3681.83       1.3416942     0.013215813
      3685.51       1.3333508     0.012503220
      3689.20       1.3198048     0.012015031
      3692.88       1.3132668     0.011549280
      3696.58       1.3082718     0.011178421
      3700.27       1.3004251     0.010802498
      3703.98       1.2948136     0.010563909
      3707.68       1.2901928     0.010365401
      3711.39       1.2821394     0.010151600
      3715.10       1.2777907     0.010000016
      3718.81       1.2744626    0.0098701571
      3722.53       1.2710530    0.0098387705
      3726.26       1.2668695    0.0098653664
      3729.98       1.2580268    0.0098926930
      3733.71       1.2557524    0.0098110278
      3737.45       1.2562329    0.0098379821
      3741.18       1.2575958    0.0098662745
      3744.93       1.2636831    0.0098343291
      3748.67       1.2687492    0.0098120255
      3752.42       1.2742296    0.0098396593
      3756.17       1.2839727    0.0098089004
      3759.93       1.2928274    0.0098372340
      3763.69       1.2974492    0.0098156751
      3767.45       1.2993121    0.0097830157
      3771.22       1.3022509    0.0098125869
      3774.99       1.3061170    0.0098431434
      3778.77       1.3164325    0.0097580720
      3782.54       1.3246121    0.0097890508
      3786.33       1.3333405    0.0098191095
      3790.11       1.3452138    0.0097884674
      3793.90       1.3529837    0.0098195589
      3797.70       1.3564748    0.0097983871
      3801.50       1.3629964    0.0097654634
      3805.30       1.3647558    0.0097973680
      3809.10       1.3639658    0.0098313150
      3812.91       1.3673641    0.0097991177
      3816.73       1.3663962    0.0097776631
      3820.54       1.3707700    0.0097449570
      3824.36       1.3698628    0.0097783439
      3828.19       1.3686322    0.0098135937
      3832.02       1.3645057    0.0097816262
      3835.85       1.3610824    0.0098172170
      3839.68       1.3668640    0.0097936105
      3843.52       1.3654863    0.0097622974
      3847.37       1.3672682    0.0097992578
      3851.22       1.3700217    0.0097672685
      3855.07       1.3755801    0.0098042775
      3858.92       1.3805773    0.0098423023
      3862.78       1.3844930    0.0097494645
      3866.64       1.3837445    0.0097886390
      3870.51       1.3888836    0.0097562921
      3874.38       1.3918477    0.0097946052
      3878.26       1.4005622    0.0098349283
      3882.13       1.4129208    0.0098029803
      3886.02       1.4151881    0.0098437082
      3889.90       1.4223909    0.0097490000
      3893.79       1.4322457    0.0097884450
      3897.69       1.4337876    0.0098318980
      3901.59       1.4319399    0.0097992992
      3905.49       1.4287243    0.0098409539
      3909.39       1.4347177    0.0098108620
      3913.30       1.4315476    0.0098537068
      3917.22       1.4361527    0.0098977880
      3921.13       1.4415786    0.0098677939
      3925.06       1.4440826    0.0099128648
      3928.98       1.4457868    0.0098117207
      3932.91       1.4523868    0.0098590228
      3936.84       1.4526903    0.0098263864
      3940.78       1.4549812    0.0098724518
      3944.72       1.4542670    0.0099227872
      3948.67       1.4537492    0.0098898750
      3952.61       1.4577709    0.0099382588
      3956.57       1.4689923    0.0099081428
      3960.52       1.4716276    0.0099584053
      3964.48       1.4838937    0.0099266053
      3968.45       1.5023272    0.0099787565
      3972.42       1.5134359     0.010032950
      3976.39       1.5138705     0.010000459
      3980.37       1.5132524     0.010055210
      3984.35       1.5160991     0.010025677
      3988.33       1.5158717     0.010080388
      3992.32       1.5193217    0.0099673486
      3996.31       1.5171777     0.010026292
      4000.31       1.5176561    0.0099930645
      4004.31       1.5109921     0.010049309
      4008.31       1.5089730     0.010113726
      4012.32       1.4952196     0.010079352
      4016.33       1.4780637     0.010138324
      4020.35       1.4645296     0.010106733
      4024.37       1.4426143     0.010173504
      4028.40       1.4256661     0.010139397
      4032.42       1.4141165     0.010106945
      4036.46       1.4123357     0.010170562
      4040.50       1.4094181     0.010052974
      4044.54       1.4035985     0.010019743
      4048.58       1.4012960    0.0099876168
      4052.63       1.4068133    0.0099567166
      4056.68       1.4040924    0.0099341117
      4060.74       1.4136281    0.0099014495
      4064.80       1.4286166    0.0098699676
      4068.86       1.4423496    0.0097530031
      4072.93       1.4530441    0.0098173051
      4077.01       1.4433738    0.0097849582
      4081.08       1.4362425    0.0097534798
      4085.17       1.4412881    0.0096378190
      4089.25       1.4359337    0.0096086534
      4093.34       1.4255842    0.0096699450
      4097.43       1.4193939    0.0096386577
      4101.53       1.4154825    0.0095240576
      4105.63       1.4045744    0.0094947780
      4109.74       1.3926500    0.0094663796
      4113.85       1.3841364    0.0094388209
      4117.96       1.3734836    0.0094122084
      4122.08       1.3636355    0.0093829807
      4126.20       1.3622886    0.0093541401
      4130.33       1.3702845    0.0093260513
      4134.46       1.3692013    0.0092986810
      4138.59       1.3647905    0.0091889318
      4142.73       1.3650130    0.0092437457
      4146.88       1.3594872    0.0092154868
      4151.02       1.3420885    0.0091875086
      4155.18       1.3327417    0.0090822415
      4159.33       1.3290686    0.0090530566
      4163.49       1.3244985    0.0090245957
      4167.65       1.3082515    0.0090787066
      4171.82       1.2947900    0.0090512715
      4175.99       1.2874256    0.0089491712
      4180.17       1.2837470    0.0089202298
      4184.35       1.2705898    0.0088919658
      4188.54       1.2628389    0.0088640271
      4192.72       1.2564146    0.0088365570
      4196.92       1.2548719    0.0088095732
      4201.11       1.2484910    0.0087904062
      4205.31       1.2477217    0.0087622383
      4209.52       1.2487399    0.0087343443
      4213.73       1.2493083    0.0087067226
      4217.94       1.2519613    0.0086795149
      4222.16       1.2506039    0.0086528919
      4226.38       1.2475863    0.0085535448
      4230.61       1.2477874    0.0085277295
      4234.84       1.2544737    0.0085020958
      4239.08       1.2539592    0.0085534490
      4243.32       1.2510525    0.0085265033
      4247.56       1.2545816    0.0085000622
      4251.81       1.2567678    0.0084021528
      4256.06       1.2631616    0.0083764460
      4260.32       1.2648168    0.0083508310
      4264.58       1.2699351    0.0083255188
      4268.84       1.2751414    0.0083005693
      4273.11       1.2800037    0.0082757071
      4277.38       1.2932492    0.0082510963
      4281.66       1.3067468    0.0082265474
      4285.94       1.3208461    0.0081324119
      4290.23       1.3369331    0.0081075566
      4294.52       1.3556987    0.0081539824
      4298.81       1.3701767    0.0081290420
      4303.11       1.3807657    0.0081043241
      4307.42       1.3951139    0.0080798353
      4311.72       1.4072684    0.0080555107
      4316.04       1.4121694    0.0080313897
      4320.35       1.4163651    0.0080072977
      4324.67       1.4214197    0.0079192053
      4329.00       1.4252651    0.0078948853
      4333.33       1.4243464    0.0078706938
      4337.66       1.4256426    0.0078465309
      4342.00       1.4222369    0.0078225677
      4346.34       1.4191026    0.0077988234
      4350.69       1.4160259    0.0077750321
      4355.04       1.4140664    0.0077516042
      4359.39       1.4202819    0.0077283549
      4363.75       1.4206351    0.0077050618
      4368.12       1.4195323    0.0076818066
      4372.48       1.4230678    0.0076588475
      4376.86       1.4291670    0.0076359238
      4381.23       1.4301946    0.0075508802
      4385.61       1.4349809    0.0075283173
      4390.00       1.4335531    0.0075058901
      4394.39       1.4296294    0.0074833338
      4398.79       1.4272354    0.0074611389
      4403.18       1.4270988    0.0074390656
      4407.59       1.4241940    0.0074168327
      4412.00       1.4233386    0.0073947175
      4416.41       1.4217923    0.0073729857
      4420.82       1.4194565    0.0073511030
      4425.25       1.4175437    0.0073293128
      4429.67       1.4156375    0.0073076464
      4434.10       1.4181713    0.0072861057
      4438.54       1.4205253    0.0072645182
      4442.97       1.4265563    0.0072431394
      4447.42       1.4263772    0.0072218896
      4451.86       1.4280434    0.0072005448
      4456.32       1.4356703    0.0071792908
      4460.77       1.4404821    0.0070979195
      4465.24       1.4436482    0.0070772020
      4469.70       1.4476446    0.0070565144
      4474.17       1.4464193    0.0070359647
      4478.65       1.4501118    0.0070156633
      4483.12       1.4529758    0.0069951978
      4487.61       1.4536767    0.0069749853
      4492.09       1.4577367    0.0069549174
      4496.59       1.4575692    0.0069348980
      4501.08       1.4542163    0.0069149760
      4505.58       1.4549752    0.0068952957
      4510.09       1.4553889    0.0068756897
      4514.60       1.4527184    0.0068561239
      4519.12       1.4534100    0.0067775173
      4523.63       1.4482611    0.0067578863
      4528.16       1.4473498    0.0067384301
      4532.69       1.4387886    0.0067190087
      4537.22       1.4347902    0.0066997618
      4541.76       1.4279850    0.0066807136
      4546.30       1.4195329    0.0066616554
      4550.85       1.4154858    0.0066957777
      4555.40       1.4124078    0.0066769705
      4559.95       1.4049057    0.0066031970
      4564.51       1.3993792    0.0065839079
      4569.08       1.3919517    0.0065649092
      4573.65       1.3875525    0.0065460080
      4578.22       1.3832572    0.0065273585
      4582.80       1.3739535    0.0065087692
      4587.38       1.3688038    0.0064904933
      4591.97       1.3667704    0.0064195111
      4596.56       1.3618771    0.0064018583
      4601.16       1.3594966    0.0063843290
      4605.76       1.3567003    0.0063670541
      4610.37       1.3505842    0.0063978291
      4614.98       1.3485444    0.0063797068
      4619.59       1.3406119    0.0063618501
      4624.21       1.3398025    0.0062924067
      4628.84       1.3331518    0.0062751793
      4633.47       1.3257964    0.0062582091
      4638.10       1.3208214    0.0062414351
      4642.74       1.3107676    0.0062250973
      4647.38       1.3028501    0.0061559999
      4652.03       1.2954339    0.0061863568
      4656.68       1.2905781    0.0061694219
      4661.34       1.2837772    0.0061529364
      4666.00       1.2767386    0.0061367514
      4670.67       1.2663270    0.0060702299
      4675.33       1.2593423    0.0060533184
      4680.01       1.2542272    0.0060368565
      4684.69       1.2492103    0.0060671914
      4689.38       1.2453003    0.0060512610
      4694.07       1.2378482    0.0059864711
      4698.76       1.2358564    0.0059699135
      4703.46       1.2363406    0.0059537340
      4708.16       1.2358916    0.0059378100
      4712.87       1.2382207    0.0059222962
      4717.58       1.2333854    0.0059046397
      4722.30       1.2274215    0.0058884362
      4727.03       1.2241296    0.0058724612
      4731.75       1.2199570    0.0058570328
      4736.48       1.2182880    0.0057958547
      4741.22       1.2147936    0.0058246893
      4745.96       1.2118145    0.0058087897
      4750.71       1.2064728    0.0057935164
      4755.46       1.2037144    0.0057329453
      4760.22       1.2025869    0.0057186477
      4764.97       1.2018839    0.0057047395
      4769.74       1.1983341    0.0057313161
      4774.51       1.1932853    0.0056714749
      4779.29       1.1924145    0.0056574192
      4784.07       1.1885001    0.0056438465
      4788.85       1.1893374    0.0056256147
      4793.64       1.1874529    0.0056113652
      4798.43       1.1831729    0.0055976604
      4803.23       1.1803751    0.0055844367
      4808.03       1.1749004    0.0055251698
      4812.84       1.1659308    0.0055527673
      4817.66       1.1592709    0.0055395175
      4822.48       1.1560485    0.0054817622
      4827.30       1.1546956    0.0054678405
      4832.12       1.1508663    0.0054955035
      4836.96       1.1486771    0.0054392659
      4841.79       1.1503240    0.0054252367
      4846.63       1.1525022    0.0054118363
      4851.48       1.1598411    0.0053974412
      4856.33       1.1593353    0.0053834794
      4861.19       1.1550674    0.0053700766
      4866.05       1.1568686    0.0053164039
      4870.92       1.1638258    0.0053424547
      4875.79       1.1635044    0.0053291906
      4880.66       1.1629812    0.0052758813
      4885.55       1.1655307    0.0053021993
      4890.43       1.1674625    0.0052889243
      4895.32       1.1712254    0.0052361488
      4900.22       1.1732551    0.0052244379
      4905.12       1.1722405    0.0052494248
      4910.02       1.1789963    0.0051970939
      4914.94       1.1860582    0.0051856219
      4919.85       1.1930374    0.0052106397
      4924.77       1.1954765    0.0051588069
      4929.70       1.2007121    0.0051476770
      4934.62       1.2085156    0.0051330656
      4939.56       1.2151649    0.0051214227
      4944.50       1.2196977    0.0051105596
      4949.44       1.2281212    0.0050959395
      4954.39       1.2368913    0.0050846712
      4959.35       1.2439816    0.0050345832
      4964.31       1.2524872    0.0050596019
      4969.27       1.2618609    0.0050486831
      4974.24       1.2689207    0.0049987060
      4979.22       1.2830093    0.0050239921
      4984.20       1.2916057    0.0049752494
      4989.18       1.3003918    0.0049636142
      4994.17       1.3079713    0.0049891939
      4999.16       1.3132014    0.0049404185
      5004.16       1.3197735    0.0049294388
      5009.17       1.3230257    0.0049176912
      5014.18       1.3244358    0.0049062983
      5019.19       1.3244600    0.0048597580
      5024.21       1.3224890    0.0048838318
      5029.23       1.3229453    0.0048372246
      5034.26       1.3240821    0.0048617449
      5039.30       1.3222460    0.0048508677
      5044.34       1.3287922    0.0048053543
      5049.39       1.3301067    0.0048291140
      5054.43       1.3272373    0.0047835158
      5059.49       1.3280702    0.0048076074
      5064.55       1.3317214    0.0047620043
      5069.61       1.3334176    0.0047530136
      5074.68       1.3367746    0.0047409381
      5079.76       1.3363740    0.0047317910
      5084.84       1.3376569    0.0047202243
      5089.92       1.3377132    0.0047109859
      5095.01       1.3393132    0.0046666468
      5100.11       1.3399828    0.0046905911
      5105.21       1.3396647    0.0046468036
      5110.31       1.3377289    0.0046705692
      5115.42       1.3350107    0.0046272047
      5120.54       1.3333851    0.0046507861
      5125.66       1.3302384    0.0046079163
      5130.79       1.3243330    0.0045986422
      5135.92       1.3184497    0.0045888646
      5141.05       1.3102293    0.0045795762
      5146.20       1.3037508    0.0045700026
      5151.34       1.2948944    0.0045609126
      5156.49       1.2879373    0.0045515390
      5161.65       1.2836959    0.0045424896
      5166.81       1.2724418    0.0045332609
      5171.98       1.2630632    0.0045244121
      5177.15       1.2534633    0.0045152825
      5182.33       1.2432081    0.0044743875
      5187.51       1.2331143    0.0044975470
      5192.70       1.2256799    0.0044570108
      5197.89       1.2203866    0.0044800255
      5203.09       1.2124437    0.0044398532
      5208.29       1.2096975    0.0044628047
      5213.50       1.2029212    0.0044230753
      5218.72       1.1951140    0.0044458515
      5223.93       1.1908195    0.0044065655
      5229.16       1.1867542    0.0043975714
      5234.39       1.1853709    0.0043904614
      5239.62       1.1846417    0.0043814249
      5244.86       1.1878039    0.0043746600
      5250.11       1.1871716    0.0043655438
      5255.36       1.1867291    0.0043272682
      5260.61       1.1847810    0.0043500175
      5265.87       1.1792600    0.0043116817
      5271.14       1.1785363    0.0043348375
      5276.41       1.1721875    0.0042964490
      5281.69       1.1649001    0.0042889007
      5286.97       1.1622020    0.0042815992
      5292.26       1.1608778    0.0042738631
      5297.55       1.1586124    0.0042669579
      5302.85       1.1531698    0.0042591969
      5308.15       1.1508041    0.0042520305
      5313.46       1.1433646    0.0042480456
      5318.77       1.1363447    0.0042376741
      5324.09       1.1340171    0.0042020518
      5329.42       1.1287618    0.0042236560
      5334.75       1.1261937    0.0042167410
      5340.08       1.1231176    0.0041810341
      5345.42       1.1196354    0.0042029389
      5350.77       1.1138705    0.0041681098
      5356.12       1.1093022    0.0041607582
      5361.48       1.1056042    0.0041828654
      5366.83       1.1003611    0.0041481057
      5372.20       1.0982953    0.0041410271
      5377.58       1.0929469    0.0041361022
      5382.95       1.0889982    0.0041287781
      5388.34       1.0853529    0.0041220083
      5393.72       1.0841647    0.0040880087
      5399.12       1.0852365    0.0041100191
      5404.52       1.0795801    0.0041034821
      5409.92       1.0758028    0.0040697039
      5415.33       1.0723478    0.0040917881
      5420.75       1.0635035    0.0040578255
      5426.17       1.0656142    0.0040519825
      5431.60       1.0603875    0.0040465765
      5437.03       1.0577941    0.0040404446
      5442.47       1.0554695    0.0040347313
      5447.91       1.0510629    0.0040294314
      5453.36       1.0462582    0.0040237008
      5458.81       1.0412494    0.0040179958
      5464.27       1.0368372    0.0040127570
      5469.73       1.0314173    0.0039806684
      5475.20       1.0274322    0.0040018523
      5480.68       1.0224336    0.0039965600
      5486.16       1.0185789    0.0039651888
      5491.65       1.0155842    0.0039595948
      5497.14       1.0126435    0.0039809557
      5502.64       1.0098572    0.0039760630
      5508.14       1.0014306    0.0039447772
      5513.65      0.99819887    0.0039395154
      5519.16      0.99412868    0.0039345453
      5524.68      0.98853228    0.0039305977
      5530.20      0.98666335    0.0039253155
      5535.73      0.98020778    0.0039203065
      5541.27      0.97678769    0.0038896630
      5546.81      0.97127957    0.0038851996
      5552.36      0.96733084    0.0039068300
      5557.91      0.96575690    0.0039020133
      5563.47      0.96360588    0.0038716024
      5569.04      0.96274892    0.0038672987
      5574.60      0.96099378    0.0038632354
      5580.18      0.95958180    0.0038845950
      5585.76      0.96177304    0.0038544174
      5591.35      0.96326150    0.0038501864
      5596.94      0.96453581    0.0038461759
      5602.53      0.96287708    0.0038423452
      5608.14      0.96491372    0.0038132253
      5613.75      0.96543585    0.0038339778
      5619.36      0.96855749    0.0038300055
      5624.98      0.96644108    0.0038261945
      5630.60      0.96431123    0.0038225520
      5636.23      0.96449288    0.0037939647
      5641.87      0.96526531    0.0037900401
      5647.51      0.96372415    0.0037862589
      5653.16      0.96265875    0.0037826400
      5658.82      0.96316397    0.0038037926
      5664.47      0.96165167    0.0037760698
      5670.14      0.95860480    0.0037723556
      5675.81      0.95608965    0.0037687343
      5681.48      0.95439794    0.0037652424
      5687.17      0.95642918    0.0037618577
      5692.85      0.95893488    0.0037342064
      5698.55      0.96008572    0.0037310225
      5704.25      0.95935452    0.0037279933
      5709.95      0.95881415    0.0037492257
      5715.66      0.95779551    0.0037462905
      5721.38      0.95503561    0.0037436737
      5727.10      0.95316590    0.0037166108
      5732.83      0.94949037    0.0037139250
      5738.56      0.94273834    0.0037115330
      5744.30      0.93507436    0.0037099475
      5750.04      0.92538706    0.0037096281
      5755.79      0.91715425    0.0037102592
      5761.55      0.90922925    0.0037109895
      5767.31      0.90121649    0.0036875911
      5773.08      0.88944263    0.0036889063
      5778.85      0.88057842    0.0036901179
      5784.63      0.87501955    0.0036900367
      5790.41      0.87166741    0.0036889286
      5796.21      0.86659995    0.0036873473
      5802.00      0.86387735    0.0036852446
      5807.81      0.86007069    0.0036825196
      5813.61      0.85589978    0.0036793375
      5819.43      0.85318957    0.0036761173
      5825.25      0.85222635    0.0036498213
      5831.07      0.85154444    0.0036470247
      5836.90      0.85176941    0.0036439614
      5842.74      0.85087620    0.0036403624
      5848.58      0.84550037    0.0036363848
      5854.43      0.83935744    0.0036321746
      5860.29      0.83366238    0.0036281305
      5866.15      0.82937503    0.0036238980
      5872.01      0.82548742    0.0036191362
      5877.89      0.82056758    0.0036145865
      5883.76      0.81626804    0.0036109172
      5889.65      0.81365155    0.0036076148
      5895.54      0.80919319    0.0036038517
      5901.43      0.80704878    0.0036001594
      5907.34      0.80438703    0.0035970553
      5913.24      0.80240477    0.0035944213
      5919.16      0.80003598    0.0035919874
      5925.08      0.79857137    0.0035897085
      5931.00      0.79924978    0.0035876582
      5936.93      0.80419284    0.0035857620
      5942.87      0.80510672    0.0035838831
      5948.81      0.80631576    0.0035820091
      5954.76      0.80758697    0.0035802238
      5960.72      0.80647986    0.0035785084
      5966.68      0.80269503    0.0035550710
      5972.64      0.79826163    0.0035534473
      5978.62      0.79590320    0.0035518670
      5984.60      0.79318480    0.0035503444
      5990.58      0.78880961    0.0035488226
      5996.57      0.78553866    0.0035473505
      6002.57      0.77897792    0.0035459392
      6008.57      0.77261149    0.0035445392
      6014.58      0.76802722    0.0035431845
      6020.60      0.76275952    0.0035204079
      6026.62      0.75674742    0.0035189270
      6032.65      0.75206830    0.0035174569
      6038.68      0.74875695    0.0035160004
      6044.72      0.74526856    0.0035146160
      6050.76      0.74574014    0.0035132835
      6056.81      0.74216133    0.0035119747
      6062.87      0.74087128    0.0034899093
      6068.93      0.74041434    0.0034887348
      6075.00      0.74019117    0.0034876322
      6081.08      0.73956389    0.0034865807
      6087.16      0.74013881    0.0035065539
      6093.25      0.73905742    0.0035056649
      6099.34      0.73972277    0.0034857459
      6105.44      0.73917479    0.0034860073
      6111.54      0.73793900    0.0034845359
      6117.66      0.73844847    0.0034838593
      6123.78      0.73552515    0.0034853024
      6129.90      0.73291424    0.0034684856
      6136.03      0.73134058    0.0034735313
      6142.17      0.72838447    0.0035017137
      6148.31      0.72534797    0.0035088886
      6154.46      0.72297000    0.0035159325
      6160.61      0.71923373    0.0035016566
      6166.77      0.71892031    0.0035051316
      6172.94      0.71570027    0.0035064311
      6179.11      0.71663363    0.0035052412
      6185.29      0.71782604    0.0035016219
      6191.48      0.72057613    0.0034950603
      6197.67      0.72420962    0.0034873763
      6203.87      0.72921851    0.0034796297
      6210.07      0.73252334    0.0034526752
      6216.28      0.73639352    0.0034484226
      6222.50      0.74223506    0.0034651557
      6228.72      0.74243921    0.0034599177
      6234.95      0.74809572    0.0034353542
      6241.19      0.74976022    0.0034322477
      6247.42      0.75560010    0.0034293866
      6253.67      0.75968222    0.0034465304
      6259.93      0.76086009    0.0034238336
      6266.19      0.76298274    0.0034216504
      6272.46      0.76459815    0.0034198579
      6278.73      0.76525964    0.0033980687
      6285.01      0.76821468    0.0034168609
      6291.29      0.77028735    0.0034158808
      6297.58      0.77073354    0.0033952503
      6303.88      0.77256391    0.0033941261
      6310.19      0.77449381    0.0034138058
      6316.50      0.77543473    0.0033945509
      6322.81      0.77671085    0.0033950001
      6329.14      0.77752039    0.0033965946
      6335.47      0.77893269    0.0034004538
      6341.80      0.77816844    0.0034014194
      6348.14      0.77415227    0.0034022400
      6354.49      0.77408099    0.0033839755
      6360.85      0.77383149    0.0034048017
      6367.21      0.77487083    0.0034044776
      6373.57      0.76953313    0.0033842009
      6379.95      0.76830253    0.0033828294
      6386.33      0.76878682    0.0033998656
      6392.72      0.76648987    0.0033781662
      6399.11      0.76546458    0.0033762361
      6405.51      0.76659244    0.0033743047
      6411.92      0.76431759    0.0033728865
      6418.32      0.76284122    0.0033717950
      6424.74      0.76458497    0.0033698110
      6431.17      0.76336659    0.0033676478
      6437.60      0.76422086    0.0033457855
      6444.04      0.76420204    0.0033624665
      6450.48      0.76536234    0.0033605395
      6456.94      0.76523927    0.0033389803
      6463.39      0.76229913    0.0033554131
      6469.85      0.76128209    0.0033335689
      6476.33      0.75899839    0.0033310602
      6482.80      0.75789692    0.0033298487
      6489.28      0.75294315    0.0033278869
      6495.77      0.74765638    0.0033078744
      6502.27      0.74518301    0.0033254004
      6508.77      0.73938593    0.0033238794
      6515.28      0.73382400    0.0033042846
      6521.80      0.73085762    0.0033214286
      6528.32      0.72714723    0.0033016554
      6534.85      0.72302318    0.0033189907
      6541.38      0.72021868    0.0032991242
      6547.92      0.71633157    0.0032981349
      6554.47      0.71367102    0.0032966330
      6561.03      0.71177794    0.0032954697
      6567.59      0.70788805    0.0032940137
      6574.16      0.70511108    0.0032927320
      6580.73      0.70365412    0.0032727095
      6587.31      0.70357528    0.0032898873
      6593.90      0.70278679    0.0032698904
      6600.50      0.70076650    0.0032869526
      6607.10      0.69897061    0.0032669603
      6613.70      0.69558818    0.0032838947
      6620.32      0.69252321    0.0032639052
      6626.94      0.69088517    0.0032444644
      6633.57      0.68706617    0.0032606813
      6640.20      0.68616995    0.0032412220
      6646.84      0.68483036    0.0032573702
      6653.49      0.68183239    0.0032378555
      6660.14      0.67829374    0.0032539622
      6666.80      0.67351397    0.0032365104
      6673.47      0.67019278    0.0032596690
      6680.14      0.66897608    0.0032540405
      6686.82      0.66290656    0.0032511649
      6693.51      0.65793117    0.0032469675
      6700.20      0.65344856    0.0032566085
      6706.90      0.64930664    0.0032752416
      6713.61      0.64533471    0.0033102350
      6720.32      0.63975863    0.0033360438
      6727.05      0.63497732    0.0034000465
      6733.77      0.63031812    0.0034324708
      6740.51      0.62661521    0.0034968082
      6747.25      0.62549595    0.0035129455
      6754.00      0.62462338    0.0035352400
      6760.75      0.61920260    0.0035368097
      6767.51      0.61621816    0.0035199456
      6774.28      0.60972593    0.0034848030
      6781.05      0.60324740    0.0034472964
      6787.84      0.60172560    0.0033989422
      6794.62      0.59968938    0.0033436490
      6801.42      0.59843323    0.0033334693
      6808.22      0.59595508    0.0032964773
      6815.03      0.59130555    0.0032682553
      6821.85      0.58704132    0.0032611085
      6828.67      0.58268552    0.0032281480
      6835.50      0.57785945    0.0032135790
      6842.33      0.57613585    0.0032026591
      6849.17      0.57481854    0.0031912941
      6856.02      0.57352117    0.0031830553
      6862.88      0.57301075    0.0031780093
      6869.74      0.57579218    0.0031731872
      6876.61      0.57602879    0.0031524537
      6883.49      0.57392769    0.0031480314
      6890.37      0.57314626    0.0031593073
      6897.27      0.57320820    0.0031357571
      6904.16      0.57391744    0.0031277069
      6911.07      0.57749206    0.0031370899
      6917.98      0.58030733    0.0031133020
      6924.89      0.58001191    0.0031067122
      6931.82      0.57827088    0.0030839567
      6938.75      0.57797049    0.0030935131
      6945.69      0.57601962    0.0030870649
      6952.64      0.57368029    0.0030654902
      6959.59      0.57257998    0.0030603442
      6966.55      0.57315947    0.0030729899
      6973.52      0.57472359    0.0030716581
      6980.49      0.57483177    0.0030552679
      6987.47      0.57167112    0.0030547291
      6994.46      0.56963099    0.0030558242
      7001.46      0.56994828    0.0030597092
      7008.46      0.56853031    0.0030695321
      7015.46      0.56549612    0.0030876673
      7022.48      0.56417457    0.0030972730
      7029.51      0.56065035    0.0031291990
      7036.53      0.55847243    0.0031257137
      7043.57      0.55785482    0.0030936378
      7050.62      0.55563823    0.0030887216
      7057.66      0.54853884    0.0030637126
      7064.72      0.54407288    0.0030353168
      7071.79      0.54129078    0.0030175741
      7078.86      0.53866130    0.0029820942
      7085.94      0.53724529    0.0029328326
      7093.03      0.53468303    0.0028968476
      7100.12      0.53241935    0.0028607975
      7107.22      0.53115656    0.0028392076
      7114.33      0.53000527    0.0028068934
      7121.44      0.53076954    0.0027772045
      7128.56      0.53152068    0.0027479958
      7135.69      0.53024916    0.0027068816
      7142.83      0.52762823    0.0026862506
      7149.97      0.52539124    0.0026504027
      7157.12      0.52229911    0.0026125143
      7164.28      0.51866939    0.0025733369
      7171.44      0.51542063    0.0025337319
      7178.62      0.51012516    0.0024957349
      7185.80      0.50422235    0.0024605162
      7192.98      0.49986824    0.0024201328
      7200.17      0.49600014    0.0023991442
      7207.38      0.49176836    0.0023683748
      7214.58      0.48846696    0.0023379685
      7221.80      0.48407237    0.0023085706
      7229.02      0.48091075    0.0022805462
      7236.25      0.47731127    0.0022539000
      7243.49      0.47396779    0.0022285864
      7250.73      0.46986276    0.0021982737
      7257.98      0.46703113    0.0021747407
      7265.24      0.46346897    0.0021518681
      7272.51      0.46030340    0.0021299521
      7279.78      0.45723179    0.0021086015
      7287.06      0.45363468    0.0021321059
      7294.35      0.45079238    0.0021607158
      7301.64      0.44747332    0.0021954872
      7308.94      0.44515391    0.0022382562
      7316.25      0.44321746    0.0022921039
      7323.57      0.44097974    0.0023668197
      7330.89      0.43907889    0.0024602757
      7338.22      0.43851548    0.0025826162
      7345.56      0.43660802    0.0027442164
      7352.91      0.43314685    0.0029572476
      7360.26      0.43020484    0.0032364076
      7367.62      0.42727860    0.0036002293
      7374.99      0.42438515    0.0040690548
      7382.37      0.42154241    0.0046697846
      7389.75      0.41962333    0.0054302560
      7397.14      0.41727545    0.0063880312
