# data from http://adsabs.harvard.edu/abs/1995A%26AS..110..513B
# via WISEREP
# de-redshifted assuming z= -0.000113000
# type is SNIIb
# phase is       346.200
# WARNING: fake error spectrum!

       3794.4300      0.84528076      0.81296196
       3798.3100      0.80919715      0.80932815
       3802.1900      0.77311842      0.80570643
       3806.0800      0.73703482      0.80208750
       3809.9600      0.70095609      0.79848995
       3813.8400      0.66487736      0.79490444
       3817.7300       1.2560858      0.79132176
       3821.6100      0.45546958      0.78776031
       3825.4900      0.65273248      0.78421084
       3829.3800      0.85000999      0.78066423
       3833.2600      0.83199013      0.77713870
       3837.1400      0.58762500      0.77362511
       3841.0200     -0.15082713      0.77012342
       3844.9100       1.2717655      0.76662464
       3848.7900      0.75311423      0.76314675
       3852.6700      0.70058067      0.75968070
       3856.5600     -0.10372440      0.75621761
       3860.4400       1.7309697      0.75277525
       3864.3200       1.1584344      0.74934469
       3868.2000      0.51902665      0.74592590
       3872.0900      0.74775605      0.74251012
       3875.9700      0.93917809      0.73911486
       3879.8500       3.0214668      0.73573134
       3883.7400       2.1629637      0.73235084
       3887.6200       2.8627448      0.72899073
       3891.5000       1.6372235      0.72564229
       3895.3800       1.0030277      0.72230549
       3899.2700       2.1538124      0.71897177
       3903.1500       2.6815321      0.71565825
       3907.0300     -0.27162164      0.71235632
       3910.9200       1.3916151      0.70905750
       3914.8000       2.2488555      0.70577872
       3918.6800       1.1622275      0.70251149
       3922.5600     0.021965901      0.69925577
       3926.4500       1.6130556      0.69600320
       3930.3300       4.4984764      0.69277049
       3934.2100     -0.19150248      0.68954924
       3938.1000       1.2453890      0.68633118
       3941.9800     -0.57685988      0.68313283
       3945.8600       1.3708211      0.67994588
       3949.7400       2.5054728      0.67677032
       3953.6300      0.94445826      0.67359799
       3957.5100       1.1384936      0.67044517
       3961.3900       2.5202845      0.66730369
       3965.2800       1.8286943      0.66416547
       3969.1600      0.50206965      0.66104662
       3973.0400       2.0955891      0.65793905
       3976.9300       2.2004271      0.65483477
       3980.8100       2.3920685      0.65174972
       3984.6900       1.4526272      0.64867589
       3988.5700      0.43245233      0.64561326
       3992.4600       1.7451428      0.64255396
       3996.3400      0.76222167      0.63951370
       4000.2200       3.1891549      0.63648459
       4004.1100       3.4834599      0.63345884
       4007.9900      0.53214176      0.63045199
       4011.8700       1.0142413      0.62745622
       4015.7500       1.1908516      0.62447153
       4019.6400     -0.43832292      0.62149024
       4023.5200     0.042425661      0.61852765
       4027.4000       1.5058969      0.61557608
       4031.2900       1.3542102      0.61262795
       4035.1700       1.5908721      0.60969838
       4039.0500      0.71007328      0.60677976
       4042.9300       2.2563784      0.60387209
       4046.8200       1.8537836      0.60096789
       4050.7000       1.6259465      0.59808206
       4054.5800       2.2728235      0.59520712
       4058.4700       2.6344835      0.59233568
       4062.3500       2.8824662      0.58948247
       4066.2300      0.98578791      0.58664010
       4070.1100       1.3249865      0.58380853
       4074.0000       1.3239382      0.58098050
       4077.8800       1.8789900      0.57817052
       4081.7600      0.64853467      0.57537129
       4085.6500      0.80251283      0.57257562
       4089.5300      0.52817798      0.56979787
       4093.4100       1.2372323      0.56703081
       4097.2900      0.89001351      0.56427444
       4101.1800       1.2666316      0.56152165
       4105.0600       1.0425485      0.55878660
       4108.9400      0.13699874      0.55606217
       4112.8300       1.0865987      0.55334136
       4116.7100      0.87300775      0.55063815
       4120.5900       1.7319935      0.54794550
       4124.4800      0.60225151      0.54525650
       4128.3600       1.5819694      0.54258495
       4132.2400       2.7372201      0.53992391
       4136.1200      0.41765713      0.53727336
       4140.0100      0.89265115      0.53462650
       4143.8900       1.8396495      0.53199690
       4147.7700       1.5546910      0.52937774
       4151.6600       1.2832473      0.52676229
       4155.5400       1.0702609      0.52416397
       4159.4200       1.2343557      0.52157603
       4163.3000       1.8130342      0.51899845
       4167.1900       2.1031510      0.51642460
       4171.0700       1.3490227      0.51386771
       4174.9500      0.62694106      0.51132113
       4178.8400      0.79997757      0.50877830
       4182.7200       1.4267090      0.50625230
       4186.6000      0.81177629      0.50373654
       4190.4800      0.82046932      0.50123101
       4194.3700       2.0019161      0.49872927
       4198.2500       1.6038360      0.49624417
       4202.1300       1.3227535      0.49376925
       4206.0200       1.4187083      0.49129814
       4209.9000       1.1604236      0.48884353
       4213.7800      0.99620198      0.48639904
       4217.6600       1.9640578      0.48396464
       4221.5500       1.8208594      0.48153409
       4225.4300       2.1650261      0.47911987
       4229.3100       1.5758019      0.47671569
       4233.2000       1.3115837      0.47431537
       4237.0800       1.6981673      0.47193124
       4240.9600       2.3274437      0.46955710
       4244.8400       2.8151940      0.46719293
       4248.7300       2.0014968      0.46483265
       4252.6100       1.6894694      0.46248839
       4256.4900       1.5607707      0.46015403
       4260.3800       2.2935443      0.45782360
       4264.2600       2.3479306      0.45550904
       4268.1400       2.1206005      0.45320433
       4272.0300       2.0561219      0.45090356
       4275.9100       1.8268367      0.44861854
       4279.7900       1.9849054      0.44634332
       4283.6700       1.6755937      0.44407788
       4287.5600       1.7234760      0.44181640
       4291.4400       1.8594977      0.43957049
       4295.3200       2.6869634      0.43733431
       4299.2100       2.2662415      0.43510210
       4303.0900       2.2361548      0.43288534
       4306.9700       2.2425710      0.43067825
       4310.8500       2.2267646      0.42848080
       4314.7400       2.0050120      0.42628737
       4318.6200       2.5854359      0.42410919
       4322.5000       2.8770934      0.42194062
       4326.3900       2.3706943      0.41977606
       4330.2700       2.0606903      0.41762664
       4334.1500       1.7424710      0.41548676
       4338.0300       1.7733329      0.41335640
       4341.9200       1.6301638      0.41123009
       4345.8000       1.7812556      0.40911874
       4349.6800       2.0283559      0.40701685
       4353.5700       2.6374478      0.40491903
       4357.4500       2.9052543      0.40283603
       4361.3300       1.7389070      0.40076245
       4365.2100      0.96327770      0.39869826
       4369.1000       1.8107914      0.39663815
       4372.9800       2.4442998      0.39459270
       4376.8600       2.3075127      0.39255659
       4380.7500       2.1017566      0.39052458
       4384.6300       2.4824652      0.38850710
       4388.5100       3.0782665      0.38649890
       4392.4000       2.0854676      0.38449482
       4396.2800       2.1378207      0.38250514
       4400.1600       2.7971352      0.38052469
       4404.0400       2.8300058      0.37855343
       4407.9300       2.8224244      0.37658632
       4411.8100       2.0251332      0.37463344
       4415.6900       2.4221455      0.37268970
       4419.5800       2.4807149      0.37075012
       4423.4600       2.2360134      0.36882465
       4427.3400       2.1334425      0.36690827
       4431.2200       2.4931767      0.36500096
       4435.1100       2.4627390      0.36309782
       4438.9900       2.8993013      0.36120862
       4442.8700       2.6403584      0.35932844
       4446.7600       2.1228481      0.35745245
       4450.6400       2.0672430      0.35559026
       4454.5200       1.3818202      0.35373704
       4458.4000       2.0465806      0.35189276
       4462.2900       2.4607400      0.35005268
       4466.1700       2.2587771      0.34822625
       4470.0500       1.5149556      0.34640870
       4473.9400       1.6248885      0.34459537
       4477.8200       2.5376023      0.34279557
       4481.7000       2.4944736      0.34100459
       4485.5800       1.7356599      0.33922242
       4489.4700     -0.29057760      0.33744448
       4493.3500     -0.82839689      0.33567990
       4497.2300       1.4266944      0.33392408
       4501.1200       2.0570141      0.33217250
       4505.0000       2.2342143      0.33043415
       4508.8800       2.2714096      0.32870450
       4512.7600       2.2289488      0.32698353
       4516.6500       2.2849098      0.32526682
       4520.5300       2.4809148      0.32356317
       4524.4100       3.4211997      0.32186815
       4528.3000       3.4821045      0.32017741
       4532.1800       3.3598414      0.31849960
       4536.0600       3.9632094      0.31683036
       4539.9500       3.9412258      0.31516541
       4543.8300       4.0460881      0.31351327
       4547.7100       4.6310999      0.31186965
       4551.5900       4.0052217      0.31023452
       4555.4800       3.6915512      0.30860368
       4559.3600       4.0762285      0.30698551
       4563.2400       4.0089319      0.30537577
       4567.1300       4.2040983      0.30377033
       4571.0100       3.7039496      0.30217743
       4574.8900       3.3593734      0.30059291
       4578.7700       3.2597474      0.29901676
       4582.6600       2.8861814      0.29744492
       4586.5400       2.5504151      0.29588545
       4590.4200       2.8284993      0.29433430
       4594.3100       3.0654195      0.29278746
       4598.1900       2.5744026      0.29125288
       4602.0700       2.1031023      0.28972656
       4605.9500       2.0464441      0.28820846
       4609.8400       2.7045493      0.28669470
       4613.7200       2.6133482      0.28519303
       4617.6000       1.7479949      0.28369954
       4621.4900       1.7383366      0.28221039
       4625.3700       1.7096247      0.28073322
       4629.2500       1.6933893      0.27926417
       4633.1300       1.6531615      0.27780322
       4637.0200       1.1596728      0.27634661
       4640.9000       1.1070271      0.27490183
       4644.7800       1.6984842      0.27346509
       4648.6700       1.5914913      0.27203271
       4652.5500       1.0736055      0.27061202
       4656.4300      0.89668807      0.26919933
       4660.3200       1.5179833      0.26779100
       4664.2000       1.2952849      0.26639425
       4668.0800      0.73903865      0.26500543
       4671.9600       1.0622894      0.26362453
       4675.8500       1.2195927      0.26224799
       4679.7300       1.0831225      0.26088289
       4683.6100       1.1030925      0.25952564
       4687.5000      0.96509627      0.25817276
       4691.3800       1.1826169      0.25683119
       4695.2600       1.4113073      0.25549743
       4699.1400       1.3942771      0.25417145
       4703.0300       1.3571599      0.25284984
       4706.9100       1.3823468      0.25153939
       4710.7900       1.1040530      0.25023667
       4714.6800       1.3765400      0.24893833
       4718.5600       2.0150604      0.24765103
       4722.4400       1.5481237      0.24637140
       4726.3200      0.99018073      0.24509943
       4730.2100       1.3662917      0.24383184
       4734.0900       1.5833784      0.24257513
       4737.9700       1.8761037      0.24132603
       4741.8600       1.9759199      0.24008131
       4745.7400       1.3863593      0.23884736
       4749.6200       1.3020277      0.23762095
       4753.5000       1.5761042      0.23640206
       4757.3900       1.5300745      0.23518757
       4761.2700       1.4607693      0.23398369
       4765.1500       1.6862369      0.23278729
       4769.0400       1.2565295      0.23159527
       4772.9200      0.85725012      0.23041376
       4776.8000      0.80578917      0.22923965
       4780.6900       1.5926370      0.22806994
       4784.5700       1.3041729      0.22691063
       4788.4500      0.92689669      0.22575866
       4792.3300       1.1963902      0.22461404
       4796.2200       1.1184796      0.22347380
       4800.1000       1.2935443      0.22234381
       4803.9800       1.4587215      0.22122110
       4807.8700       1.4936789      0.22010278
       4811.7500       1.3551561      0.21899459
       4815.6300      0.98675813      0.21789363
       4819.5100       1.1626809      0.21679987
       4823.4000       1.5692980      0.21571050
       4827.2800       1.3817032      0.21463112
       4831.1600       1.0112722      0.21355888
       4835.0500       1.1405462      0.21249104
       4838.9300       1.3922733      0.21143306
       4842.8100       1.5742710      0.21038218
       4846.6900       1.1883602      0.20933837
       4850.5800       1.2403233      0.20829895
       4854.4600       1.2486458      0.20726926
       4858.3400       1.4566446      0.20624658
       4862.2300       1.6016567      0.20522829
       4866.1100       1.8767375      0.20421961
       4869.9900       1.9235521      0.20321790
       4873.8700       1.6599433      0.20222312
       4877.7600       1.5794927      0.20123274
       4881.6400       1.6651065      0.20025182
       4885.5200       1.6168536      0.19927778
       4889.4100       1.5303720      0.19830813
       4893.2900       1.6773245      0.19734784
       4897.1700       1.7976422      0.19639437
       4901.0500       1.6233039      0.19544772
       4904.9400       1.4658105      0.19450545
       4908.8200       1.8382405      0.19357239
       4912.7000       1.9630924      0.19264608
       4916.5900       2.3942479      0.19172416
       4920.4700       2.2298800      0.19081133
       4924.3500       1.8007528      0.18990520
       4928.2400       1.8739438      0.18900344
       4932.1200       2.1093527      0.18811068
       4936.0000       1.8513849      0.18722456
       4939.8800       1.9655984      0.18634507
       4943.7700       1.9853052      0.18546994
       4947.6500       1.8139069      0.18460367
       4951.5300       1.8381381      0.18374396
       4955.4200       1.8309419      0.18288861
       4959.3000       2.0170984      0.18204201
       4963.1800       1.9072435      0.18120192
       4967.0600       1.6846280      0.18036832
       4970.9500       1.8282311      0.17953908
       4974.8300       1.8629788      0.17871844
       4978.7100       2.0468048      0.17790424
       4982.6000       2.0309204      0.17709439
       4986.4800       2.1353489      0.17629302
       4990.3600       2.0853018      0.17549805
       4994.2400       1.7788471      0.17470944
       4998.1300       1.6589682      0.17392516
       5002.0100       1.7689645      0.17314928
       5005.8900       2.0681010      0.17238121
       5009.7800       2.0026474      0.17161255
       5013.6600       1.6799914      0.17085467
       5017.5400       1.9248685      0.17010508
       5021.4200       1.7814019      0.16936299
       5025.3100       1.4978231      0.16862305
       5029.1900       1.6751257      0.16789230
       5033.0700       1.6437469      0.16716653
       5036.9600       1.5079739      0.16644451
       5040.8400       1.5814429      0.16572686
       5044.7200       1.5545740      0.16501797
       5048.6000       1.5144632      0.16431816
       5052.4900       1.3584617      0.16362421
       5056.3700       1.3375506      0.16293513
       5060.2500       1.1382157      0.16225009
       5064.1400       1.1611549      0.16157067
       5068.0200       1.4392293      0.16090184
       5071.9000       1.2808485      0.16023690
       5075.7900       1.2970986      0.15957306
       5079.6700       1.3081319      0.15891723
       5083.5500       1.4748107      0.15827111
       5087.4300       1.4387661      0.15763327
       5091.3200       1.5926321      0.15699733
       5095.2000       1.4357335      0.15636604
       5099.0800       1.4924162      0.15574141
       5102.9700       1.5517803      0.15512244
       5106.8500       1.6377696      0.15451042
       5110.7300       1.3611335      0.15390467
       5114.6100       1.5874495      0.15330474
       5118.5000       1.7484581      0.15270935
       5122.3800       1.8690050      0.15212033
       5126.2600       1.8342231      0.15153558
       5130.1500       1.9454090      0.15095594
       5134.0300       1.9668417      0.15038363
       5137.9100       1.9333129      0.14981894
       5141.7900       1.9503332      0.14926000
       5145.6800       2.0544253      0.14870306
       5149.5600       1.9726192      0.14815390
       5153.4400       1.9961191      0.14761063
       5157.3300       1.8937774      0.14706997
       5161.2100       1.7698762      0.14653768
       5165.0900       1.9685384      0.14601240
       5168.9700       2.0832834      0.14549020
       5172.8600       2.1392834      0.14497122
       5176.7400       1.8795458      0.14446199
       5180.6200       1.9719317      0.14395882
       5184.5100       1.9186863      0.14345827
       5188.3900       2.0939168      0.14296470
       5192.2700       1.9945199      0.14247475
       5196.1600       1.9926672      0.14198869
       5200.0400       1.8130781      0.14151206
       5203.9200       1.8454173      0.14104087
       5207.8000       1.9314455      0.14057444
       5211.6900       1.8156426      0.14011087
       5215.5700       1.8218637      0.13965470
       5219.4500       1.6665107      0.13920332
       5223.3400       1.6870073      0.13875620
       5227.2200       1.6397100      0.13831564
       5231.1000       1.5039272      0.13787996
       5234.9800       1.6793722      0.13744958
       5238.8700       1.7679455      0.13702330
       5242.7500       1.6528495      0.13660433
       5246.6300       1.7118138      0.13619029
       5250.5200       1.8476649      0.13577885
       5254.4000       1.7518320      0.13537415
       5258.2800       1.7173670      0.13497427
       5262.1600       1.7406134      0.13458081
       5266.0500       1.6912928      0.13419145
       5269.9300       1.6793430      0.13380783
       5273.8100       1.5848752      0.13342822
       5277.7000       1.4961508      0.13305307
       5281.5800       1.4245638      0.13268378
       5285.4600       1.5814867      0.13232051
       5289.3400       1.5470072      0.13196149
       5293.2300       1.6124706      0.13160557
       5297.1100       1.6541854      0.13125581
       5300.9900       1.4266797      0.13091153
       5304.8800       1.3576231      0.13057116
       5308.7600       1.5323368      0.13023586
       5312.6400       1.5682059      0.12990606
       5316.5200       1.3985725      0.12958134
       5320.4100       1.4030677      0.12926102
       5324.2900       1.4783893      0.12894576
       5328.1700       1.2390118      0.12863509
       5332.0600       1.1449877      0.12832838
       5335.9400       1.2186712      0.12802737
       5339.8200       1.3412950      0.12773112
       5343.7100       1.5011092      0.12743844
       5347.5900       1.5022842      0.12715031
       5351.4700       1.4377813      0.12686755
       5355.3500       1.1731730      0.12659046
       5359.2400       1.2893855      0.12631706
       5363.1200       1.4740453      0.12604816
       5367.0000       1.3577645      0.12578393
       5370.8900       1.2299678      0.12552377
       5374.7700       1.0012238      0.12526865
       5378.6500      0.97659758      0.12501823
       5382.5300       1.3532303      0.12477246
       5386.4200       1.3268782      0.12452950
       5390.3000      0.96864076      0.12429243
       5394.1800       1.0043977      0.12405995
       5398.0700       1.1687314      0.12383265
       5401.9500      0.97599789      0.12361014
       5405.8300       1.0647223      0.12338991
       5409.7100       1.0869059      0.12317323
       5413.6000      0.98732369      0.12296083
       5417.4800       1.0227784      0.12275574
       5421.3600       1.1139795      0.12255494
       5425.2500       1.1116832      0.12235669
       5429.1300       1.0412370      0.12216222
       5433.0100       1.1664253      0.12197314
       5436.9000       1.0640446      0.12178900
       5440.7800      0.95451155      0.12160895
       5444.6600      0.90697538      0.12143223
       5448.5400      0.72997021      0.12125888
       5452.4300      0.84042963      0.12109072
       5456.3100      0.88687368      0.12092770
       5460.1900      0.82823112      0.12076816
       5464.0800      0.83222903      0.12061148
       5467.9600      0.74691259      0.12045866
       5471.8400      0.96588122      0.12031040
       5475.7200       1.0441331      0.12016702
       5479.6100       1.0215692      0.12002790
       5483.4900      0.91874973      0.11989329
       5487.3700      0.92117773      0.11976192
       5491.2600      0.93864178      0.11963432
       5495.1400      0.92068530      0.11951062
       5499.0200      0.96652479      0.11939168
       5502.9000      0.97711926      0.11927640
       5506.7900      0.94184011      0.11916249
       5510.6700      0.89980839      0.11905362
       5514.5500      0.90278733      0.11895017
       5518.4400      0.98904474      0.11885033
       5522.3200      0.94977743      0.11875378
       5526.2000      0.89123238      0.11866131
       5530.0800      0.82253165      0.11857306
       5533.9700      0.93291306      0.11848830
       5537.8500      0.82846514      0.11840716
       5541.7300      0.57326176      0.11833011
       5545.6200      0.71701112      0.11825548
       5549.5000      0.67083522      0.11818516
       5553.3800      0.67257090      0.11811848
       5557.2600      0.67022091      0.11805566
       5561.1500      0.69112707      0.11799685
       5565.0300      0.66764177      0.11794150
       5568.9100      0.27105511      0.11788992
       5572.8000      0.35500885      0.11784193
       5576.6800      0.57399796      0.11779756
       5580.5600      0.62841834      0.11775579
       5584.4400      0.66099646      0.11771823
       5588.3300      0.69707031      0.11768416
       5592.2100      0.83915225      0.11765330
       5596.0900      0.74852638      0.11762596
       5599.9800      0.72264720      0.11760276
       5603.8600      0.66238110      0.11758344
       5607.7400      0.80217642      0.11756618
       5611.6300      0.87042373      0.11755202
       5615.5100      0.86277406      0.11754237
       5619.3900      0.79945102      0.11753531
       5623.2700      0.78015377      0.11753197
       5627.1600       1.1216877      0.11753239
       5631.0400       1.1748746      0.11753596
       5634.9200      0.97852828      0.11754220
       5638.8100      0.95780251      0.11755203
       5642.6900      0.96061080      0.11756553
       5646.5700      0.81547680      0.11758216
       5650.4500      0.83765059      0.11760159
       5654.3400      0.97070797      0.11762380
       5658.2200      0.88216882      0.11764945
       5662.1000      0.86175021      0.11767906
       5665.9900      0.91615596      0.11771153
       5669.8700      0.96193694      0.11774622
       5673.7500       1.0610218      0.11778466
       5677.6300       1.0782177      0.11782780
       5681.5200       1.2612100      0.11787269
       5685.4000       1.1697943      0.11791868
       5689.2800       1.0681595      0.11796789
       5693.1700       1.1729341      0.11802286
       5697.0500       1.0345771      0.11808130
       5700.9300       1.1713057      0.11814119
       5704.8100       1.3153330      0.11820258
       5708.7000       1.1259245      0.11826764
       5712.5800       1.0519241      0.11833672
       5716.4600       1.0324026      0.11840948
       5720.3500      0.87384146      0.11848485
       5724.2300      0.84534901      0.11856158
       5728.1100      0.92492211      0.11863989
       5732.0000      0.89475250      0.11872166
       5735.8800      0.90351865      0.11880770
       5739.7600      0.99021974      0.11889730
       5743.6400      0.91190939      0.11898733
       5747.5300      0.96250250      0.11907959
       5751.4100      0.85505127      0.11917633
       5755.2900      0.70616312      0.11927711
       5759.1800      0.65235219      0.11938075
       5763.0600      0.64814463      0.11948483
       5766.9400      0.77808168      0.11959104
       5770.8200      0.68105915      0.11970054
       5774.7100      0.74535730      0.11981366
       5778.5900      0.46202957      0.11992968
       5782.4700      0.54293125      0.12004855
       5786.3600      0.39950270      0.12016960
       5790.2400      0.50689640      0.12029123
       5794.1200      0.68301911      0.12041547
       5798.0000      0.40809090      0.12054304
       5801.8900      0.29376326      0.12067409
       5805.7700      0.39907999      0.12080660
       5809.6500      0.52103536      0.12094171
       5813.5400      0.58025811      0.12107967
       5817.4200      0.52615464      0.12122034
       5821.3000      0.84285275      0.12136302
       5825.1800      0.45990922      0.12150778
       5829.0700      0.42281590      0.12165498
       5832.9500      0.72414398      0.12180444
       5836.8300      0.68564213      0.12195650
       5840.7200      0.65465830      0.12211087
       5844.6000      0.68331164      0.12226767
       5848.4800      0.62468858      0.12242622
       5852.3700      0.61635147      0.12258783
       5856.2500      0.79014368      0.12274987
       5860.1300      0.81584734      0.12291501
       5864.0100      0.69131234      0.12308636
       5867.9000      0.75433798      0.12327731
       5871.7800      0.78879317      0.12352118
       5875.6600      0.74426031      0.12386228
       5879.5500      0.67906507      0.12432972
       5883.4300      0.92153364      0.12488301
       5887.3100      0.83575402      0.12538592
       5891.1900      0.66427767      0.12570855
       5895.0800      0.56326210      0.12590476
       5898.9600      0.55725061      0.12604770
       5902.8400      0.60860916      0.12606283
       5906.7300      0.99826920      0.12602849
       5910.6100      0.94846105      0.12614721
       5914.4900      0.92932469      0.12646201
       5918.3700      0.89501090      0.12684874
       5922.2600      0.78174319      0.12705097
       5926.1400      0.64053397      0.12697280
       5930.0200      0.61048623      0.12686695
       5933.9100      0.71741579      0.12700178
       5937.7900      0.73649364      0.12746708
       5941.6700      0.62906678      0.12811021
       5945.5500      0.70582671      0.12852846
       5949.4400      0.62921304      0.12853181
       5953.3200      0.45029570      0.12839755
       5957.2000      0.45117768      0.12841177
       5961.0900      0.55119523      0.12856101
       5964.9700      0.54184401      0.12879008
       5968.8500      0.55218983      0.12905323
       5972.7300      0.65099680      0.12926246
       5976.6200      0.54188789      0.12942062
       5980.5000      0.52950899      0.12954851
       5984.3800      0.56340349      0.12969134
       5988.2700      0.52987953      0.12989320
       5992.1500      0.41345103      0.13009518
       5996.0300      0.34754445      0.13025427
       5999.9200      0.40869254      0.13040098
       6003.8000      0.38745192      0.13055795
       6007.6800      0.40213937      0.13072578
       6011.5600      0.19150541      0.13091806
       6015.4500      0.27961893      0.13113685
       6019.3300      0.37620023      0.13136900
       6023.2100      0.26489003      0.13160825
       6027.1000      0.20627087      0.13185127
       6030.9800      0.23643123      0.13209612
       6034.8600      0.21694335      0.13234178
       6038.7400      0.20012530      0.13258815
       6042.6300      0.22360280      0.13283656
       6046.5100      0.31422428      0.13308514
       6050.3900      0.40978465      0.13333543
       6054.2800      0.22284125      0.13358787
       6058.1600      0.11863954      0.13384147
       6062.0400      0.14335444      0.13409619
       6065.9200      0.26859103      0.13435195
       6069.8100      0.19553306      0.13460848
       6073.6900     0.034876967      0.13486651
       6077.5700      0.25287289      0.13512503
       6081.4600      0.22969621      0.13538577
       6085.3400      0.17609102      0.13564732
       6089.2200      0.25983023      0.13590972
       6093.1000      0.27031013      0.13617359
       6096.9900      0.24996855      0.13643847
       6100.8700      0.26720980      0.13670397
       6104.7500      0.30525774      0.13697001
       6108.6400      0.26360144      0.13723808
       6112.5200      0.31174655      0.13750659
       6116.4000      0.25291677      0.13777581
       6120.2900      0.15183928      0.13804748
       6124.1700      0.24097910      0.13831926
       6128.0500      0.38811206      0.13859175
       6131.9300      0.26069174      0.13886452
       6135.8200      0.12114604      0.13913912
       6139.7000     0.048975413      0.13941390
       6143.5800      0.13390669      0.13968945
       6147.4700     0.099978060      0.13996661
       6151.3500      0.21886430      0.14024435
       6155.2300      0.31304051      0.14052318
       6159.1100      0.34483172      0.14080180
       6163.0000      0.24689406      0.14108215
       6166.8800      0.41932406      0.14136260
       6170.7600      0.29785722      0.14164387
       6174.6500      0.35165938      0.14192688
       6178.5300      0.28414730      0.14220967
       6182.4100      0.31429156      0.14249195
       6186.2900      0.41892086      0.14277491
       6190.1800      0.48502001      0.14306005
       6194.0600      0.24375472      0.14334627
       6197.9400      0.19096228      0.14363216
       6201.8300      0.32826866      0.14391879
       6205.7100      0.44638164      0.14420453
       6209.5900      0.41198155      0.14449230
       6213.4700      0.44513790      0.14477987
       6217.3600      0.59201782      0.14506921
       6221.2400      0.80692517      0.14535780
       6225.1200      0.70652391      0.14564631
       6229.0100      0.91320628      0.14593662
       6232.8900       1.2432681      0.14622704
       6236.7700       1.5077252      0.14651758
       6240.6500       1.9184279      0.14680866
       6244.5400       1.9883427      0.14710041
       6248.4200       2.1296835      0.14739263
       6252.3000       2.5899506      0.14769062
       6256.1900       2.7272399      0.14800529
       6260.0700       2.8126198      0.14835498
       6263.9500       3.0528505      0.14880717
       6267.8400       3.4212777      0.14959867
       6271.7200       3.8583861      0.15115572
       6275.6000       3.9858074      0.15339419
       6279.4800       3.8685808      0.15498087
       6283.3700       3.7483947      0.15489257
       6287.2500       3.6258782      0.15410653
       6291.1300       3.4645624      0.15385363
       6295.0200       3.8472992      0.15406427
       6298.9000       4.3433964      0.15421384
       6302.7800       4.5414345      0.15418135
       6306.6600       4.1280112      0.15410260
       6310.5500       4.0444305      0.15406980
       6314.4300       4.1380353      0.15409896
       6318.3100       4.0553077      0.15417340
       6322.2000       3.9400508      0.15426410
       6326.0800       3.8161886      0.15436621
       6329.9600       3.5937389      0.15449969
       6333.8400       3.5817598      0.15467312
       6337.7300       3.5275295      0.15488601
       6341.6100       3.2811849      0.15512927
       6345.4900       3.0121595      0.15537719
       6349.3800       2.8711551      0.15560941
       6353.2600       3.0530699      0.15583092
       6357.1400       2.9558426      0.15606297
       6361.0200       2.8486790      0.15630780
       6364.9100       2.8640856      0.15655765
       6368.7900       2.9261264      0.15681106
       6372.6700       2.8699313      0.15705540
       6376.5600       2.6316167      0.15729212
       6380.4400       2.5040491      0.15754462
       6384.3200       2.3315294      0.15782795
       6388.2100       2.0150507      0.15811469
       6392.0900       1.9986592      0.15837184
       6395.9700       2.1679367      0.15860691
       6399.8500       2.2075502      0.15885296
       6403.7400       2.1483908      0.15912319
       6407.6200       2.1115125      0.15940755
       6411.5000       2.1424183      0.15969572
       6415.3900       2.1568060      0.15998479
       6419.2700       2.0093025      0.16027143
       6423.1500       1.7730453      0.16055816
       6427.0300       1.6998688      0.16084491
       6430.9200       1.7838835      0.16113191
       6434.8000       1.7884373      0.16141775
       6438.6800       1.6874022      0.16170668
       6442.5700       1.5905162      0.16200015
       6446.4500       1.5781178      0.16230334
       6450.3300       1.6054596      0.16263581
       6454.2100       1.6117100      0.16302338
       6458.1000       1.4159487      0.16347100
       6461.9800       1.3338696      0.16395567
       6465.8600       1.3329920      0.16449487
       6469.7500       1.3763840      0.16512221
       6473.6300       1.3646584      0.16576998
       6477.5100       1.3097456      0.16627115
       6481.3900       1.3565505      0.16654521
       6485.2800       1.3864666      0.16667746
       6489.1600       1.2967085      0.16676435
       6493.0400       1.2806243      0.16680880
       6496.9300       1.2459204      0.16676349
       6500.8100       1.1941669      0.16671141
       6504.6900       1.1690435      0.16685420
       6508.5700       1.2129328      0.16733703
       6512.4600       1.3010039      0.16809196
       6516.3400       1.2923450      0.16873182
       6520.2200       1.2435948      0.16888383
       6524.1100       1.1870487      0.16868694
       6527.9900       1.1884870      0.16857351
       6531.8700       1.1637145      0.16870686
       6535.7600       1.1064274      0.16897523
       6539.6400       1.1834262      0.16931740
       6543.5200       1.1173485      0.16974583
       6547.4000       1.1557090      0.17016932
       6551.2900       1.4886230      0.17048446
       6555.1700       1.5235024      0.17070645
       6559.0500       1.3736879      0.17090905
       6562.9400       1.3904352      0.17111377
       6566.8200       1.3880609      0.17129730
       6570.7000       1.3432062      0.17146948
       6574.5800       1.3638540      0.17162316
       6578.4700       1.3176927      0.17173761
       6582.3500       1.2825013      0.17186252
       6586.2300       1.2925741      0.17201771
       6590.1200       1.2190320      0.17217553
       6594.0000       1.1476059      0.17235512
       6597.8800       1.0334411      0.17258886
       6601.7600       1.0164207      0.17285260
       6605.6500       1.0919569      0.17311841
       6609.5300       1.1259781      0.17337703
       6613.4100       1.1563574      0.17362785
       6617.3000       1.1100645      0.17387140
       6621.1800       1.0649417      0.17410958
       6625.0600       1.0203504      0.17434461
       6628.9400       1.0041783      0.17457889
       6632.8300       1.0561609      0.17481180
       6636.7100       1.1202494      0.17504289
       6640.5900       1.0146363      0.17527310
       6644.4800       1.0415978      0.17550022
       6648.3600      0.92673093      0.17572478
       6652.2400      0.95017722      0.17594882
       6656.1300       1.1953419      0.17617214
       6660.0100       1.0792513      0.17639362
       6663.8900      0.95684691      0.17661323
       6667.7700       1.0221250      0.17683079
       6671.6600       1.0639764      0.17704768
       6675.5400       1.0577211      0.17726235
       6679.4200       1.0780763      0.17747497
       6683.3100       1.0098485      0.17768606
       6687.1900      0.99566568      0.17789537
       6691.0700      0.87923864      0.17810280
       6694.9500      0.98003969      0.17830773
       6698.8400      0.89536681      0.17851147
       6702.7200       1.1862101      0.17871379
       6706.6000       1.1756352      0.17891419
       6710.4900       1.0556636      0.17911229
       6714.3700      0.99441755      0.17930792
       6718.2500       1.0039735      0.17950221
       6722.1300      0.85079008      0.17969428
       6726.0200      0.98220441      0.17988528
       6729.9000      0.96145427      0.18007425
       6733.7800      0.85660655      0.18026059
       6737.6700      0.86704501      0.18044504
       6741.5500      0.69247758      0.18062774
       6745.4300      0.84786965      0.18080814
       6749.3100      0.75437698      0.18098590
       6753.2000      0.61465479      0.18116135
       6757.0800      0.62998825      0.18133545
       6760.9600      0.70553418      0.18150719
       6764.8500      0.54004983      0.18167721
       6768.7300      0.55130737      0.18184476
       6772.6100      0.38208594      0.18201048
       6776.5000      0.35319272      0.18217443
       6780.3800      0.39256632      0.18233521
       6784.2600      0.41412385      0.18249372
       6788.1400      0.20013310      0.18264978
       6792.0300      0.27792908      0.18280396
       6795.9100      0.26864856      0.18295593
       6799.7900      0.37604909      0.18310553
       6803.6800      0.22113482      0.18325310
       6807.5600      0.26143135      0.18339698
       6811.4400      0.21055498      0.18354007
       6815.3200      0.30706509      0.18367976
       6819.2100      0.22508983      0.18381785
       6823.0900      0.26525277      0.18395379
       6826.9700     0.077459082      0.18408727
       6830.8600      0.16533565      0.18421729
       6834.7400      0.18034782      0.18434450
       6838.6200      0.12270815      0.18446806
       6842.5000      0.24784137      0.18459126
       6846.3900      0.20481163      0.18472171
       6850.2700      0.24044621      0.18493024
       6854.1500      0.22831254      0.18564886
       6858.0400      0.18978533      0.18842759
       6861.9200     0.074501114      0.19628577
       6865.8000      0.15233902      0.21121960
       6869.6800      0.20886610      0.22811639
       6873.5700      0.21800085      0.23456316
       6877.4500      0.16967095      0.22716894
       6881.3300     0.085566070      0.21678686
       6885.2200      0.19290224      0.21173053
       6889.1000      0.22027137      0.21158616
       6892.9800      0.15750511      0.21214748
       6896.8600      0.23400810      0.21095298
       6900.7500      0.32121088      0.20826421
       6904.6300      0.40376145      0.20509609
       6908.5100      0.25753777      0.20202455
       6912.4000      0.12328736      0.19928990
       6916.2800      0.15369831      0.19705795
       6920.1600      0.15818231      0.19542567
       6924.0500      0.30552395      0.19438211
       6927.9300      0.33141872      0.19379503
       6931.8100      0.17634210      0.19352798
       6935.6900      0.23445762      0.19352900
       6939.5800      0.21504581      0.19361058
       6943.4600      0.22005344      0.19340759
       6947.3400      0.23387988      0.19285092
       6951.2300      0.31255930      0.19226897
       6955.1100      0.24409113      0.19183053
       6958.9900      0.25541449      0.19124686
       6962.8700      0.25338189      0.19025473
       6966.7600      0.20842438      0.18912239
       6970.6400      0.27880521      0.18835426
       6974.5200      0.43475552      0.18813426
       6978.4100      0.48327605      0.18839286
       6982.2900      0.42932762      0.18904733
       6986.1700      0.26488126      0.18990791
       6990.0500      0.26021735      0.19056891
       6993.9400      0.18530084      0.19076577
       6997.8200      0.35536379      0.19066349
       7001.7000      0.38360709      0.19054250
       7005.5900      0.26892841      0.19046160
       7009.4700      0.33762134      0.19037546
       7013.3500      0.37518710      0.19032221
       7017.2300      0.46576372      0.19032480
       7021.1200      0.41453436      0.19031655
       7025.0000      0.24201807      0.19016605
       7028.8800      0.21706378      0.18975722
       7032.7700      0.30094097      0.18925263
       7036.6500      0.29082089      0.18895943
       7040.5300      0.23156499      0.18884333
       7044.4200      0.35572750      0.18873426
       7048.3000      0.34078164      0.18867596
       7052.1800      0.27662050      0.18867693
       7056.0600      0.33991721      0.18859261
       7059.9500      0.37875012      0.18838097
       7063.8300      0.46541171      0.18811832
       7067.7100      0.47856095      0.18786321
       7071.6000      0.52209822      0.18767028
       7075.4800      0.51436567      0.18755792
       7079.3600      0.45106554      0.18744616
       7083.2400      0.52379977      0.18727224
       7087.1300      0.50353718      0.18708284
       7091.0100      0.40594568      0.18693442
       7094.8900      0.44205366      0.18682976
       7098.7800      0.56796209      0.18674845
       7102.6600      0.57368105      0.18665801
       7106.5400      0.47967110      0.18652809
       7110.4200      0.36766371      0.18636429
       7114.3100      0.42471393      0.18620362
       7118.1900      0.60094487      0.18607987
       7122.0700      0.67231738      0.18600174
       7125.9600      0.66220558      0.18596017
       7129.8400      0.63018327      0.18592647
       7133.7200      0.74214434      0.18588056
       7137.6000      0.76530299      0.18585244
       7141.4900      0.77087081      0.18589671
       7145.3700      0.83635371      0.18601229
       7149.2500      0.76691190      0.18614667
       7153.1400      0.73785878      0.18634110
       7157.0200      0.76111493      0.18691509
       7160.9000      0.79149420      0.18843245
       7164.7800      0.69815755      0.19128198
       7168.6700      0.70731374      0.19514828
       7172.5500      0.68965954      0.19897244
       7176.4300      0.60062796      0.20198288
       7180.3200      0.60473314      0.20441800
       7184.2000      0.61601506      0.20652298
       7188.0800      0.61693653      0.20759309
       7191.9700      0.56551459      0.20714727
       7195.8500      0.56469550      0.20587069
       7199.7300      0.43752968      0.20421462
       7203.6100      0.46425134      0.20145295
       7207.5000      0.52934810      0.19707525
       7211.3800      0.52401429      0.19225273
       7215.2600      0.59912143      0.18871886
       7219.1500      0.65733008      0.18722232
       7223.0300      0.79442925      0.18761635
       7226.9100      0.78861765      0.18962336
       7230.7900      0.91183139      0.19276743
       7234.6800       1.0539036      0.19581807
       7238.5600       1.0764772      0.19739274
       7242.4400       1.1023027      0.19727761
       7246.3300       1.0763845      0.19627012
       7250.2100       1.3300765      0.19515149
       7254.0900       1.3816057      0.19406819
       7257.9700       1.4069388      0.19297548
       7261.8600       1.4454309      0.19214460
       7265.7400       1.6792016      0.19179067
       7269.6200       1.8161691      0.19192379
       7273.5100       1.9339028      0.19221168
       7277.3900       2.0369661      0.19168498
       7281.2700       2.1798768      0.19010310
       7285.1500       2.3346985      0.18877190
       7289.0400       2.4962776      0.18843503
       7292.9200       2.4179672      0.18822143
       7296.8000       2.3341670      0.18752952
       7300.6900       2.1704427      0.18684982
       7304.5700       2.1715982      0.18637045
       7308.4500       2.3205741      0.18569073
       7312.3300       2.4684969      0.18462048
       7316.2200       2.4617736      0.18316539
       7320.1000       2.3245038      0.18135598
       7323.9800       2.1719980      0.17952935
       7327.8700       2.0812698      0.17815123
       7331.7500       1.9422838      0.17721994
       7335.6300       1.8475040      0.17637696
       7339.5200       1.8196307      0.17555334
       7343.4000       1.8606337      0.17496440
       7347.2800       1.7173427      0.17461251
       7351.1600       1.6692702      0.17429090
       7355.0500       1.5798632      0.17393726
       7358.9300       1.5156674      0.17362019
       7362.8100       1.5248821      0.17328770
       7366.7000       1.4184060      0.17278757
       7370.5800       1.3224220      0.17207458
       7374.4600       1.2771236      0.17128924
       7378.3400       1.3188092      0.17062147
       7382.2300       1.3002920      0.17010324
       7386.1100       1.1898229      0.16963968
       7389.9900       1.0577942      0.16914928
       7393.8800       1.0768379      0.16858956
       7397.7600       1.0464928      0.16794174
       7401.6400       1.0000000      0.16725487
       7405.5200      0.88072567      0.16662428
       7409.4100      0.72569927      0.16607703
       7413.2900      0.70506126      0.16556641
       7417.1700      0.69125871      0.16505653
       7421.0600      0.70388139      0.16454804
       7424.9400      0.74359237      0.16403066
       7428.8200      0.66263462      0.16348731
       7432.7100      0.61048623      0.16293410
       7436.5900      0.65569191      0.16240332
       7440.4700      0.65805653      0.16188793
       7444.3500      0.35295187      0.16136432
       7448.2400      0.33963882      0.16083035
       7452.1200      0.49970503      0.16029946
       7456.0000      0.58558216      0.15977576
       7459.8900      0.46759106      0.15925312
       7463.7700      0.41511699      0.15873018
       7467.6500      0.60770720      0.15820229
       7471.5300      0.60549859      0.15766998
       7475.4200      0.42635356      0.15713105
       7479.3000      0.39559254      0.15658792
       7483.1800      0.31868293      0.15603881
       7487.0700      0.21830069      0.15548236
       7490.9500      0.29857245      0.15492110
       7494.8300      0.41873510      0.15435475
       7498.7100      0.43993769      0.15378315
       7502.6000      0.36962073      0.15320458
       7506.4800      0.32249363      0.15262185
       7510.3600      0.25740321      0.15203339
       7514.2500      0.18507511      0.15143689
       7518.1300      0.19782504      0.15083562
       7522.0100      0.22168575      0.15022826
       7525.8900      0.19982497      0.14961537
       7529.7800      0.15600491      0.14899579
       7533.6600      0.20074888      0.14837258
       7537.5400      0.25462612      0.14774373
       7541.4300      0.29129674      0.14710721
       7545.3100      0.22763094      0.14646557
       7549.1900      0.36683926      0.14581841
       7553.0700      0.68133706      0.14516537
       7556.9600      0.84078554      0.14450721
       7560.8400      0.61219754      0.14384966
       7564.7200      0.24465572      0.14319265
       7568.6100      0.12273009      0.14253774
       7572.4900      0.10163524      0.14190875
       7576.3700      0.20425241      0.14143750
       7580.2500      0.25863232      0.14172451
       7584.1400      0.23225926      0.14464175
       7588.0200      0.20422706      0.15420856
       7591.9000      0.16723369      0.17703992
       7595.7900      0.19240348      0.22187646
       7599.6700      0.11800134      0.29249354
       7603.5500      0.13514946      0.36363548
       7607.4400      0.14632801      0.37473146
       7611.3200     0.087546988      0.32249106
       7615.2000      0.10107602      0.26587148
       7619.0800     0.020599882      0.23453008
       7622.9700     0.038144968      0.22796064
       7626.8500      0.11045406      0.23565011
       7630.7300      0.17391605      0.24331997
       7634.6200      0.13578474      0.24107788
       7638.5000      0.10618506      0.22944197
       7642.3800      0.14724900      0.21364335
       7646.2600      0.12107973      0.19749648
       7650.1500      0.13081465      0.18271205
       7654.0300      0.12933201      0.16999188
       7657.9100    -0.022938905      0.15939575
       7661.8000     -0.16610940      0.15072350
       7665.6800     0.090508369      0.14370570
       7669.5600      0.20928881      0.13800126
       7673.4400      0.14871799      0.13336549
       7677.3300      0.18827002      0.12959785
       7681.2100     0.029128455      0.12654359
       7685.0900     0.063368388      0.12403383
       7688.9800      0.12004807      0.12192313
       7692.8600      0.30082932      0.12010100
       7696.7400      0.32861726      0.11847383
       7700.6200      0.30061188      0.11699388
       7704.5100      0.23054016      0.11564201
       7708.3900      0.23576523      0.11441950
       7712.2700      0.22415178      0.11331009
       7716.1600      0.42022554      0.11228233
       7720.0400      0.45305377      0.11130401
       7723.9200      0.28155061      0.11034201
       7727.8100      0.55001048      0.10937611
       7731.6900      0.53808012      0.10840529
       7735.5700      0.19417280      0.10742855
       7739.4500      0.35212450      0.10644536
       7743.3400      0.29605279      0.10545451
       7747.2200      0.25348282      0.10446344
       7751.1000      0.12269450      0.10347392
       7754.9900      0.22026552      0.10248296
       7758.8700      0.33346156      0.10149195
       7762.7500      0.24354751      0.10049365
       7766.6300      0.24600184     0.099488171
       7770.5200      0.27722603     0.098473310
       7774.4000      0.38078515     0.097452151
       7778.2800      0.39135719     0.096421789
       7782.1700      0.30916546     0.095382311
       7786.0500      0.27546549     0.094340172
       7789.9300      0.24419108     0.093291418
       7793.8100      0.23036805     0.092235354
       7797.7000      0.31692921     0.091168028
       7801.5800      0.14013125     0.090095678
       7805.4600      0.10113307     0.089015963
       7809.3500      0.40911963     0.087926378
       7813.2300      0.32427026     0.086832357
       7817.1100     0.056146792     0.085731499
       7820.9900      0.21965657     0.084622844
       7824.8800      0.33181510     0.083504581
       7828.7600      0.28763767     0.082381433
       7832.6400      0.29458868     0.081250396
       7836.5300      0.32377345     0.080106851
       7840.4100      0.33335479     0.078953316
       7844.2900      0.17128426     0.077785804
       7848.1700      0.23569161     0.076609418
       7852.0600      0.40137635     0.075434088
       7855.9400      0.35717699     0.074279287
       7859.8200      0.22306016     0.073145927
       7863.7100      0.14754494     0.072021535
       7867.5900      0.29737893     0.070891313
       7871.4700      0.22015241     0.069738816
       7875.3600      0.24942591     0.068561469
       7879.2400      0.29703521     0.067379870
       7883.1200      0.16454338     0.066215600
       7887.0000      0.26736338     0.065084892
       7890.8900      0.33149039     0.063961059
       7894.7700      0.15957768     0.062794625
       7898.6500      0.25988972     0.062749834
       7902.5400      0.24146226     0.062713271
       7906.4200      0.21606430     0.062657370
       7910.3000      0.15026401     0.062609143
       7914.1800     0.059187644     0.062579323
       7918.0700     0.030069622     0.062567793
       7921.9500      0.26728634     0.062558113
       7925.8300      0.25869522     0.062518553
       7929.7200      0.18037902     0.062424721
       7933.6000     0.086614304     0.062291212
       7937.4800      0.14719829     0.062171486
       7941.3600      0.22740277     0.062115757
       7945.2500      0.29600599     0.062140832
       7949.1300      0.33495444     0.062242986
       7953.0100      0.35423949     0.062416806
       7956.9000      0.37356404     0.062630362
       7960.7800      0.32768409     0.062796222
       7964.6600      0.27373566     0.062826154
       7968.5400      0.21928213     0.062719442
       7972.4300      0.20704657     0.062562769
       7976.3100      0.19982058     0.062444101
       7980.1900     0.049205537     0.062390610
       7984.0800    -0.050818353     0.062381866
       7987.9600     0.092848611     0.062392475
       7991.8400      0.27729527     0.062425646
       7995.7300      0.27209700     0.062494312
       7999.6100      0.19837207     0.062586190
