# data from http://adsabs.harvard.edu/abs/2002ApJ...566.1005B
# original filename = 2000H_20000408_3372_7508_00.dat
# via WISEREP
# de-redshifted assuming z=    0.0131590
# flux divided by   4.06954e-17
# observation JD =        2451642.5
# phase in rest-frame days relative to JD =        2451586.0
# type is SNIIb
# phase is       55.8000
# WARNING: fake error spectrum!

       3328.6700      0.35088193      0.11864900
       3330.6700      0.44306228      0.11839875
       3332.6800      0.53524262      0.11814771
       3334.6900      0.33462750      0.11789712
       3336.7000      0.13401238      0.11764698
       3338.7100      0.23457781      0.11739730
       3340.7200      0.33514325      0.11714808
       3342.7300      0.43570272      0.11689931
       3344.7400      0.53626219      0.11665099
       3346.7400      0.38037285      0.11640436
       3348.7500      0.22448252      0.11615695
       3350.7600      0.44415439      0.11590999
       3352.7700      0.66382725      0.11566348
       3354.7800      0.72496249      0.11541743
       3356.7900      0.78609772      0.11517183
       3358.8000      0.62700361      0.11492668
       3360.8100      0.46790850      0.11468197
       3362.8100      0.39674355      0.11443894
       3364.8200      0.32557959      0.11419514
       3366.8300      0.47266051      0.11395179
       3368.8400      0.61974342      0.11370888
       3370.8500      0.44405799      0.11346643
       3372.8600      0.26837158      0.11322443
       3374.8700      0.45835180      0.11298287
       3376.8800      0.64833302      0.11274177
       3378.8800      0.71916904      0.11250230
       3380.8900      0.79000407      0.11226209
       3382.9000      0.50086256      0.11202232
       3384.9100      0.21172005      0.11178300
       3386.9200     0.061430573      0.11154413
       3388.9300    -0.088858205      0.11130570
       3390.9400      0.12880325      0.11106772
       3392.9500      0.34646679      0.11083019
       3394.9500      0.60155519      0.11059427
       3396.9600      0.85664259      0.11035762
       3398.9700      0.50799754      0.11012142
       3400.9800      0.15934752      0.10988566
       3402.9900      0.16760541      0.10965034
       3405.0000      0.17586628      0.10941547
       3407.0100     0.040240681      0.10918104
       3409.0200    -0.095386114      0.10894705
       3411.0200      0.18125826      0.10871466
       3413.0300      0.45790661      0.10848155
       3415.0400      0.54734426      0.10824889
       3417.0500      0.63678091      0.10801667
       3419.0600      0.57872326      0.10778488
       3421.0700      0.52066361      0.10755354
       3423.0800      0.36088780      0.10732263
       3425.0900      0.20111099      0.10709217
       3427.0900      0.29786348      0.10686329
       3429.1000      0.39461895      0.10663370
       3431.1100      0.42433842      0.10640455
       3433.1200      0.45405690      0.10617584
       3435.1300      0.42486212      0.10594757
       3437.1400      0.39566635      0.10571973
       3439.1500      0.34838370      0.10549233
       3441.1600      0.30110105      0.10526537
       3443.1600      0.40390536      0.10503997
       3445.1700      0.50671264      0.10481388
       3447.1800      0.56365832      0.10458823
       3449.1900      0.62060399      0.10436300
       3451.2000      0.35316056      0.10413822
       3453.2100     0.085712355      0.10391387
       3455.2200      0.14621041      0.10368995
       3457.2300      0.20671264      0.10346647
       3459.2400      0.41288768      0.10324342
       3461.2400      0.61906570      0.10302191
       3463.2500      0.48160408      0.10279972
       3465.2600      0.34413650      0.10257797
       3467.2700      0.48644950      0.10235665
       3469.2800      0.62876549      0.10213576
       3471.2900      0.59504526      0.10191530
       3473.3000      0.56132206      0.10169528
       3475.3100      0.53539764      0.10147568
       3477.3100      0.50947322      0.10125760
       3479.3200      0.70355060      0.10103887
       3481.3300      0.89763294      0.10082056
       3483.3400      0.64971331      0.10060268
       3485.3500      0.40178573      0.10038523
       3487.3600      0.46028659      0.10016821
       3489.3700      0.51879341     0.099951615
       3491.3800      0.55807753     0.099735450
       3493.3800      0.59736165     0.099520784
       3495.3900      0.47967028     0.099305471
       3497.4000      0.36197593     0.099090584
       3499.4100      0.43880415     0.098876124
       3501.4200      0.51563633     0.098662090
       3503.4300      0.51658137     0.098448482
       3505.4400      0.51752541     0.098235299
       3507.4500      0.61595135     0.098022541
       3509.4500      0.71438026     0.097811263
       3511.4600      0.76155857     0.097599352
       3513.4700      0.80873588     0.097387865
       3515.4800      0.53235385     0.097176801
       3517.4900      0.25596586     0.096966160
       3519.5000      0.32245332     0.096755942
       3521.5100      0.38894873     0.096546147
       3523.5200      0.36216772     0.096336774
       3525.5200      0.33538572     0.096128861
       3527.5300      0.31427493     0.095920328
       3529.5400      0.29316513     0.095712217
       3531.5500      0.32357723     0.095504527
       3533.5600      0.35399032     0.095297256
       3535.5700      0.40038557     0.095090406
       3537.5800      0.44678081     0.094883975
       3539.5900      0.41810973     0.094677964
       3541.5900      0.38943665     0.094473393
       3543.6000      0.31759597     0.094268217
       3545.6100      0.24575429     0.094063459
       3547.6200      0.37324284     0.093859119
       3549.6300      0.50073635     0.093655196
       3551.6400      0.38828194     0.093451690
       3553.6500      0.27582057     0.093248601
       3555.6600      0.30221999     0.093045929
       3557.6700      0.32862239     0.092843672
       3559.6700      0.31799048     0.092642834
       3561.6800      0.30735658     0.092441407
       3563.6900      0.35470680     0.092240394
       3565.7000      0.40205801     0.092039796
       3567.7100      0.35591518     0.091839612
       3569.7200      0.30976936     0.091639842
       3571.7300      0.40280132     0.091440485
       3573.7400      0.49583727     0.091241542
       3575.7400      0.44335145     0.091043998
       3577.7500      0.39086067     0.090845878
       3579.7600      0.37920919     0.090648170
       3581.7700      0.36755771     0.090450873
       3583.7800      0.40480766     0.090253988
       3585.7900      0.44205960     0.090057514
       3587.8000      0.45083920     0.089861451
       3589.8100      0.45961881     0.089665798
       3591.8100      0.49001004     0.089471525
       3593.8200      0.52040127     0.089276689
       3595.8300      0.50050581     0.089082263
       3597.8400      0.48060737     0.088888245
       3599.8500      0.41592750     0.088694636
       3601.8600      0.35124663     0.088501435
       3603.8700      0.44219475     0.088308642
       3605.8800      0.53314784     0.088116257
       3607.8800      0.45293597     0.087925232
       3609.8900      0.37271914     0.087733658
       3611.9000      0.44990212     0.087542491
       3613.9100      0.52709006     0.087351729
       3615.9200      0.52472101     0.087161373
       3617.9300      0.52234798     0.086971423
       3619.9400      0.42328308     0.086781877
       3621.9500      0.32421520     0.086592736
       3623.9500      0.42350071     0.086404937
       3625.9600      0.52279218     0.086216602
       3627.9700      0.54623526     0.086028670
       3629.9800      0.56967435     0.085841142
       3631.9900      0.51717960     0.085654016
       3634.0000      0.46468186     0.085467293
       3636.0100      0.42632787     0.085280972
       3638.0200      0.38797488     0.085095052
       3640.0200      0.45933957     0.084910456
       3642.0300      0.53070823     0.084725337
       3644.0400      0.44286055     0.084540618
       3646.0500      0.35500691     0.084356300
       3648.0600      0.37805547     0.084172382
       3650.0700      0.40110801     0.083988863
       3652.0800      0.39709036     0.083805744
       3654.0900      0.39307271     0.083623023
       3656.0900      0.44719222     0.083441607
       3658.1000      0.50131470     0.083259681
       3660.1100      0.47047928     0.083078153
       3662.1200      0.43964186     0.082897022
       3664.1300      0.50926553     0.082716288
       3666.1400      0.57889318     0.082535951
       3668.1500      0.54420507     0.082356010
       3670.1600      0.50951297     0.082176465
       3672.1600      0.51390128     0.081998207
       3674.1700      0.51829257     0.081819451
       3676.1800      0.44236667     0.081641090
       3678.1900      0.36643877     0.081463123
       3680.2000      0.41230436     0.081285551
       3682.2100      0.45817591     0.081108373
       3684.2200      0.47370095     0.080931588
       3686.2300      0.48922499     0.080755196
       3688.2400      0.52319265     0.080579197
       3690.2400      0.55716131     0.080404463
       3692.2500      0.51585893     0.080229247
       3694.2600      0.47455257     0.080054422
       3696.2700      0.43505878     0.079879989
       3698.2800      0.39556498     0.079705946
       3700.2900      0.45888444     0.079532294
       3702.3000      0.52220787     0.079359033
       3704.3100      0.50295336     0.079186161
       3706.3100      0.48369985     0.079014536
       3708.3200      0.52916795     0.078842441
       3710.3300      0.57468375     0.078670735
       3712.3400      0.52535501     0.078499417
       3714.3500      0.47630154     0.078328488
       3716.3600      0.52276833     0.078157946
       3718.3700      0.56941797     0.077987792
       3720.3800      0.50814858     0.077818025
       3722.3800      0.44300961     0.077649486
       3724.3900      0.50488319     0.077480490
       3726.4000      0.55834882     0.077311879
       3728.4100      0.54432928     0.077143655
       3730.4200      0.53391003     0.076975815
       3732.4300      0.47374765     0.076808361
       3734.4400      0.42878040     0.076641291
       3736.4500      0.42888772     0.076474605
       3738.4500      0.43227534     0.076309130
       3740.4600      0.40640956     0.076143209
       3742.4700      0.37449692     0.075977672
       3744.4800      0.35999940     0.075812518
       3746.4900      0.34202582     0.075647746
       3748.5000      0.36275800     0.075483355
       3750.5100      0.38289295     0.075319347
       3752.5200      0.35289821     0.075155720
       3754.5200      0.32290050     0.074993285
       3756.5300      0.29861176     0.074830418
       3758.5400      0.27432203     0.074667930
       3760.5500      0.31995111     0.074505823
       3762.5600      0.36558416     0.074344095
       3764.5700      0.33181823     0.074182747
       3766.5800      0.29804732     0.074021777
       3768.5900      0.31937176     0.073861186
       3770.5900      0.34069819     0.073701769
       3772.6000      0.34729855     0.073541931
       3774.6100      0.35389790     0.073382471
       3776.6200      0.37563773     0.073223388
       3778.6300      0.39737954     0.073064682
       3780.6400      0.40157009     0.072906352
       3782.6500      0.40576065     0.072748398
       3784.6600      0.41095189     0.072590820
       3786.6600      0.41614214     0.072434398
       3788.6700      0.37578082     0.072277567
       3790.6800      0.33541752     0.072121112
       3792.6900      0.30686568     0.071965030
       3794.7000      0.27831583     0.071809323
       3796.7100      0.28085481     0.071653988
       3798.7200      0.28339577     0.071499027
       3800.7300      0.33679880     0.071344439
       3802.7400      0.39020481     0.071190223
       3804.7400      0.33539764     0.071037143
       3806.7500      0.28058451     0.070883669
       3808.7600      0.27828303     0.070730566
       3810.7700      0.27598553     0.070577834
       3812.7800      0.32053045     0.070425473
       3814.7900      0.36507935     0.070273482
       3816.8000      0.33421113     0.070121860
       3818.8100      0.30333893     0.069970609
       3820.8100      0.33290338     0.069820476
       3822.8200      0.36247180     0.069669960
       3824.8300      0.31369657     0.069519813
       3826.8400      0.26491638     0.069370034
       3828.8500      0.24546015     0.069220622
       3830.8600      0.22600590     0.069071578
       3832.8700      0.31459590     0.068922901
       3834.8800      0.40319285     0.068774591
       3836.8800      0.36924109     0.068627382
       3838.8900      0.33528137     0.068479802
       3840.9000      0.32179547     0.068332588
       3842.9100      0.30830957     0.068185739
       3844.9200      0.31684372     0.068039254
       3846.9300      0.32537886     0.067893135
       3848.9400      0.34955928     0.067747379
       3850.9500      0.37373970     0.067601987
       3852.9500      0.42520297     0.067457679
       3854.9600      0.47666922     0.067313012
       3856.9700      0.49166162     0.067168708
       3858.9800      0.50665203     0.067024766
       3860.9900      0.44469497     0.066881186
       3863.0000      0.38273296     0.066737967
       3865.0100      0.43808071     0.066595110
       3867.0200      0.49343542     0.066452614
       3869.0200      0.45253948     0.066311185
       3871.0300      0.41163757     0.066169407
       3873.0400      0.48924387     0.066027990
       3875.0500      0.56685912     0.065886932
       3877.0600      0.48103268     0.065746233
       3879.0700      0.39519631     0.065605894
       3881.0800      0.39339170     0.065465912
       3883.0900      0.39159205     0.065326289
       3885.0900      0.44854866     0.065187715
       3887.1000      0.50550824     0.065048805
       3889.1100      0.47646451     0.064910252
       3891.1200      0.44741481     0.064772055
       3893.1300      0.50338862     0.064634215
       3895.1400      0.55936938     0.064496730
       3897.1500      0.63465632     0.064359602
       3899.1600      0.70994525     0.064222828
       3901.1600      0.61798054     0.064087087
       3903.1700      0.52600392     0.063951021
       3905.1800      0.54245113     0.063815309
       3907.1900      0.55890531     0.063679951
       3909.2000      0.59449076     0.063544947
       3911.2100      0.63007721     0.063410295
       3913.2200      0.66773161     0.063275996
       3915.2300      0.70544067     0.063142050
       3917.2300      0.68965826     0.063009119
       3919.2400      0.67441643     0.062875874
       3921.2500      0.72221979     0.062742981
       3923.2600      0.77421172     0.062610438
       3925.2700      0.75732726     0.062478247
       3927.2800      0.75493238     0.062346405
       3929.2900      0.80323757     0.062214913
       3931.3000      0.86584850     0.062083770
       3933.3100      0.90247538     0.061952977
       3935.3100      0.91732170     0.061823181
       3937.3200      0.95184883     0.061693083
       3939.3300      0.94702428     0.061563333
       3941.3400      0.91595035     0.061433931
       3943.3500      0.88287108     0.061304876
       3945.3600      0.92802814     0.061176169
       3947.3700      0.99185142     0.061047807
       3949.3800      0.93090698     0.060919792
       3951.3800      0.87904224     0.060792758
       3953.3900      0.84075086     0.060665433
       3955.4000      0.80416075     0.060538453
       3957.4100      0.80607864     0.060411818
       3959.4200      0.80827379     0.060285527
       3961.4300      0.79582335     0.060159580
       3963.4400      0.78364818     0.060033978
       3965.4500      0.74699546     0.059908718
       3967.4500      0.71036758     0.059784422
       3969.4600      0.72200217     0.059659847
       3971.4700      0.73310014     0.059535614
       3973.4800      0.71535014     0.059411723
       3975.4900      0.69717781     0.059288173
       3977.5000      0.68510300     0.059164965
       3979.5100      0.67317725     0.059042098
       3981.5200      0.73211336     0.058919571
       3983.5200      0.79130487     0.058797992
       3985.5300      0.82620365     0.058676143
       3987.5400      0.86119188     0.058554634
       3989.5500      0.80375829     0.058433464
       3991.5600      0.74634556     0.058312633
       3993.5700      0.76116207     0.058192141
       3995.5800      0.77598255     0.058071986
       3997.5900      0.78402083     0.057952169
       3999.5900      0.79205811     0.057833283
       4001.6000      0.80669774     0.057714138
       4003.6100      0.82133736     0.057595331
       4005.6200      0.81759696     0.057476859
       4007.6300      0.81385557     0.057358723
       4009.6400      0.80040544     0.057240923
       4011.6500      0.78695531     0.057123458
       4013.6600      0.80409218     0.057006328
       4015.6600      0.82123203     0.056890113
       4017.6700      0.85508939     0.056773650
       4019.6800      0.88894873     0.056657520
       4021.6900      0.91173992     0.056541724
       4023.7000      0.93453011     0.056426261
       4025.7100      0.92741799     0.056311131
       4027.7200      0.92030289     0.056196332
       4029.7300      0.96604029     0.056081866
       4031.7400       1.0117856     0.055967732
       4033.7400      0.99324165     0.055854494
       4035.7500      0.97469567     0.055741020
       4037.7600      0.94107681     0.055627876
       4039.7700      0.90745595     0.055515063
       4041.7800      0.86849281     0.055402579
       4043.7900      0.82952867     0.055290425
       4045.8000      0.80362413     0.055178600
       4047.8100      0.77771959     0.055067104
       4049.8100      0.83893333     0.054956488
       4051.8200      0.90015502     0.054845647
       4053.8300      0.87716211     0.054735133
       4055.8400      0.85416124     0.054624946
       4057.8500      0.85722491     0.054515087
       4059.8600      0.86029156     0.054405554
       4061.8700      0.87066212     0.054296347
       4063.8800      0.88103368     0.054187466
       4065.8800      0.88832467     0.054079450
       4067.8900      0.89561567     0.053971218
       4069.9000      0.83607934     0.053863311
       4071.9100      0.77653804     0.053755729
       4073.9200      0.81565720     0.053648470
       4075.9300      0.85478530     0.053541535
       4077.9400      0.86693464     0.053434924
       4079.9500      0.87908100     0.053328635
       4081.9500      0.82047977     0.053223196
       4083.9600      0.76187258     0.053117551
       4085.9700      0.80337471     0.053012228
       4087.9800      0.84488577     0.052907226
       4089.9900      0.79912552     0.052802546
       4092.0000      0.75335831     0.052698187
       4094.0100      0.75592511     0.052594148
       4096.0200      0.75849688     0.052490429
       4098.0200      0.79095408     0.052387544
       4100.0300      0.82341426     0.052284462
       4102.0400      0.76351025     0.052181700
       4104.0500      0.70359730     0.052079257
       4106.0600      0.75091473     0.051977132
       4108.0700      0.79824209     0.051875325
       4110.0800      0.81487017     0.051773836
       4112.0900      0.83149626     0.051672664
       4114.0900      0.82382367     0.051572310
       4116.1000      0.81614910     0.051471769
       4118.1100      0.79789230     0.051371546
       4120.1200      0.77963550     0.051271638
       4122.1300      0.88871918     0.051172045
       4124.1400      0.99781379     0.051072768
       4126.1500      0.96852759     0.050973805
       4128.1600      0.93922847     0.050875157
       4130.1600      0.90219614     0.050777311
       4132.1700      0.86516282     0.050679289
       4134.1800      0.84450517     0.050581581
       4136.1900      0.82384852     0.050484185
       4138.2000      0.75182995     0.050387102
       4140.2100      0.67980543     0.050290331
       4142.2200      0.73012491     0.050193873
       4144.2300      0.78045533     0.050097725
       4146.2300      0.81886894     0.050002365
       4148.2400      0.85728155     0.049906839
       4150.2500      0.82243146     0.049811623
       4152.2600      0.78757540     0.049716717
       4154.2700      0.82502310     0.049622120
       4156.2800      0.86247876     0.049527833
       4158.2900      0.82831334     0.049433856
       4160.3000      0.79413998     0.049340187
       4162.3100      0.82975723     0.049246826
       4164.3100      0.86538144     0.049154235
       4166.3200      0.85248085     0.049061489
       4168.3300      0.83957528     0.048969049
       4170.3400      0.81596228     0.048876917
       4172.3500      0.79234729     0.048785091
       4174.3600      0.76632648     0.048693571
       4176.3700      0.74030567     0.048602357
       4178.3800      0.78829188     0.048511449
       4180.3800      0.83628504     0.048421296
       4182.3900      0.77860898     0.048330996
       4184.4000      0.72092298     0.048241000
       4186.4100      0.70758216     0.048151309
       4188.4200      0.69424531     0.048061921
       4190.4300      0.73808866     0.047972836
       4192.4400      0.78193797     0.047884055
       4194.4500      0.76507041     0.047795576
       4196.4500      0.74819588     0.047707837
       4198.4600      0.79428506     0.047619961
       4200.4700      0.84038020     0.047532386
       4202.4800      0.80250320     0.047445113
       4204.4900      0.76461727     0.047358140
       4206.5000      0.72592839     0.047271468
       4208.5100      0.68723952     0.047185096
       4210.5200      0.73121404     0.047099024
       4212.5200      0.77519651     0.047013677
       4214.5300      0.78942970     0.046928202
       4216.5400      0.80366090     0.046843025
       4218.5500      0.84171180     0.046758147
       4220.5600      0.87976468     0.046673567
       4222.5700      0.83910823     0.046589284
       4224.5800      0.79844283     0.046505298
       4226.5900      0.79107134     0.046421610
       4228.5900      0.78370284     0.046338632
       4230.6000      0.83450825     0.046255535
       4232.6100      0.88531963     0.046172733
       4234.6200      0.85107472     0.046090227
       4236.6300      0.81682086     0.046008016
       4238.6400      0.76471664     0.045926100
       4240.6500      0.71261043     0.045844479
       4242.6600      0.71340044     0.045763151
       4244.6700      0.71419741     0.045682117
       4246.6700      0.78771353     0.045601777
       4248.6800      0.86123858     0.045521328
       4250.6900      0.85265972     0.045441171
       4252.7000      0.84407290     0.045361307
       4254.7100      0.82037344     0.045281735
       4256.7200      0.79667299     0.045202454
       4258.7300      0.77067405     0.045123464
       4260.7300      0.74467510     0.045045156
       4262.7400      0.76062347     0.044966746
       4264.7500      0.77657581     0.044888626
       4266.7600      0.81299500     0.044810796
       4268.7700      0.84941618     0.044733256
       4270.7800      0.80564637     0.044656004
       4272.7900      0.76186762     0.044579041
       4274.8000      0.78376047     0.044502367
       4276.8100      0.80565929     0.044425980
       4278.8100      0.81216623     0.044350259
       4280.8200      0.81867019     0.044274446
       4282.8300      0.82526061     0.044198919
       4284.8400      0.83185003     0.044123679
       4286.8500      0.76833282     0.044048726
       4288.8600      0.70480866     0.043974058
       4290.8700      0.74493049     0.043899675
       4292.8800      0.78506325     0.043825578
       4294.8800      0.77017718     0.043752132
       4296.8900      0.75528515     0.043678602
       4298.9000      0.71430672     0.043605357
       4300.9100      0.67332631     0.043532395
       4302.9200      0.72958929     0.043459716
       4304.9300      0.78586320     0.043387321
       4306.9400      0.78221025     0.043315208
       4308.9500      0.77855134     0.043243377
       4310.9500      0.82579821     0.043172183
       4312.9600      0.87305204     0.043100914
       4314.9700      0.86047838     0.043029927
       4316.9800      0.84789777     0.042959220
       4318.9900      0.81432362     0.042888793
       4321.0000      0.78075543     0.042818647
       4323.0100      0.74803689     0.042748781
       4325.0200      0.71541871     0.042679193
       4327.0200      0.74654132     0.042610229
       4329.0300      0.77854240     0.042541198
       4331.0400      0.76291401     0.042472446
       4333.0500      0.75092367     0.042403971
       4335.0600      0.77737079     0.042335774
       4337.0700      0.80942950     0.042267854
       4339.0800      0.78280649     0.042200211
       4341.0900      0.75322018     0.042132844
       4343.0900      0.75637130     0.042066087
       4345.1000      0.74641115     0.041999271
       4347.1100      0.78556807     0.041932731
       4349.1200      0.81982490     0.041866465
       4351.1300      0.80004372     0.041800475
       4353.1400      0.78569824     0.041734758
       4355.1500      0.76199084     0.041669316
       4357.1600      0.74245908     0.041604147
       4359.1700      0.73654242     0.041539252
       4361.1700      0.73145253     0.041474950
       4363.1800      0.72176268     0.041410599
       4365.1900      0.71207282     0.041346520
       4367.2000      0.67172442     0.041282713
       4369.2100      0.63137204     0.041219177
       4371.2200      0.63383252     0.041155913
       4373.2300      0.63629895     0.041092919
       4375.2300      0.67536942     0.041030507
       4377.2400      0.71444386     0.040968053
       4379.2500      0.73526746     0.040905868
       4381.2600      0.75608808     0.040843953
       4383.2700      0.72349674     0.040782306
       4385.2800      0.69089843     0.040720928
       4387.2900      0.68305890     0.040659819
       4389.3000      0.67522334     0.040598977
       4391.3100      0.71540877     0.040538403
       4393.3100      0.75560016     0.040478396
       4395.3200      0.73827151     0.040418354
       4397.3300      0.72093589     0.040358580
       4399.3400      0.71092705     0.040299071
       4401.3500      0.70091821     0.040239828
       4403.3600      0.72816230     0.040180851
       4405.3700      0.75541235     0.040122138
       4407.3800      0.73661397     0.040063690
       4409.3800      0.71781161     0.040005796
       4411.3900      0.71463167     0.039947875
       4413.4000      0.71145273     0.039890218
       4415.4100      0.70484741     0.039832824
       4417.4200      0.69824110     0.039775694
       4419.4300      0.72856376     0.039718825
       4421.4400      0.75889140     0.039662219
       4423.4500      0.78480687     0.039605875
       4425.4500      0.81072135     0.039550071
       4427.4600      0.79362423     0.039494248
       4429.4700      0.77652115     0.039438686
       4431.4800      0.78498574     0.039383384
       4433.4900      0.79345232     0.039328342
       4435.5000      0.77159126     0.039273560
       4437.5100      0.74972623     0.039219038
       4439.5200      0.72133835     0.039164774
       4441.5200      0.69294949     0.039111037
       4443.5300      0.76879888     0.039057289
       4445.5400      0.84466119     0.039003799
       4447.5500      0.88495096     0.038950566
       4449.5600      0.92523676     0.038897591
       4451.5700      0.87980245     0.038844872
       4453.5800      0.83435721     0.038792410
       4455.5900      0.85827230     0.038740205
       4457.5900      0.88219733     0.038688512
       4459.6000      0.91052658     0.038636816
       4461.6100      0.93885781     0.038585375
       4463.6200      0.92840675     0.038534189
       4465.6300      0.91795172     0.038483257
       4467.6400      0.92679393     0.038432579
       4469.6500      0.93563812     0.038382155
       4471.6600      0.90651588     0.038331984
       4473.6600      0.87738967     0.038282313
       4475.6700      0.84805378     0.038232646
       4477.6800      0.81871789     0.038183231
       4479.6900      0.85018136     0.038134069
       4481.7000      0.88165277     0.038085157
       4483.7100      0.88667607     0.038036497
       4485.7200      0.89169640     0.037988087
       4487.7300      0.82740309     0.037939928
       4489.7300      0.76310183     0.037892257
       4491.7400      0.82948594     0.037844596
       4493.7500      0.89588695     0.037797185
       4495.7600      0.89900528     0.037750022
       4497.7700      0.90211466     0.037703109
       4499.7800      0.89551232     0.037656443
       4501.7900      0.88890998     0.037610026
       4503.8000      0.90133557     0.037563856
       4505.8100      0.91376415     0.037517933
       4507.8100      0.89572299     0.037472483
       4509.8200      0.87767686     0.037427052
       4511.8300      0.90649800     0.037381868
       4513.8400      0.93532609     0.037336929
       4515.8500      0.89263249     0.037292235
       4517.8600      0.84992895     0.037247787
       4519.8700      0.86918047     0.037203583
       4521.8800      0.88844094     0.037159623
       4523.8800      0.92707814     0.037116124
       4525.8900      0.96571832     0.037072651
       4527.9000      0.96874422     0.037029421
       4529.9100      0.97176516     0.036986434
       4531.9200      0.94494241     0.036943690
       4533.9300      0.91811668     0.036901187
       4535.9400      0.90104043     0.036858927
       4537.9500      0.88396717     0.036816908
       4539.9500      0.91592650     0.036775337
       4541.9600      0.94789280     0.036733798
       4543.9700      0.95703312     0.036692500
       4545.9800      0.96617146     0.036651442
       4547.9900      0.96124554     0.036610624
       4550.0000      0.95631764     0.036570045
       4552.0100      0.99372957     0.036529705
       4554.0200       1.0311435     0.036489603
       4556.0200       1.0253500     0.036449938
       4558.0300       1.0195367     0.036410311
       4560.0400      0.96627481     0.036370922
       4562.0500      0.91300593     0.036331770
       4564.0600      0.95674295     0.036292855
       4566.0700       1.0004969     0.036254176
       4568.0800       1.0347507     0.036215734
       4570.0900       1.0689946     0.036177527
       4572.0900       1.0761396     0.036139744
       4574.1000       1.0832745     0.036102006
       4576.1100       1.0283114     0.036064503
       4578.1200      0.97332929     0.036027235
       4580.1300      0.99001799     0.035990200
       4582.1400       1.0067176     0.035953399
       4584.1500       1.0085262     0.035916831
       4586.1600       1.0103348     0.035880496
       4588.1600      0.98859099     0.035844573
       4590.1700      0.96684024     0.035808701
       4592.1800       1.0023551     0.035773062
       4594.1900       1.0378810     0.035737653
       4596.2000       1.0233030     0.035702476
       4598.2100       1.0087249     0.035667530
       4600.2200       1.0206100     0.035632814
       4602.2300       1.0325049     0.035598328
       4604.2300       1.0295833     0.035564241
       4606.2400       1.0266618     0.035530213
       4608.2500       1.0492095     0.035496414
       4610.2600       1.0717671     0.035462843
       4612.2700       1.0830460     0.035429500
       4614.2800       1.0943248     0.035396386
       4616.2900       1.0816249     0.035363498
       4618.3000       1.0689151     0.035330838
       4620.3100       1.0681698     0.035298405
       4622.3100       1.0674246     0.035266358
       4624.3200       1.0239986     0.035234376
       4626.3300      0.98056762     0.035202620
       4628.3400       1.0136837     0.035171090
       4630.3500       1.0468047     0.035139784
       4632.3600       1.0610746     0.035108703
       4634.3700       1.0753446     0.035077846
       4636.3800       1.0651588     0.035047213
       4638.3800       1.0549632     0.035016954
       4640.3900       1.0608162     0.034986767
       4642.4000       1.0666594     0.034956803
       4644.4100       1.0487524     0.034927061
       4646.4200       1.0308354     0.034897541
       4648.4300       1.0237402     0.034868243
       4650.4400       1.0166549     0.034839167
       4652.4500       1.0530751     0.034810312
       4654.4500       1.0895052     0.034781819
       4656.4600       1.0807505     0.034753403
       4658.4700       1.0719858     0.034725208
       4660.4800       1.0867128     0.034697232
       4662.4900       1.1014300     0.034669475
       4664.5000       1.0797170     0.034641938
       4666.5100       1.0580040     0.034614619
       4668.5200       1.0010037     0.034587518
       4670.5200      0.94399141     0.034560768
       4672.5300      0.98204529     0.034534101
       4674.5400       1.0201131     0.034507652
       4676.5500       1.0439626     0.034481419
       4678.5600       1.0678022     0.034455403
       4680.5700       1.0637279     0.034429603
       4682.5800       1.0596536     0.034404018
       4684.5900       1.0696505     0.034378649
       4686.5900       1.0796474     0.034353620
       4688.6000       1.0768550     0.034328679
       4690.6100       1.0740627     0.034303953
       4692.6200       1.0389244     0.034279440
       4694.6300       1.0037861     0.034255141
       4696.6400      0.99588596     0.034231056
       4698.6500      0.98798780     0.034207183
       4700.6600       1.0044519     0.034183522
       4702.6700       1.0209180     0.034160074
       4704.6700       1.0470928     0.034136953
       4706.6800       1.0732677     0.034113927
       4708.6900       1.0870110     0.034091112
       4710.7000       1.1007542     0.034068507
       4712.7100       1.0572289     0.034046113
       4714.7200       1.0137035     0.034023929
       4716.7300       1.0304976     0.034001955
       4718.7300       1.0473015     0.033980297
       4720.7400       1.0591368     0.033958740
       4722.7500       1.0709722     0.033937391
       4724.7600       1.0333198     0.033916251
       4726.7700      0.99566734     0.033895318
       4728.7800       1.0033389     0.033874593
       4730.7900       1.0110205     0.033854075
       4732.8000       1.0092814     0.033833763
       4734.8000       1.0075523     0.033813758
       4736.8100      0.99731693     0.033793858
       4738.8200      0.98708947     0.033774164
       4740.8300      0.99343940     0.033754675
       4742.8400      0.99979132     0.033735391
       4744.8500      0.99411712     0.033716311
       4746.8600      0.98844690     0.033697436
       4748.8700      0.99688963     0.033678765
       4750.8800       1.0053363     0.033660297
       4752.8800       1.0074430     0.033642123
       4754.8900       1.0095497     0.033624061
       4756.9000       1.0082778     0.033606200
       4758.9100       1.0069959     0.033588542
       4760.9200       1.0236905     0.033571086
       4762.9300       1.0403951     0.033553831
       4764.9400       1.0086156     0.033536777
       4766.9500      0.97683418     0.033519924
       4768.9500      0.91820314     0.033503353
       4770.9600      0.85956713     0.033486899
       4772.9700      0.90704157     0.033470645
       4774.9800      0.95453290     0.033454590
       4776.9900      0.98236130     0.033438734
       4779.0000       1.0101857     0.033423076
       4781.0100      0.98193897     0.033407617
       4783.0200      0.95368127     0.033392355
       4785.0200      0.95968737     0.033377365
       4787.0300      0.96570043     0.033362497
       4789.0400      0.94680168     0.033347826
       4791.0500      0.92789995     0.033333351
       4793.0600      0.91380986     0.033319072
       4795.0700      0.89972076     0.033304989
       4797.0800      0.90697499     0.033291101
       4799.0900      0.91423219     0.033277408
       4801.0900      0.91189097     0.033263976
       4803.1000      0.90954775     0.033250671
       4805.1100      0.87493417     0.033237560
       4807.1200      0.84031561     0.033224642
       4809.1300      0.84437102     0.033211917
       4811.1400      0.84843239     0.033199386
       4813.1500      0.86907911     0.033187046
       4815.1600      0.88972881     0.033174899
       4817.1600      0.87517763     0.033163003
       4819.1700      0.86062048     0.033151238
       4821.1800      0.87618626     0.033139664
       4823.1900      0.89175701     0.033128280
       4825.2000      0.88985998     0.033117087
       4827.2100      0.88795898     0.033106084
       4829.2200      0.84739693     0.033095271
       4831.2300      0.80682792     0.033084646
       4833.2300      0.77075752     0.033074263
       4835.2400      0.73468911     0.033064015
       4837.2500      0.75476841     0.033053955
       4839.2600      0.77485864     0.033044083
       4841.2700      0.80027626     0.033034399
       4843.2800      0.82673033     0.033024901
       4845.2900      0.81564329     0.033015591
       4847.3000      0.80576164     0.033006467
       4849.3100      0.77639296     0.032997528
       4851.3100      0.74971629     0.032988819
       4853.3200      0.75143047     0.032980251
       4855.3300      0.75634546     0.032971868
       4857.3400      0.75705001     0.032963669
       4859.3500      0.75787978     0.032955654
       4861.3600      0.75147817     0.032947824
       4863.3700      0.73969751     0.032940177
       4865.3800      0.72985462     0.032932713
       4867.3800      0.71269490     0.032925468
       4869.3900      0.73183512     0.032918368
       4871.4000      0.74778051     0.032911450
       4873.4100      0.73700649     0.032904715
       4875.4200      0.72812155     0.032898160
       4877.4300      0.71831145     0.032891787
       4879.4400      0.71180948     0.032885594
       4881.4500      0.72902783     0.032879582
       4883.4500      0.75655911     0.032873778
       4885.4600      0.70659041     0.032868124
       4887.4700      0.65660681     0.032862649
       4889.4800      0.68716598     0.032857353
       4891.4900      0.71774006     0.032852236
       4893.5000      0.72385547     0.032847297
       4895.5100      0.72996691     0.032842535
       4897.5200      0.77024674     0.032837952
       4899.5200      0.81053353     0.032833566
       4901.5300      0.77775238     0.032829335
       4903.5400      0.74495931     0.032825280
       4905.5500      0.72269181     0.032821402
       4907.5600      0.70042631     0.032817699
       4909.5700      0.71574564     0.032814171
       4911.5800      0.73107194     0.032810818
       4913.5900      0.80381393     0.032807640
       4915.5900      0.87656587     0.032804650
       4917.6000      0.88529976     0.032801819
       4919.6100      0.89402172     0.032799162
       4921.6200      0.86139559     0.032796677
       4923.6300      0.82876251     0.032794365
       4925.6400      0.89368882     0.032792226
       4927.6500      0.95863303     0.032790259
       4929.6600      0.87845296     0.032788464
       4931.6600      0.79824607     0.032786847
       4933.6700      0.85147619     0.032785393
       4935.6800      0.90473214     0.032783922
       4937.6900      0.92795461     0.032783272
       4939.7000      0.95087895     0.032782454
       4941.7100      0.99581640     0.032781419
       4943.7200       1.0403355     0.032780425
       4945.7300       1.0260457     0.032779677
       4947.7300       1.0106230     0.032779458
       4949.7400       1.0352973     0.032779464
       4951.7500       1.0582922     0.032779653
       4953.7600       1.0290765     0.032780216
       4955.7700      0.99905596     0.032780783
       4957.7800      0.98171935     0.032781329
       4959.7900      0.96624599     0.032782148
       4961.8000       1.0148761     0.032783161
       4963.8100       1.0672755     0.032784345
       4965.8100       1.1128082     0.032785620
       4967.8200       1.1608749     0.032787058
       4969.8300       1.1218014     0.032788564
       4971.8400       1.0824497     0.032790105
       4973.8500       1.0708430     0.032791514
       4975.8600       1.0575866     0.032793265
       4977.8700       1.0979718     0.032795301
       4979.8800       1.1392513     0.032797781
       4981.8800       1.1571881     0.032800457
       4983.8900       1.1751250     0.032803491
       4985.9000       1.1638163     0.032806676
       4987.9100       1.1521996     0.032809873
       4989.9200       1.1806501     0.032813004
       4991.9300       1.2087528     0.032816218
       4993.9400       1.2025817     0.032819455
       4995.9500       1.1955759     0.032822867
       4997.9500       1.2350568     0.032826815
       4999.9600       1.2733551     0.032831025
       5001.9700       1.2850513     0.032835448
       5003.9800       1.2962606     0.032839831
       5005.9900       1.2639445     0.032844211
       5008.0000       1.2330594     0.032848490
       5010.0100       1.2585187     0.032852879
       5012.0200       1.2866810     0.032857381
       5014.0200       1.2578231     0.032862362
       5016.0300       1.2306248     0.032867802
       5018.0400       1.2386442     0.032873516
       5020.0500       1.2463754     0.032879489
       5022.0600       1.2756506     0.032885458
       5024.0700       1.3037434     0.032891359
       5026.0800       1.3066848     0.032897317
       5028.0900       1.3101529     0.032903290
       5030.0900       1.3126969     0.032909440
       5032.1000       1.3152508     0.032915800
       5034.1100       1.2682573     0.032922391
       5036.1200       1.2212638     0.032929340
       5038.1300       1.2574853     0.032936260
       5040.1400       1.2937266     0.032943395
       5042.1500       1.3062178     0.032950713
       5044.1600       1.3187089     0.032958041
       5046.1600       1.2938359     0.032965714
       5048.1700       1.2689529     0.032973392
       5050.1800       1.2202800     0.032981371
       5052.1900       1.1715972     0.032989434
       5054.2000       1.2088820     0.032997681
       5056.2100       1.2461866     0.033005828
       5058.2200       1.2231618     0.033014033
       5060.2300       1.2001173     0.033022505
       5062.2300       1.1411593     0.033031103
       5064.2400       1.0822013     0.033039840
       5066.2500       1.1168427     0.033048842
       5068.2600       1.1515040     0.033058126
       5070.2700       1.1323548     0.033067603
       5072.2800       1.1132057     0.033077324
       5074.2900       1.0989953     0.033087046
       5076.3000       1.0847850     0.033096779
       5078.3000       1.0789319     0.033106516
       5080.3100       1.0730789     0.033116435
       5082.3200       1.0045413     0.033126770
       5084.3300      0.93598195     0.033137189
       5086.3400      0.91747573     0.033147653
       5088.3500      0.89897944     0.033158089
       5090.3600      0.96533871     0.033168689
       5092.3700       1.0317198     0.033179582
       5094.3800       1.0643341     0.033190827
       5096.3800       1.0969582     0.033202200
       5098.3900       1.0547247     0.033213577
       5100.4000       1.0124812     0.033225031
       5102.4100       1.0206596     0.033236327
       5104.4200       1.0288480     0.033247854
       5106.4300       1.0630323     0.033259779
       5108.4400       1.0972265     0.033271994
       5110.4500       1.0811480     0.033284435
       5112.4500       1.0650495     0.033296812
       5114.4600       1.0115372     0.033309328
       5116.4700      0.95802586     0.033321926
       5118.4800      0.94891137     0.033334710
       5120.4900      0.93980583     0.033347612
       5122.5000       1.0061412     0.033360503
       5124.5100       1.0724826     0.033373420
       5126.5200       1.0856992     0.033386516
       5128.5200       1.0989059     0.033399666
       5130.5300       1.0079101     0.033413296
       5132.5400      0.91688744     0.033427225
       5134.5500      0.90466954     0.033441174
       5136.5600      0.89246753     0.033455294
       5138.5700      0.93774185     0.033469546
       5140.5800      0.98302710     0.033483817
       5142.5900       1.0144389     0.033498080
       5144.5900       1.0458507     0.033512424
       5146.6000       1.0419255     0.033527011
       5148.6100       1.0380002     0.033541722
       5150.6200       1.0212360     0.033556624
       5152.6300       1.0044519     0.033571668
       5154.6400       1.0969483     0.033586819
       5156.6500       1.1894645     0.033602148
       5158.6600       1.2046288     0.033617539
       5160.6600       1.2197732     0.033632960
       5162.6700       1.1781856     0.033648619
       5164.6800       1.1365981     0.033664413
       5166.6900       1.1281116     0.033680283
       5168.7000       1.1196450     0.033696348
       5170.7100       1.1596725     0.033712532
       5172.7200       1.1997198     0.033728986
       5174.7300       1.2151126     0.033745464
       5176.7300       1.2305055     0.033762091
       5178.7400       1.1840586     0.033778823
       5180.7500       1.1375918     0.033795593
       5182.7600       1.1317586     0.033812500
       5184.7700       1.1259453     0.033829489
       5186.7800       1.1743399     0.033846594
       5188.7900       1.2227544     0.033863994
       5190.8000       1.1595333     0.033881482
       5192.8000       1.0963023     0.033899008
       5194.8100       1.0917411     0.033916868
       5196.8200       1.0871998     0.033934770
       5198.8300       1.1420835     0.033952738
       5200.8400       1.1969771     0.033970946
       5202.8500       1.1432461     0.033989098
       5204.8600       1.0894953     0.034007362
       5206.8700       1.1132653     0.034025792
       5208.8800       1.1370552     0.034044346
       5210.8800       1.1589868     0.034062933
       5212.8900       1.1809184     0.034081733
       5214.9000       1.1528754     0.034100905
       5216.9100       1.1248224     0.034119925
       5218.9200       1.1117946     0.034139203
       5220.9300       1.0987867     0.034158349
       5222.9400       1.1000785     0.034177697
       5224.9500       1.1013704     0.034197169
       5226.9500       1.0400274     0.034216645
       5228.9600      0.97867258     0.034236487
       5230.9700       1.0000000     0.034256342
       5232.9800       1.0213354     0.034276343
       5234.9900       1.0815256     0.034296519
       5237.0000       1.1417257     0.034316770
       5239.0100       1.0836820     0.034336967
       5241.0200       1.0256183     0.034357451
       5243.0200       1.0277648     0.034377941
       5245.0300       1.0299212     0.034398705
       5247.0400       1.0725025     0.034419572
       5249.0500       1.1150938     0.034440575
       5251.0600       1.0901611     0.034461732
       5253.0700       1.0651986     0.034482889
       5255.0800       1.0660930     0.034504297
       5257.0900       1.0669774     0.034525686
       5259.0900       1.0709920     0.034547062
       5261.1000       1.0750067     0.034568703
       5263.1100       1.1232920     0.034590357
       5265.1200       1.1715873     0.034612226
       5267.1300       1.2147350     0.034634316
       5269.1400       1.2578828     0.034656353
       5271.1500       1.2313502     0.034678641
       5273.1600       1.2048077     0.034700851
       5275.1600       1.1384961     0.034723070
       5277.1700       1.0721845     0.034745394
       5279.1800       1.0904691     0.034767778
       5281.1900       1.1087637     0.034790614
       5283.2000       1.1388340     0.034813481
       5285.2100       1.1688943     0.034836614
       5287.2200       1.1610935     0.034859722
       5289.2300       1.1532828     0.034882963
       5291.2300       1.1416860     0.034906261
       5293.2400       1.1300891     0.034929371
       5295.2500       1.0973358     0.034952874
       5297.2600       1.0645825     0.034976379
       5299.2700       1.1188997     0.035000073
       5301.2800       1.1732468     0.035023923
       5303.2900       1.1691228     0.035047769
       5305.3000       1.1649889     0.035071762
       5307.3100       1.1271874     0.035095989
       5309.3100       1.0893760     0.035120074
       5311.3200       1.1032386     0.035144438
       5313.3300       1.1171011     0.035168858
       5315.3400       1.1088730     0.035193131
       5317.3500       1.1006350     0.035217782
       5319.3600       1.1598414     0.035242418
       5321.3700       1.2190577     0.035267228
       5323.3800       1.2158579     0.035292235
       5325.3800       1.2126383     0.035317333
       5327.3900       1.1664895     0.035342697
       5329.4000       1.1203407     0.035368241
       5331.4100       1.0998698     0.035393593
       5333.4200       1.0794089     0.035419087
       5335.4300       1.0751458     0.035444249
       5337.4400       1.0708827     0.035469570
       5339.4500       1.0813765     0.035495051
       5341.4500       1.0918703     0.035520600
       5343.4600       1.1029901     0.035546442
       5345.4700       1.1141100     0.035572772
       5347.4800       1.1334380     0.035599153
       5349.4900       1.1527760     0.035625471
       5351.5000       1.1640747     0.035651719
       5353.5100       1.1753734     0.035678316
       5355.5200       1.1893353     0.035704647
       5357.5200       1.2032873     0.035730961
       5359.5300       1.1863342     0.035757586
       5361.5400       1.1693812     0.035784371
       5363.5500       1.1368167     0.035811563
       5365.5600       1.1042422     0.035838643
       5367.5700       1.1286880     0.035865926
       5369.5800       1.1531437     0.035893080
       5371.5900       1.1474794     0.035920258
       5373.5900       1.1418052     0.035947453
       5375.6000       1.1012710     0.035974747
       5377.6100       1.0607368     0.036002165
       5379.6200       1.0871600     0.036029825
       5381.6300       1.1136131     0.036057704
       5383.6400       1.0834435     0.036085684
       5385.6500       1.0532540     0.036113707
       5387.6600       1.0871302     0.036141652
       5389.6600       1.1210164     0.036169601
       5391.6700       1.1417853     0.036197714
       5393.6800       1.1625543     0.036225847
       5395.6900       1.1886099     0.036253974
       5397.7000       1.2146655     0.036282264
       5399.7100       1.1948902     0.036310668
       5401.7200       1.1751051     0.036339272
       5403.7300       1.1461577     0.036368037
       5405.7300       1.1172005     0.036396628
       5407.7400       1.1581123     0.036425766
       5409.7500       1.1990341     0.036454839
       5411.7600       1.1720444     0.036484047
       5413.7700       1.1450448     0.036513228
       5415.7800       1.1225368     0.036542442
       5417.7900       1.1000288     0.036571741
       5419.8000       1.1397879     0.036601152
       5421.8000       1.1795669     0.036630414
       5423.8100       1.2072522     0.036660023
       5425.8200       1.2349375     0.036689771
       5427.8300       1.2266101     0.036719595
       5429.8400       1.2182826     0.036749399
       5431.8500       1.1817929     0.036779169
       5433.8600       1.1452932     0.036808859
       5435.8700       1.1578043     0.036838695
       5437.8800       1.1703352     0.036868665
       5439.8800       1.1729487     0.036898632
       5441.8900       1.1755523     0.036929101
       5443.9000       1.1504010     0.036959598
       5445.9100       1.1252298     0.036990144
       5447.9200       1.1706929     0.037020735
       5449.9300       1.2161759     0.037051214
       5451.9400       1.1787620     0.037081883
       5453.9500       1.1413183     0.037112665
       5455.9500       1.1698582     0.037143390
       5457.9600       1.1984080     0.037174452
       5459.9700       1.1979211     0.037205567
       5461.9800       1.1974342     0.037236643
       5463.9900       1.1836611     0.037267807
       5466.0000       1.1698880     0.037299034
       5468.0100       1.1919091     0.037330308
       5470.0200       1.2139400     0.037361722
       5472.0200       1.2078584     0.037393001
       5474.0300       1.2017669     0.037424554
       5476.0400       1.1835220     0.037455942
       5478.0500       1.1652672     0.037487671
       5480.0600       1.1806799     0.037519345
       5482.0700       1.1961026     0.037551195
       5484.0800       1.2131451     0.037583011
       5486.0900       1.2301875     0.037615096
       5488.0900       1.2300683     0.037646973
       5490.1000       1.2299391     0.037679158
       5492.1100       1.2289553     0.037711310
       5494.1200       1.2279715     0.037743570
       5496.1300       1.2096173     0.037775982
       5498.1400       1.1912631     0.037808550
       5500.1500       1.2225855     0.037840990
       5502.1600       1.2539178     0.037873592
       5504.1600       1.3007026     0.037906013
       5506.1700       1.3474774     0.037938555
       5508.1800       1.3345987     0.037971189
       5510.1900       1.3217100     0.038004060
       5512.2000       1.3483519     0.038036899
       5514.2100       1.3750137     0.038069962
       5516.2200       1.4097246     0.038102960
       5518.2300       1.4444455     0.038136039
       5520.2300       1.4122984     0.038168929
       5522.2400       1.3801413     0.038202129
       5524.2500       1.3571265     0.038235340
       5526.2600       1.3341118     0.038268931
       5528.2700       1.2947899     0.038302415
       5530.2800       1.2554581     0.038336089
       5532.2900       1.2422613     0.038369571
       5534.3000       1.2290845     0.038403074
       5536.3000       1.2474883     0.038436363
       5538.3100       1.2659022     0.038470070
       5540.3200       1.3229820     0.038503909
       5542.3300       1.3800817     0.038537824
       5544.3400       1.3425286     0.038571705
       5546.3500       1.3049557     0.038605652
       5548.3600       1.3281295     0.038639615
       5550.3700       1.3513232     0.038673745
       5552.3800       1.3434131     0.038708033
       5554.3800       1.3354930     0.038742183
       5556.3900       1.3021534     0.038776451
       5558.4000       1.2688138     0.038810727
       5560.4100       1.2453220     0.038845185
       5562.4200       1.2218303     0.038879607
       5564.4300       1.2183919     0.038914056
       5566.4400       1.2149636     0.038948753
       5568.4500       1.2209359     0.038983424
       5570.4500       1.2269181     0.039018036
       5572.4600       1.2384653     0.039052797
       5574.4700       1.2500025     0.039087675
       5576.4800       1.2724011     0.039122418
       5578.4900       1.2947998     0.039157362
       5580.5000       1.3261917     0.039192075
       5582.5100       1.3575936     0.039227158
       5584.5200       1.3589252     0.039262212
       5586.5200       1.3602568     0.039297268
       5588.5300       1.2815733     0.039332478
       5590.5400       1.2028798     0.039367733
       5592.5500       1.1373632     0.039403125
       5594.5600       1.0718367     0.039438242
       5596.5700       1.1006052     0.039473558
       5598.5800       1.1293935     0.039509043
       5600.5900       1.1277737     0.039544671
       5602.5900       1.1261440     0.039580390
       5604.6000       1.1328517     0.039616171
       5606.6100       1.1395693     0.039651951
       5608.6200       1.1468136     0.039687447
       5610.6300       1.1540480     0.039722945
       5612.6400       1.1437032     0.039758324
       5614.6500       1.1333386     0.039794056
       5616.6600       1.1042124     0.039830117
       5618.6600       1.0750862     0.039866153
       5620.6700       1.0412895     0.039902490
       5622.6800       1.0074927     0.039938862
       5624.6900       1.0190299     0.039975073
       5626.7000       1.0305771     0.040011225
       5628.7100       1.0238495     0.040047247
       5630.7200       1.0171120     0.040083184
       5632.7300      0.99695919     0.040119351
       5634.7300      0.97681033     0.040155474
       5636.7400      0.95224931     0.040192134
       5638.7500      0.92768729     0.040228733
       5640.7600      0.91943039     0.040265466
       5642.7700      0.91117846     0.040302218
       5644.7800      0.91688247     0.040338858
       5646.7900      0.92259145     0.040375446
       5648.8000      0.94156075     0.040412199
       5650.8000      0.96053304     0.040448469
       5652.8100      0.96942990     0.040484926
       5654.8200      0.97832477     0.040521309
       5656.8300      0.93451223     0.040558120
       5658.8400      0.89068577     0.040595051
       5660.8500      0.87495106     0.040632095
       5662.8600      0.85922330     0.040669177
       5664.8700      0.89937594     0.040706444
       5666.8800      0.93954348     0.040743391
       5668.8800      0.90462084     0.040779999
       5670.8900      0.86967833     0.040816745
       5672.9000      0.81511562     0.040853632
       5674.9100      0.76054794     0.040890797
       5676.9200      0.77754171     0.040928254
       5678.9300      0.79455536     0.040965803
       5680.9400      0.76052608     0.041003461
       5682.9400      0.72648289     0.041040891
       5684.9500      0.81107810     0.041078354
       5686.9600      0.89570510     0.041115601
       5688.9700      0.86122666     0.041152926
       5690.9800      0.82671543     0.041190198
       5692.9900      0.74623327     0.041227624
       5695.0000      0.66573819     0.041265134
       5697.0100      0.65424173     0.041302728
       5699.0200      0.64276416     0.041340490
       5701.0200      0.64613489     0.041378105
       5703.0300      0.64951059     0.041416009
       5705.0400      0.61505600     0.041453955
       5707.0500      0.58059047     0.041491915
       5709.0600      0.57147897     0.041529882
       5711.0700      0.56237541     0.041567762
       5713.0800      0.58549354     0.041605272
       5715.0900      0.60862060     0.041642940
       5717.0900      0.59683795     0.041680622
       5719.1000      0.58504536     0.041718367
       5721.1100      0.55490157     0.041756364
       5723.1200      0.52475281     0.041794396
       5725.1300      0.52596913     0.041832553
       5727.1400      0.52719440     0.041870546
       5729.1500      0.55838956     0.041908747
       5731.1600      0.58959366     0.041946862
       5733.1600      0.61598513     0.041984791
       5735.1700      0.64237462     0.042022938
       5737.1800      0.63097952     0.042061203
       5739.1900      0.61957448     0.042099516
       5741.2000      0.61591359     0.042137931
       5743.2100      0.61225467     0.042176309
       5745.2200      0.58185847     0.042214657
       5747.2300      0.55145532     0.042253016
       5749.2300      0.57262971     0.042291208
       5751.2400      0.59382000     0.042329540
       5753.2500      0.61127982     0.042367879
       5755.2600      0.62873767     0.042406481
       5757.2700      0.63190170     0.042444803
       5759.2800      0.63506176     0.042483418
       5761.2900      0.65294392     0.042521879
       5763.3000      0.67083205     0.042560540
       5765.3100      0.74713955     0.042599037
       5767.3100      0.82346394     0.042637537
       5769.3200      0.80533235     0.042676208
       5771.3300      0.78717393     0.042714876
       5773.3400      0.75709374     0.042753746
       5775.3500      0.72700957     0.042792303
       5777.3600      0.74834693     0.042831018
       5779.3700      0.76969721     0.042869394
       5781.3800      0.82982977     0.042908050
       5783.3800      0.88997227     0.042946666
       5785.3900      0.90151047     0.042985827
       5787.4000      0.91303376     0.043025761
       5789.4100      0.88497779     0.043067298
       5791.4200      0.85690990     0.043112055
       5793.4300      0.89506613     0.043162162
       5795.4400      0.93324025     0.043219748
       5797.4500      0.98015920     0.043287500
       5799.4500       1.0270791     0.043366215
       5801.4600       1.0936093     0.043457915
       5803.4700       1.1601395     0.043560152
       5805.4800       1.1259055     0.043668873
       5807.4900       1.0916417     0.043776594
       5809.5000       1.0401367     0.043874291
       5811.5100      0.98862577     0.043954406
       5813.5200       1.0394809     0.044015164
       5815.5200       1.0903698     0.044061136
       5817.5300       1.1362403     0.044100268
       5819.5400       1.1821109     0.044135874
       5821.5500       1.1974143     0.044164152
       5823.5600       1.2127078     0.044178959
       5825.5700       1.1925550     0.044179431
       5827.5800       1.1724021     0.044174354
       5829.5900       1.2634675     0.044176336
       5831.5900       1.3545627     0.044194904
       5833.6000       1.4193340     0.044233875
       5835.6100       1.4840854     0.044291960
       5837.6200       1.4208743     0.044363931
       5839.6300       1.3576135     0.044440344
       5841.6400       1.3044092     0.044507053
       5843.6500       1.2512148     0.044549217
       5845.6600       1.3124882     0.044560471
       5847.6600       1.3737914     0.044546260
       5849.6700       1.4655921     0.044521633
       5851.6800       1.5574127     0.044504368
       5853.6900       1.5725075     0.044508040
       5855.7000       1.5875824     0.044540958
       5857.7100       1.5425068     0.044606603
       5859.7200       1.4974113     0.044703555
       5861.7300       1.4780137     0.044821994
       5863.7300       1.4586261     0.044941357
       5865.7400       1.5176635     0.045039443
       5867.7500       1.5767308     0.045096866
       5869.7600       1.6185470     0.045110942
       5871.7700       1.6603532     0.045094086
       5873.7800       1.6329262     0.045066679
       5875.7900       1.5838658     0.045047773
       5877.8000       1.5942602     0.045046518
       5879.8000       1.6045354     0.045061526
       5881.8100       1.6556826     0.045087534
       5883.8200       1.7065616     0.045121339
       5885.8300       1.7034413     0.045162465
       5887.8400       1.6999235     0.045209593
       5889.8500       1.6288619     0.045257478
       5891.8600       1.5573432     0.045300527
       5893.8700       1.5790363     0.045336543
       5895.8800       1.6003120     0.045366913
       5897.8800       1.6778428     0.045393134
       5899.8900       1.7549960     0.045416138
       5901.9000       1.6876211     0.045436887
       5903.9100       1.6199183     0.045458185
       5905.9200       1.6349833     0.045484232
       5907.9300       1.6499091     0.045516599
       5909.9400       1.6865578     0.045553119
       5911.9500       1.7001819     0.045589168
       5913.9500       1.6524530     0.045620644
       5915.9600       1.6046944     0.045647709
       5917.9700       1.6430822     0.045671647
       5919.9800       1.6814997     0.045694916
       5921.9900       1.6690781     0.045718940
       5924.0000       1.6566466     0.045743984
       5926.0100       1.5868768     0.045769675
       5928.0200       1.5170872     0.045796380
       5930.0200       1.5424869     0.045824961
       5932.0300       1.5679065     0.045856028
       5934.0400       1.5424173     0.045889900
       5936.0500       1.5168984     0.045925818
       5938.0600       1.5424670     0.045963078
       5940.0700       1.5680357     0.046001139
       5942.0800       1.5057289     0.046039876
       5944.0900       1.4433922     0.046078746
       5946.0900       1.4191154     0.046117587
       5948.1000       1.3948485     0.046156866
       5950.1100       1.4302551     0.046196118
       5952.1200       1.4656815     0.046235548
       5954.1300       1.4384534     0.046274725
       5956.1400       1.4112053     0.046313957
       5958.1500       1.4174956     0.046352990
       5960.1600       1.4238058     0.046392116
       5962.1600       1.4002842     0.046431022
       5964.1700       1.3767527     0.046470016
       5966.1800       1.3524461     0.046508993
       5968.1900       1.3281394     0.046548119
       5970.2000       1.3235484     0.046587114
       5972.2100       1.3189673     0.046626190
       5974.2200       1.3205175     0.046665057
       5976.2300       1.3220777     0.046704120
       5978.2300       1.2838290     0.046743086
       5980.2400       1.2455804     0.046782033
       5982.2500       1.2225656     0.046821115
       5984.2600       1.1995508     0.046860128
       5986.2700       1.2606056     0.046899091
       5988.2800       1.3216901     0.046937873
       5990.2900       1.2872276     0.046976634
       5992.3000       1.2527452     0.047015582
       5994.3000       1.2558556     0.047054213
       5996.3100       1.2589659     0.047092956
       5998.3200       1.2463952     0.047131740
       6000.3300       1.2338047     0.047170551
       6002.3400       1.2342916     0.047209285
       6004.3500       1.2347785     0.047248079
       6006.3600       1.2454711     0.047286937
       6008.3700       1.2561735     0.047325744
       6010.3800       1.2053741     0.047364392
       6012.3800       1.1545647     0.047402940
       6014.3900       1.1504208     0.047441559
       6016.4000       1.1462869     0.047480217
       6018.4100       1.1647107     0.047518826
       6020.4200       1.1831444     0.047557442
       6022.4300       1.1705041     0.047595782
       6024.4400       1.1578539     0.047634286
       6026.4500       1.1515835     0.047672761
       6028.4500       1.1453131     0.047711037
       6030.4600       1.1401457     0.047749338
       6032.4700       1.1349783     0.047787922
       6034.4800       1.0939571     0.047826139
       6036.4900       1.0529260     0.047864672
       6038.5000       1.0191194     0.047903021
       6040.5100      0.98532063     0.047941485
       6042.5200      0.99345232     0.047979901
       6044.5200       1.0015999     0.048018066
       6046.5300       1.0222993     0.048056388
       6048.5400       1.0429987     0.048094711
       6050.5500       1.0698791     0.048132714
       6052.5600       1.0967594     0.048170820
       6054.5700       1.1024535     0.048208947
       6056.5800       1.1081476     0.048246912
       6058.5900       1.0653079     0.048285133
       6060.5900       1.0224583     0.048322859
       6062.6000      0.96064433     0.048360893
       6064.6100      0.89882740     0.048398857
       6066.6200      0.88738659     0.048436859
       6068.6300      0.87596168     0.048474940
       6070.6400      0.93170693     0.048512764
       6072.6500      0.98747404     0.048550848
       6074.6600      0.95924119     0.048588701
       6076.6600      0.93098151     0.048626383
       6078.6700      0.93312498     0.048664014
       6080.6800      0.93527839     0.048701646
       6082.6900      0.97208713     0.048739366
       6084.7000       1.0089038     0.048777007
       6086.7100       1.0028222     0.048814723
       6088.7200      0.99673063     0.048852384
       6090.7300      0.95464916     0.048889999
       6092.7300      0.91256074     0.048927391
       6094.7400      0.92847035     0.048965075
       6096.7500      0.94439785     0.049002513
       6098.7600      0.95046854     0.049039888
       6100.7700      0.95653626     0.049077006
       6102.7800      0.93972434     0.049114243
       6104.7900      0.92290547     0.049151494
       6106.8000      0.96775546     0.049188625
       6108.8000       1.0126303     0.049225744
       6110.8100       1.0063002     0.049263132
       6112.8200      0.99996025     0.049300518
       6114.8300       1.0292753     0.049337788
       6116.8400       1.0586002     0.049374839
       6118.8500       1.0211068     0.049411935
       6120.8600      0.98358657     0.049448764
       6122.8700      0.98347825     0.049485555
       6124.8700      0.98338285     0.049522203
       6126.8800      0.97235444     0.049559201
       6128.8900      0.96132206     0.049596106
       6130.9000      0.95917461     0.049632834
       6132.9100      0.95703113     0.049669587
       6134.9200      0.95433018     0.049706480
       6136.9300      0.95162922     0.049742969
       6138.9400      0.97852451     0.049779696
       6140.9400       1.0054258     0.049816043
       6142.9500       1.0269201     0.049852370
       6144.9600       1.0484046     0.049888967
       6146.9700      0.99486242     0.049925364
       6148.9800      0.94129244     0.049961916
       6150.9900      0.92932893     0.049998276
       6153.0000      0.91737934     0.050034581
       6155.0100      0.92124594     0.050070893
       6157.0200      0.92511751     0.050107197
       6159.0200      0.89493695     0.050143214
       6161.0300      0.86474645     0.050179430
       6163.0400      0.89622681     0.050215413
       6165.0500      0.92772903     0.050251481
       6167.0600      0.96726456     0.050287804
       6169.0700       1.0068070     0.050324637
       6171.0800       1.0102950     0.050362295
       6173.0900       1.0137830     0.050401729
       6175.0900      0.98572806     0.050443354
       6177.1000      0.95766315     0.050488939
       6179.1100      0.96132504     0.050540990
       6181.1200      0.96499786     0.050604942
       6183.1300      0.97383212     0.050692193
       6185.1400      0.98266737     0.050821853
       6187.1500      0.98623883     0.051018711
       6189.1600      0.98980831     0.051301724
       6191.1600       1.0411205     0.051661843
       6193.1700       1.0924566     0.052054969
       6195.1800       1.0649402     0.052395403
       6197.1900       1.0374040     0.052600052
       6199.2000       1.0359730     0.052632895
       6201.2100       1.0345420     0.052526742
       6203.2200       1.0247439     0.052361741
       6205.2300       1.0149457     0.052217082
       6207.2300       1.0383580     0.052136203
       6209.2400       1.0617702     0.052118552
       6211.2500      0.99894665     0.052137999
       6213.2600      0.93609325     0.052163339
       6215.2700       1.0075027     0.052174581
       6217.2800       1.0789618     0.052165416
       6219.2900       1.1867516     0.052140923
       6221.3000       1.2945613     0.052108971
       6223.3000       1.1330206     0.052076663
       6225.3100      0.97138953     0.052048259
       6227.3200       1.0365792     0.052025470
       6229.3300       1.1018473     0.052008494
       6231.3400       1.1167036     0.051997107
       6233.3500       1.1315400     0.051990202
       6235.3600       1.1484036     0.051986275
       6237.3700       1.1652771     0.051983755
       6239.3800       1.1590464     0.051981765
       6241.3800       1.1528058     0.051980778
       6243.3900       1.1511363     0.051981547
       6245.4000       1.1494569     0.051985605
       6247.4100       1.1464360     0.051993021
       6249.4200       1.1434151     0.052004390
       6251.4300       1.1984379     0.052019157
       6253.4400       1.2534706     0.052037673
       6255.4500       1.2265107     0.052059536
       6257.4500       1.1995111     0.052083840
       6259.4600       1.1965696     0.052109306
       6261.4700       1.1936282     0.052134621
       6263.4800       1.2010712     0.052158527
       6265.4900       1.2085043     0.052180365
       6267.5000       1.1877950     0.052200927
       6269.5100       1.1670758     0.052221100
       6271.5200       1.1879043     0.052242339
       6273.5200       1.2087627     0.052264605
       6275.5300       1.2350170     0.052288471
       6277.5400       1.2612813     0.052312901
       6279.5500       1.2145363     0.052337811
       6281.5600       1.1677714     0.052362794
       6283.5700       1.1017778     0.052388295
       6285.5800       1.0357743     0.052413978
       6287.5800       1.0546054     0.052438156
       6289.5900       1.0734664     0.052461389
       6291.6000       1.1053353     0.052483582
       6293.6100       1.1372042     0.052506271
       6295.6200       1.1024635     0.052530919
       6297.6300       1.0676929     0.052558654
       6299.6400       1.1063092     0.052589149
       6301.6500       1.1449454     0.052621183
       6303.6600       1.1255180     0.052652255
       6305.6600       1.1060707     0.052680932
       6307.6700       1.0749371     0.052706122
       6309.6800       1.0438036     0.052728958
       6311.6900       1.0946229     0.052750409
       6313.7000       1.1454820     0.052772891
       6315.7100       1.1700371     0.052797090
       6317.7200       1.1945822     0.052823774
       6319.7300       1.1801433     0.052852277
       6321.7300       1.1656945     0.052882014
       6323.7400       1.1494172     0.052912649
       6325.7500       1.1331399     0.052943516
       6327.7600       1.1510469     0.052974504
       6329.7700       1.1689638     0.053005200
       6331.7800       1.1850821     0.053036111
       6333.7900       1.2011905     0.053066597
       6335.8000       1.1851119     0.053097086
       6337.8000       1.1690036     0.053127445
       6339.8100       1.1844064     0.053157776
       6341.8200       1.1998092     0.053188147
       6343.8300       1.1964106     0.053218419
       6345.8400       1.1930121     0.053248623
       6347.8500       1.1908557     0.053278867
       6349.8600       1.1886993     0.053309100
       6351.8700       1.2048474     0.053339388
       6353.8800       1.2210154     0.053369932
       6355.8800       1.1802526     0.053400759
       6357.8900       1.1394699     0.053431997
       6359.9000       1.1420338     0.053464314
       6361.9100       1.1446075     0.053497657
       6363.9200       1.1319772     0.053533714
       6365.9300       1.1193270     0.053573641
       6367.9400       1.1039342     0.053618719
       6369.9500       1.0885314     0.053669602
       6371.9500       1.1157695     0.053725768
       6373.9600       1.1430076     0.053785890
       6375.9700       1.1531735     0.053849056
       6377.9800       1.1633294     0.053915877
       6379.9900       1.1560652     0.053988057
       6382.0000       1.1487911     0.054067897
       6384.0100       1.1275054     0.054156039
       6386.0200       1.1062098     0.054249795
       6388.0200       1.0740825     0.054342128
       6390.0300       1.0419453     0.054423971
       6392.0400       1.0400175     0.054488029
       6394.0500       1.0380996     0.054530306
       6396.0600       1.0504914     0.054552724
       6398.0700       1.0628931     0.054561096
       6400.0800       1.0861762     0.054561261
       6402.0900       1.1094692     0.054557632
       6404.0900       1.1320865     0.054551911
       6406.1000       1.1547038     0.054542988
       6408.1100       1.1551311     0.054527397
       6410.1200       1.1555584     0.054502828
       6412.1300       1.1307052     0.054471193
       6414.1400       1.1058421     0.054439341
       6416.1500       1.0697598     0.054417806
       6418.1600       1.0336775     0.054416443
       6420.1600       1.0378313     0.054443575
       6422.1700       1.0419950     0.054503019
       6424.1800       1.0570202     0.054593416
       6426.1900       1.0720553     0.054704398
       6428.2000       1.0851427     0.054816885
       6430.2100       1.0982302     0.054906586
       6432.2200       1.1014499     0.054953299
       6434.2300       1.1046695     0.054950794
       6436.2300       1.1318381     0.054909935
       6438.2400       1.1590067     0.054852275
       6440.2500       1.2121414     0.054800249
       6442.2600       1.2652761     0.054768569
       6444.2700       1.2661108     0.054760947
       6446.2800       1.2669257     0.054772417
       6448.2900       1.1942443     0.054795530
       6450.3000       1.1215331     0.054824984
       6452.3000       1.0860769     0.054860580
       6454.3100       1.0506405     0.054904315
       6456.3200       1.1139311     0.054956526
       6458.3300       1.1772615     0.055013032
       6460.3400       1.1976926     0.055067404
       6462.3500       1.2181038     0.055113439
       6464.3600       1.1930320     0.055148494
       6466.3700       1.1679502     0.055173146
       6468.3700       1.1601892     0.055190828
       6470.3800       1.1524381     0.055205752
       6472.3900       1.1246534     0.055220696
       6474.4000       1.0968588     0.055236464
       6476.4100       1.1134243     0.055251692
       6478.4200       1.1299997     0.055264983
       6480.4300       1.1798949     0.055276139
       6482.4400       1.2297900     0.055286483
       6484.4400       1.2092496     0.055296033
       6486.4500       1.1886894     0.055304679
       6488.4600       1.1532728     0.055309843
       6490.4700       1.1178464     0.055310749
       6492.4800       1.1427194     0.055310036
       6494.4900       1.1676223     0.055310863
       6496.5000       1.1857380     0.055314925
       6498.5100       1.2038537     0.055321979
       6500.5200       1.1741809     0.055329649
       6502.5200       1.1444883     0.055337113
       6504.5300       1.1235901     0.055345024
       6506.5400       1.1026920     0.055355723
       6508.5500       1.0806213     0.055371376
       6510.5600       1.0585406     0.055392049
       6512.5700       1.0314019     0.055416176
       6514.5800       1.0042730     0.055442256
       6516.5900       1.0698989     0.055468315
       6518.5900       1.1355646     0.055493892
       6520.6000       1.1092705     0.055519081
       6522.6100       1.0829466     0.055543637
       6524.6200       1.0809393     0.055567501
       6526.6300       1.0789319     0.055590718
       6528.6400       1.1103040     0.055613106
       6530.6500       1.0850434     0.055635058
       6532.6600       1.0323856     0.055656444
       6534.6600      0.97873419     0.055677666
       6536.6700      0.97761525     0.055698613
       6538.6800      0.97524719     0.055719318
       6540.6900       1.0364599     0.055740062
       6542.7000       1.0963719     0.055760899
       6544.7100       1.0658048     0.055781308
       6546.7200       1.0341147     0.055801856
       6548.7300      0.96935537     0.055822206
       6550.7300      0.90397293     0.055842441
       6552.7400      0.98349912     0.055862443
       6554.7500       1.0631118     0.055882348
       6556.7600       1.1084457     0.055902025
       6558.7700       1.1544454     0.055921513
       6560.7800       1.0738242     0.055940719
       6562.7900      0.99430593     0.055959972
       6564.8000      0.97894883     0.055979293
       6566.8000      0.96494520     0.055998271
       6568.8100      0.85900866     0.056017446
       6570.8200      0.75422484     0.056036574
       6572.8300      0.81844660     0.056055387
       6574.8400      0.88353291     0.056074179
       6576.8500      0.94871262     0.056092756
       6578.8600       1.0141805     0.056111258
       6580.8700      0.96149298     0.056129631
       6582.8700      0.90855800     0.056147683
       6584.8800      0.91640548     0.056165888
       6586.8900      0.92371039     0.056183722
       6588.9000      0.92969860     0.056201820
       6590.9100      0.93492562     0.056219379
       6592.9200      0.93179736     0.056237095
       6594.9300      0.92788008     0.056254512
       6596.9400      0.96587036     0.056271937
       6598.9400       1.0031998     0.056288971
       6600.9500       1.0061512     0.056306173
       6602.9600       1.0085958     0.056323107
       6604.9700      0.94822967     0.056339791
       6606.9800      0.92754718     0.056356562
       6608.9900      0.96746231     0.056373146
       6611.0000       1.0074033     0.056389441
       6613.0100       1.0416273     0.056405923
       6615.0200       1.0758414     0.056422170
       6617.0200       1.0501635     0.056438229
       6619.0300       1.0244557     0.056454269
       6621.0400       1.0087448     0.056469970
       6623.0500      0.99303594     0.056485647
       6625.0600       1.0016993     0.056501139
       6627.0700       1.0103745     0.056516501
       6629.0800       1.0505908     0.056531839
       6631.0900       1.0908269     0.056547053
       6633.0900       1.0366587     0.056561960
       6635.1000      0.98246763     0.056576810
       6637.1100       1.0110105     0.056591767
       6639.1200       1.0395902     0.056606328
       6641.1300       1.0433365     0.056620875
       6643.1400       1.0470829     0.056635362
       6645.1500       1.0275859     0.056649611
       6647.1600       1.0080790     0.056663583
       6649.1600       1.0003677     0.056677535
       6651.1700      0.99266429     0.056691513
       6653.1800      0.99325854     0.056705220
       6655.1900      0.99385875     0.056718887
       6657.2000       1.0055351     0.056732279
       6659.2100       1.0172213     0.056745494
       6661.2200       1.0186324     0.056758603
       6663.2300       1.0200435     0.056771497
       6665.2300       1.0200833     0.056784166
       6667.2400       1.0201230     0.056796843
       6669.2500       1.0057636     0.056809396
       6671.2600      0.99140623     0.056822040
       6673.2700      0.93995886     0.056834316
       6675.2800      0.88849659     0.056846628
       6677.2900      0.91274955     0.056858638
       6679.3000      0.93703233     0.056870509
       6681.3000       1.0300504     0.056882262
       6683.3100       1.1231032     0.056894025
       6685.3200       1.1136529     0.056905570
       6687.3300       1.1041627     0.056917003
       6689.3400       1.0656656     0.056928167
       6691.3500       1.0271586     0.056939184
       6693.3600       1.0291759     0.056950189
       6695.3700       1.0312130     0.056960897
       6697.3800       1.0586897     0.056971524
       6699.3800       1.0787233     0.056981868
       6701.3900       1.0390834     0.056992289
       6703.4000       1.0008546     0.057002350
       6705.4100       1.0154525     0.057012503
       6707.4200       1.0314217     0.057022454
       6709.4300       1.1093500     0.057032155
       6711.4400       1.1882919     0.057041914
       6713.4500       1.1690632     0.057051387
       6715.4500       1.1501227     0.057060447
       6717.4600       1.1111288     0.057069615
       6719.4700       1.0715684     0.057078765
       6721.4800       1.1244944     0.057087509
       6723.4900       1.1759696     0.057096214
       6725.5000       1.1859765     0.057104914
       6727.5100       1.1936978     0.057113496
       6729.5200       1.1115561     0.057121732
       6731.5200       1.0266618     0.057129946
       6733.5300       1.0399777     0.057138071
       6735.5400       1.0505908     0.057145985
       6737.5500       1.0323360     0.057153889
       6739.5600       1.0117260     0.057161318
       6741.5700      0.99444505     0.057168658
       6743.5800      0.97553338     0.057175905
       6745.5800      0.98230565     0.057182729
       6747.5900      0.98829784     0.057189438
       6749.6000       1.0598523     0.057196000
       6751.6100       1.0278741     0.057202608
       6753.6200      0.94252368     0.057209485
       6755.6300      0.85710964     0.057216949
       6757.6400      0.82114259     0.057227480
       6759.6500      0.78519542     0.057246639
       6761.6600      0.86059266     0.057291309
       6763.6600      0.93603462     0.057396435
       6765.6700      0.84329680     0.057632680
       6767.6800      0.75049140     0.058112121
       6769.6900      0.70698791     0.058984865
       6771.7000      0.66350429     0.060405135
       6773.7100      0.68633721     0.062463761
       6775.7200      0.70919697     0.065092802
       6777.7300      0.70217826     0.067975051
       6779.7300      0.69514662     0.070528106
       6781.7400      0.70927348     0.072137382
       6783.7500      0.72340829     0.072405678
       6785.7600      0.64903360     0.071442954
       6787.7700      0.57462412     0.069761555
       6789.7800      0.59564250     0.067971458
       6791.7900      0.61669963     0.066521210
       6793.8000      0.67472946     0.065609768
       6795.8000      0.73277519     0.065219729
       6797.8100      0.67767686     0.065189375
       6799.8200      0.62253381     0.065310850
       6801.8300      0.63580408     0.065398092
       6803.8400      0.64910117     0.065341396
       6805.8500      0.66740070     0.065112036
       6807.8600      0.68570222     0.064738315
       6809.8700      0.68241297     0.064270253
       6811.8800      0.67911479     0.063755020
       6813.8800      0.71301289     0.063229095
       6815.8900      0.74692590     0.062708326
       6817.9000      0.72381572     0.062208360
       6819.9100      0.70068269     0.061737681
       6821.9200      0.65780823     0.061303319
       6823.9300      0.61492582     0.060911573
       6825.9400      0.58697320     0.060567895
       6827.9400      0.55902654     0.060277652
       6829.9500      0.58342161     0.060038606
       6831.9600      0.60783655     0.059849752
       6833.9700      0.65976786     0.059704547
       6835.9800      0.71171110     0.059595351
       6837.9900      0.67887331     0.059515465
       6840.0000      0.64600074     0.059460848
       6842.0100      0.61815544     0.059430547
       6844.0200      0.59031114     0.059421981
       6846.0200      0.57190627     0.059427466
       6848.0300      0.55350439     0.059431465
       6850.0400      0.59749083     0.059414916
       6852.0500      0.64150312     0.059364165
       6854.0600      0.63882104     0.059279753
       6856.0700      0.63611909     0.059173162
       6858.0800      0.59505620     0.059063625
       6860.0900      0.55397641     0.058965658
       6862.0900      0.58309368     0.058883306
       6864.1000      0.61223977     0.058805907
       6866.1100      0.64413948     0.058715464
       6868.1200      0.67604019     0.058593756
       6870.1300      0.67670201     0.058434223
       6872.1400      0.67734992     0.058246018
       6874.1500      0.71046497     0.058050772
       6876.1600      0.74359293     0.057874374
       6878.1600      0.72294422     0.057736721
       6880.1700      0.70227266     0.057645310
       6882.1800      0.64451908     0.057600875
       6884.1900      0.58675060     0.057598608
       6886.2000      0.61402053     0.057634358
       6888.2100      0.64132623     0.057705459
       6890.2200      0.65007602     0.057807839
       6892.2300      0.65881687     0.057933116
       6894.2300      0.62690423     0.058065118
       6896.2400      0.59497471     0.058184465
       6898.2500      0.62226650     0.058272052
       6900.2600      0.64958313     0.058318361
       6902.2700      0.67233457     0.058325877
       6904.2800      0.69508402     0.058307492
       6906.2900      0.69892081     0.058278457
       6908.3000      0.70274866     0.058249908
       6910.3000      0.72062486     0.058226690
       6912.3100      0.73850702     0.058207009
       6914.3200      0.73898500     0.058187195
       6916.3300      0.73945703     0.058166499
       6918.3400      0.73715555     0.058146558
       6920.3500      0.73485308     0.058130912
       6922.3600      0.72765947     0.058120818
       6924.3700      0.72046487     0.058115200
       6926.3700      0.66102394     0.058110907
       6928.3800      0.60156115     0.058103725
       6930.3900      0.60558774     0.058087740
       6932.4000      0.60964116     0.058055195
       6934.4100      0.66613767     0.058000254
       6936.4200      0.72265604     0.057922789
       6938.4300      0.81595135     0.057833702
       6940.4400      0.90926156     0.057749284
       6942.4400      0.85309497     0.057684602
       6944.4500      0.79686578     0.057642541
       6946.4600      0.81725115     0.057616459
       6948.4700      0.83766931     0.057595362
       6950.4800      0.91604178     0.057573182
       6952.4900      0.99443511     0.057550908
       6954.5000       1.0046010     0.057534507
       6956.5100       1.0147370     0.057526359
       6958.5200       1.0096988     0.057522775
       6960.5200       1.0046507     0.057516447
       6962.5300       1.0106031     0.057500036
       6964.5400       1.0165655     0.057471506
       6966.5500       1.0007552     0.057433151
       6968.5600      0.98492810     0.057388998
       6970.5700      0.99065099     0.057342884
       6972.5800      0.99638282     0.057296644
       6974.5900       1.0374437     0.057252501
       6976.5900       1.0785245     0.057213539
       6978.6000       1.1043615     0.057181061
       6980.6100       1.1301786     0.057156732
       6982.6200       1.1746281     0.057137379
       6984.6300       1.2190876     0.057118683
       6986.6400       1.2580119     0.057095876
       6988.6500       1.2969363     0.057067120
       6990.6600       1.2602379     0.057034315
       6992.6600       1.2235097     0.057000912
       6994.6700       1.2604466     0.056969731
       6996.6800       1.2974133     0.056942584
       6998.6900       1.2570282     0.056919579
       7000.7000       1.2166132     0.056900342
       7002.7100       1.2227445     0.056883747
       7004.7200       1.2288957     0.056868997
       7006.7300       1.2804901     0.056854660
       7008.7300       1.3321044     0.056838514
       7010.7400       1.3382159     0.056819732
       7012.7500       1.3443174     0.056797238
       7014.7600       1.3279606     0.056771216
       7016.7700       1.3115938     0.056743382
       7018.7800       1.3333267     0.056715555
       7020.7900       1.3550794     0.056689525
       7022.8000       1.4272938     0.056666477
       7024.8000       1.4995280     0.056647672
       7026.8100       1.4316264     0.056632714
       7028.8200       1.3636553     0.056621515
       7030.8300       1.3999165     0.056613575
       7032.8400       1.4362175     0.056608012
       7034.8500       1.4678777     0.056602846
       7036.8600       1.4995379     0.056596955
       7038.8700       1.4914887     0.056589754
       7040.8700       1.4834296     0.056582549
       7042.8800       1.4576025     0.056577546
       7044.8900       1.4317755     0.056577683
       7046.9000       1.4359392     0.056584963
       7048.9100       1.4401129     0.056599421
       7050.9200       1.4592322     0.056619460
       7052.9300       1.4783516     0.056641981
       7054.9400       1.5117210     0.056664396
       7056.9400       1.5451004     0.056688659
       7058.9500       1.5786487     0.056722674
       7060.9600       1.6122070     0.056782081
       7062.9700       1.5847105     0.056890326
       7064.9800       1.5571941     0.057074960
       7066.9900       1.5345073     0.057359835
       7069.0000       1.5118204     0.057760446
       7071.0100       1.5548688     0.058273636
       7073.0200       1.5979470     0.058874584
       7075.0200       1.5509734     0.059514756
       7077.0300       1.5039699     0.060147550
       7079.0400       1.4768113     0.060724159
       7081.0500       1.4496726     0.061224127
       7083.0600       1.4814024     0.061657048
       7085.0700       1.5131619     0.062050356
       7087.0800       1.5070505     0.062424229
       7089.0800       1.5009291     0.062769465
       7091.0900       1.4446244     0.063052402
       7093.1000       1.3882800     0.063225176
       7095.1100       1.3655732     0.063262477
       7097.1200       1.3428864     0.063176566
       7099.1300       1.3536187     0.063007540
       7101.1400       1.3643708     0.062799039
       7103.1500       1.3061880     0.062567823
       7105.1600       1.2479753     0.062294839
       7107.1600       1.2202900     0.061936624
       7109.1700       1.1926146     0.061444251
       7111.1800       1.2546830     0.060806431
       7113.1900       1.3167910     0.060057443
       7115.2000       1.3301368     0.059271597
       7117.2100       1.3434628     0.058537023
       7119.2200       1.3210939     0.057926252
       7121.2300       1.2987052     0.057481190
       7123.2300       1.2878934     0.057213982
       7125.2400       1.2770816     0.057112770
       7127.2500       1.2869394     0.057164814
       7129.2600       1.2967972     0.057358809
       7131.2700       1.3138297     0.057684808
       7133.2800       1.3308523     0.058126446
       7135.2900       1.2402739     0.058647493
       7137.3000       1.1496457     0.059189449
       7139.3000       1.1425604     0.059677362
       7141.3100       1.1355050     0.060052053
       7143.3200       1.1250311     0.060274960
       7145.3300       1.1145571     0.060346163
       7147.3400       1.1519413     0.060294133
       7149.3500       1.1893452     0.060162785
       7151.3600       1.1956157     0.059995147
       7153.3700       1.2018662     0.059821473
       7155.3800       1.1376812     0.059654646
       7157.3800       1.0734565     0.059492292
       7159.3900       1.0578847     0.059325724
       7161.4000       1.0423329     0.059156711
       7163.4100       1.0575469     0.058998225
       7165.4200       1.0727708     0.058866994
       7167.4300       1.1134640     0.058774071
       7169.4400       1.1541672     0.058722961
       7171.4400       1.2030686     0.058714213
       7173.4500       1.2519701     0.058746993
       7175.4600       1.1391619     0.058809640
       7177.4700       1.0262841     0.058870609
       7179.4800       1.0738440     0.058878787
       7181.4900       1.1214735     0.058788555
       7183.5000       1.1858672     0.058591870
       7185.5100       1.2502609     0.058330826
       7187.5200       1.1855989     0.058080769
       7189.5200       1.1208773     0.057907058
       7191.5300       1.1042025     0.057828548
       7193.5400       1.0875376     0.057815010
       7195.5500       1.1378700     0.057810171
       7197.5600       1.1882422     0.057767746
       7199.5700       1.2129066     0.057677828
       7201.5800       1.2375610     0.057564979
       7203.5800       1.1949996     0.057461971
       7205.5900       1.1523984     0.057383539
       7207.6000       1.1250708     0.057321635
       7209.6100       1.0977532     0.057254438
       7211.6200       1.1627729     0.057162432
       7213.6300       1.2278324     0.057036799
       7215.6400       1.2162455     0.056877726
       7217.6500       1.2046189     0.056687751
       7219.6600       1.0946031     0.056464795
       7221.6600      0.98454154     0.056209413
       7223.6700       1.0333993     0.055926232
       7225.6800       1.0823206     0.055633766
       7227.6900       1.1606960     0.055358180
       7229.7000       1.2390715     0.055121074
       7231.7100       1.2608938     0.054932159
       7233.7200       1.2826962     0.054784245
       7235.7300       1.2770319     0.054659793
       7237.7300       1.2713677     0.054541226
       7239.7400       1.2496447     0.054419056
       7241.7500       1.2279218     0.054298046
       7243.7600       1.2581709     0.054189289
       7245.7700       1.2884499     0.054103682
       7247.7800       1.3083344     0.054043505
       7249.7900       1.3282189     0.054002807
       7251.8000       1.3219584     0.053969779
       7253.8000       1.3156880     0.053935728
       7255.8100       1.3523467     0.053897332
       7257.8200       1.3890253     0.053857427
       7259.8300       1.3811251     0.053820217
       7261.8400       1.3732051     0.053787513
       7263.8500       1.3124385     0.053756523
       7265.8600       1.2516421     0.053720333
       7267.8700       1.2952669     0.053671292
       7269.8700       1.3389413     0.053603882
       7271.8800       1.4333158     0.053516544
       7273.8900       1.5277101     0.053413982
       7275.9000       1.5275611     0.053304288
       7277.9100       1.5273723     0.053197759
       7279.9200       1.4951456     0.053102545
       7281.9300       1.4629090     0.053022474
       7283.9400       1.3831424     0.052955686
       7285.9400       1.3033459     0.052898086
       7287.9500       1.3278016     0.052843574
       7289.9600       1.3522970     0.052788465
       7291.9700       1.3916884     0.052730400
       7293.9800       1.4310799     0.052667693
       7295.9900       1.4568374     0.052598871
       7298.0000       1.4825948     0.052522221
       7300.0100       1.5373096     0.052437835
       7302.0200       1.5920343     0.052348182
       7304.0200       1.5909710     0.052258300
       7306.0300       1.5898779     0.052172155
       7308.0400       1.5512119     0.052093563
       7310.0500       1.5125260     0.052022936
       7312.0600       1.4824060     0.051958832
       7314.0700       1.4522960     0.051898195
       7316.0800       1.4710775     0.051838592
       7318.0900       1.4898789     0.051779040
       7320.0900       1.4920750     0.051719913
       7322.1000       1.4942612     0.051660865
       7324.1100       1.4566585     0.051602591
       7326.1200       1.4190359     0.051543051
       7328.1300       1.4129046     0.051481975
       7330.1400       1.4067832     0.051418346
       7332.1500       1.3822580     0.051353288
       7334.1600       1.3577128     0.051288071
       7336.1600       1.3596705     0.051224832
       7338.1700       1.3616381     0.051163719
       7340.1800       1.3469408     0.051104657
       7342.1900       1.3322336     0.051046759
       7344.2000       1.2929018     0.050988369
       7346.2100       1.2535600     0.050929265
       7348.2200       1.2675517     0.050869140
       7350.2300       1.2815733     0.050808932
       7352.2300       1.3124186     0.050749085
       7354.2400       1.3432739     0.050690021
       7356.2500       1.3618070     0.050631799
       7358.2600       1.3803301     0.050574070
       7360.2700       1.3884191     0.050516933
       7362.2800       1.3965080     0.050459891
       7364.2900       1.3445161     0.050402929
       7366.3000       1.2925043     0.050345964
       7368.3000       1.3455695     0.050288896
       7370.3100       1.3986942     0.050231527
       7372.3200       1.3257545     0.050173894
       7374.3300       1.2527551     0.050115939
       7376.3400       1.2356928     0.050057970
       7378.3500       1.2186404     0.049999629
       7380.3600       1.1975534     0.049941011
       7382.3700       1.1764566     0.049882196
       7384.3700       1.1452435     0.049823180
       7386.3800       1.1140305     0.049763654
       7388.3900       1.1364888     0.049703912
       7390.4000       1.1589669     0.049643620
       7392.4100       1.1887987     0.049583413
       7394.4200       1.2186304     0.049522727
       7396.4300       1.2154803     0.049461932
       7398.4400       1.2123103     0.049400828
       7400.4400       1.1592154     0.049339821
       7402.4500       1.1061005     0.049278305
       7404.4600       1.0676630     0.049216472
       7406.4700       1.0292355     0.049154409
       7408.4800       1.1043714     0.049092025
       7410.4900       1.1795570     0.049029617
