# data from http://adsabs.harvard.edu/abs/2011MNRAS.413.2140T
# via WISEREP
# de-redshifted assuming z=   0.00193100
# type is SNIIb
# phase is       10.5000
# WARNING: fake error spectrum!

       3231.7600      0.15487562     0.026323061
       3236.4300    0.0037740051     0.026326628
       3241.1100     0.018027883     0.026330350
       3245.7800    -0.051869075     0.026334211
       3250.4600      0.11924374     0.026338225
       3255.1300     0.021158044     0.026342377
       3259.8100    -0.022231975     0.026346684
       3264.4800      0.16709054     0.026351126
       3269.1600      0.17680324     0.026355722
       3273.8300      0.13056830     0.026360452
       3278.5000    0.0087237051     0.026365326
       3283.1800    -0.019130017     0.026370354
       3287.8500    -0.064638703     0.026375514
       3292.5300     0.046160143     0.026380827
       3297.2000      0.23499588     0.026386272
       3301.8800      0.17202017     0.026391869
       3306.5500      0.20391523     0.026397596
       3311.2300      0.20905590     0.026403476
       3315.9000     0.085482277     0.026409484
       3320.5700    -0.010395511     0.026415632
       3325.2500      0.14002263     0.026421933
       3329.9200      0.18280794     0.026428359
       3334.6000      0.17214630     0.026434939
       3339.2700     0.066189110     0.026441642
       3343.9500      0.10421749     0.026448498
       3348.6200      0.11000103     0.026455477
       3353.3000     0.070093463     0.026462609
       3357.9700     0.051014586     0.026469862
       3362.6400     0.093547064     0.026477251
       3367.3200     0.074771398     0.026484792
       3371.9900      0.10589842     0.026492452
       3376.6700      0.11832762     0.026500265
       3381.3400      0.10157483     0.026508195
       3386.0200      0.13111404     0.026516277
       3390.6900      0.11024433     0.026524475
       3395.3700     0.070389042     0.026532825
       3400.0400     0.091562543     0.026541290
       3404.7100     0.066767674     0.026549887
       3409.3900     0.079034302     0.026558636
       3414.0600      0.11047865     0.026567498
       3418.7400      0.10811364     0.026576510
       3423.4100     0.092282313     0.026585634
       3428.0900      0.10509278     0.026594909
       3432.7600      0.10053601     0.026604294
       3437.4400      0.11843582     0.026613829
       3442.1100      0.13971637     0.026623474
       3446.7900      0.12449528     0.026633268
       3451.4600      0.13526264     0.026643170
       3456.1300      0.14393538     0.026653200
       3460.8100      0.14375487     0.026663380
       3465.4800      0.12500725     0.026673665
       3470.1600      0.14845131     0.026684100
       3474.8300      0.15802166     0.026694639
       3479.5100      0.14515949     0.026705327
       3484.1800      0.11110549     0.026716118
       3488.8600      0.11036607     0.026727058
       3493.5300      0.12542953     0.026738099
       3498.2000      0.12337479     0.026749265
       3502.8800      0.10593238     0.026760579
       3507.5500      0.10067436     0.026771993
       3512.2300      0.10678000     0.026783555
       3516.9000     0.090397973     0.026795215
       3521.5800     0.087061497     0.026807023
       3526.2500     0.086901972     0.026818928
       3530.9300     0.098481269     0.026830980
       3535.6000     0.097365740     0.026843128
       3540.2700      0.10101401     0.026855397
       3544.9500     0.097593959     0.026867813
       3549.6200     0.097413635     0.026880322
       3554.3000      0.10244134     0.026892979
       3558.9700      0.12332766     0.026905727
       3563.6500      0.12841567     0.026918622
       3568.3200      0.12473572     0.026931608
       3573.0000      0.13994039     0.026944740
       3577.6700      0.15337330     0.026957962
       3582.3400      0.15266479     0.026971301
       3587.0200      0.14264506     0.026984786
       3591.6900      0.13187102     0.026998359
       3596.3700      0.12416593     0.027012076
       3601.0400      0.11552754     0.027025881
       3605.7200      0.11055784     0.027039830
       3610.3900      0.10342711     0.027053864
       3615.0700     0.098079022     0.027068044
       3619.7400     0.092716809     0.027082307
       3624.4200      0.11496558     0.027096714
       3629.0900      0.12709882     0.027111204
       3633.7600      0.12744096     0.027125807
       3638.4400      0.13456902     0.027140553
       3643.1100      0.15757686     0.027155380
       3647.7900      0.15337826     0.027170351
       3652.4600      0.15294320     0.027185401
       3657.1400      0.16496004     0.027200595
       3661.8100      0.15025684     0.027215866
       3666.4900      0.15620411     0.027231280
       3671.1600      0.15878723     0.027246771
       3675.8300      0.14502229     0.027262371
       3680.5100      0.14554265     0.027278114
       3685.1800      0.15008740     0.027293931
       3689.8600      0.16761186     0.027309891
       3694.5300      0.17183106     0.027325924
       3699.2100      0.17625998     0.027342098
       3703.8800      0.17814489     0.027358345
       3708.5600      0.17008182     0.027374734
       3713.2300      0.15599497     0.027391193
       3717.9000      0.13812245     0.027407758
       3722.5800      0.11713634     0.027424464
       3727.2500     0.080035721     0.027441238
       3731.9300     0.054946609     0.027458154
       3736.6000     0.074596990     0.027475137
       3741.2800     0.074344345     0.027492260
       3745.9500     0.065724465     0.027509450
       3750.6300     0.052732342     0.027526779
       3755.3000     0.046663715     0.027544174
       3759.9700     0.043190422     0.027561671
       3764.6500     0.041196742     0.027579307
       3769.3200     0.036809616     0.027597007
       3774.0000     0.029106050     0.027614845
       3778.6700     0.032614644     0.027632745
       3783.3500     0.023430511     0.027650784
       3788.0200     0.021573458     0.027668884
       3792.7000     0.033914124     0.027687122
       3797.3700     0.034172684     0.027705420
       3802.0400     0.035613560     0.027723816
       3806.7200     0.035795411     0.027742350
       3811.3900     0.034876998     0.027760941
       3816.0700     0.034770902     0.027779670
       3820.7400     0.040838193     0.027798455
       3825.4200     0.053215878     0.027817377
       3830.0900     0.058692582     0.027836354
       3834.7700     0.063700826     0.027855468
       3839.4400     0.070192689     0.027874635
       3844.1200     0.073283008     0.027893939
       3848.7900     0.077999298     0.027913296
       3853.4600     0.082449013     0.027932747
       3858.1400      0.10049174     0.027952333
       3862.8100      0.11635569     0.027971970
       3867.4900      0.12659201     0.027991742
       3872.1600      0.14949013     0.028011564
       3876.8400      0.17395011     0.028031520
       3881.5100      0.20744920     0.028051525
       3886.1900      0.23186072     0.028071665
       3890.8600      0.25565779     0.028091852
       3895.5300      0.28403453     0.028112129
       3900.2100      0.30206886     0.028132539
       3904.8800      0.31463241     0.028152995
       3909.5600      0.31744508     0.028173585
       3914.2300      0.31633833     0.028194218
       3918.9100      0.30126933     0.028214985
       3923.5800      0.31184072     0.028235795
       3928.2600      0.32254187     0.028256737
       3932.9300      0.33670447     0.028277721
       3937.6000      0.36337720     0.028298792
       3942.2800      0.38911109     0.028319994
       3946.9500      0.43174966     0.028341237
       3951.6300      0.47727342     0.028362610
       3956.3000      0.50460447     0.028384023
       3960.9800      0.54522990     0.028405567
       3965.6500      0.56348558     0.028427149
       3970.3300      0.58043415     0.028448860
       3975.0000      0.59432007     0.028470609
       3979.6700      0.60762972     0.028492441
       3984.3500      0.60936999     0.028514402
       3989.0200      0.62621934     0.028536398
       3993.7000      0.64077312     0.028558524
       3998.3700      0.64665227     0.028580683
       4003.0500      0.67128322     0.028602971
       4007.7200      0.67563390     0.028625292
       4012.4000      0.68472644     0.028647741
       4017.0700      0.68141191     0.028670222
       4021.7400      0.69311486     0.028692781
       4026.4200      0.68131650     0.028715469
       4031.0900      0.66719396     0.028738186
       4035.7700      0.65214023     0.028761030
       4040.4400      0.65104493     0.028783903
       4045.1200      0.66216588     0.028806903
       4049.7900      0.66764239     0.028829930
       4054.4700      0.67723297     0.028853083
       4059.1400      0.67876334     0.028876263
       4063.8200      0.66688484     0.028899568
       4068.4900      0.66524952     0.028922899
       4073.1600      0.67362457     0.028946304
       4077.8400      0.66059162     0.028969834
       4082.5100      0.65045148     0.028993388
       4087.1900      0.64420215     0.029017066
       4091.8600      0.63253927     0.029040767
       4096.5400      0.61900446     0.029064592
       4101.2100      0.60371602     0.029088438
       4105.8900      0.59285267     0.029112407
       4110.5600      0.59336025     0.029136397
       4115.2300      0.59333545     0.029160458
       4119.9100      0.60333819     0.029184641
       4124.5800      0.59801433     0.029208843
       4129.2600      0.59164669     0.029233168
       4133.9300      0.58011930     0.029257509
       4138.6100      0.57411994     0.029281972
       4143.2800      0.55932763     0.029306452
       4147.9600      0.54647404     0.029331053
       4152.6300      0.54347055     0.029355669
       4157.3000      0.53771162     0.029380352
       4161.9800      0.53791580     0.029405156
       4166.6500      0.53735479     0.029429974
       4171.3300      0.53349260     0.029454911
       4176.0000      0.52083556     0.029479861
       4180.6800      0.53424634     0.029504930
       4185.3500      0.54176271     0.029530010
       4190.0300      0.54259659     0.029555209
       4194.7000      0.53838330     0.029580419
       4199.3800      0.52991093     0.029605747
       4204.0500      0.52697994     0.029631084
       4208.7200      0.51928420     0.029656484
       4213.4000      0.50438503     0.029682002
       4218.0700      0.50802204     0.029707527
       4222.7500      0.50611385     0.029733169
       4227.4200      0.49482689     0.029758817
       4232.1000      0.48236066     0.029784582
       4236.7700      0.47273955     0.029810353
       4241.4500      0.49107920     0.029836239
       4246.1200      0.49893523     0.029862130
       4250.7900      0.50735990     0.029888080
       4255.4700      0.49036935     0.029914145
       4260.1400      0.48884280     0.029940212
       4264.8200      0.48202864     0.029966395
       4269.4900      0.46860068     0.029992579
       4274.1700      0.46146213     0.030018876
       4278.8400      0.46550178     0.030045175
       4283.5200      0.46031531     0.030071586
       4288.1900      0.45702559     0.030097998
       4292.8600      0.44621376     0.030124465
       4297.5400      0.43846459     0.030151045
       4302.2100      0.43009335     0.030177623
       4306.8900      0.42887020     0.030204312
       4311.5600      0.42816035     0.030230999
       4316.2400      0.41125948     0.030257796
       4320.9100      0.39976453     0.030284590
       4325.5900      0.38018074     0.030311495
       4330.2600      0.36298029     0.030338394
       4334.9300      0.33894278     0.030365346
       4339.6100      0.31009663     0.030392407
       4344.2800      0.28226945     0.030419462
       4348.9600      0.27108362     0.030446626
       4353.6300      0.27584457     0.030473783
       4358.3100      0.27159120     0.030501048
       4362.9800      0.27946250     0.030528304
       4367.6600      0.29853489     0.030555669
       4372.3300      0.31455989     0.030583023
       4377.0000      0.34145778     0.030610427
       4381.6800      0.37149847     0.030637937
       4386.3500      0.40988368     0.030665436
       4391.0300      0.44247371     0.030693042
       4395.7000      0.48318119     0.030720636
       4400.3800      0.50583716     0.030748335
       4405.0500      0.52767834     0.030776021
       4409.7300      0.52839391     0.030803813
       4414.4000      0.53065321     0.030831590
       4419.0700      0.52826606     0.030859413
       4423.7500      0.52865724     0.030887339
       4428.4200      0.53811234     0.030915250
       4433.1000      0.54998130     0.030943265
       4437.7700      0.54060826     0.030971263
       4442.4500      0.54672020     0.030999364
       4447.1200      0.54288282     0.031027447
       4451.8000      0.55946502     0.031055633
       4456.4700      0.55079037     0.031083800
       4461.1500      0.53332277     0.031112069
       4465.8200      0.52972774     0.031140319
       4470.4900      0.53915040     0.031168608
       4475.1700      0.53611828     0.031196999
       4479.8400      0.53217023     0.031225369
       4484.5200      0.54169974     0.031253839
       4489.1900      0.55185133     0.031282286
       4493.8700      0.54961493     0.031310834
       4498.5400      0.56070534     0.031339358
       4503.2200      0.57520570     0.031367981
       4507.8900      0.60925359     0.031396580
       4512.5600      0.63018838     0.031425216
       4517.2400      0.66197696     0.031453950
       4521.9100      0.69149099     0.031482659
       4526.5900      0.71330926     0.031511465
       4531.2600      0.72081228     0.031540244
       4535.9400      0.73594616     0.031569120
       4540.6100      0.74972713     0.031597969
       4545.2900      0.76048934     0.031626913
       4549.9600      0.76289175     0.031655829
       4554.6300      0.78078679     0.031684779
       4559.3100      0.79327782     0.031713823
       4563.9800      0.79765903     0.031742838
       4568.6600      0.80873609     0.031771947
       4573.3300      0.80675538     0.031801025
       4578.0100      0.79396668     0.031830197
       4582.6800      0.76068397     0.031859337
       4587.3600      0.74313814     0.031888570
       4592.0300      0.72421650     0.031917771
       4596.7100      0.73288351     0.031947063
       4601.3800      0.75082816     0.031976323
       4606.0500      0.75472659     0.032005611
       4610.7300      0.77514235     0.032034990
       4615.4000      0.78584922     0.032064334
       4620.0800      0.79056818     0.032093769
       4624.7500      0.80425565     0.032123168
       4629.4300      0.85301952     0.032152657
       4634.1000      0.90898301     0.032182109
       4638.7800      0.94545812     0.032211650
       4643.4500      0.97251630     0.032241154
       4648.1200      0.97391309     0.032270683
       4652.8000      0.97689751     0.032300300
       4657.4700      0.96949372     0.032329877
       4662.1500      0.97476415     0.032359542
       4666.8200      0.96689476     0.032389167
       4671.5000      0.94498870     0.032418879
       4676.1700      0.96052139     0.032448550
       4680.8500      0.97821798     0.032478307
       4685.5200       1.0026448     0.032508022
       4690.1900       1.0284416     0.032537759
       4694.8700       1.0530306     0.032567580
       4699.5400       1.0869010     0.032597359
       4704.2200       1.1012621     0.032627221
       4708.8900       1.0956482     0.032657040
       4713.5700       1.0955604     0.032686941
       4718.2400       1.0975220     0.032716798
       4722.9200       1.0600508     0.032746738
       4727.5900       1.0424420     0.032776632
       4732.2600       1.0260392     0.032806544
       4736.9400       1.0236998     0.032836537
       4741.6100       1.0070126     0.032866483
       4746.2900      0.99070138     0.032896510
       4750.9600      0.96818279     0.032926490
       4755.6400      0.96445991     0.032956549
       4760.3100      0.93586754     0.032986559
       4764.9900      0.91931397     0.033016649
       4769.6600      0.90281382     0.033046689
       4774.3300      0.87561062     0.033076743
       4779.0100      0.83164967     0.033106875
       4783.6800      0.79665723     0.033136957
       4788.3600      0.76538194     0.033167115
       4793.0300      0.73906224     0.033197222
       4797.7100      0.71818279     0.033227406
       4802.3800      0.69200811     0.033257537
       4807.0600      0.66097898     0.033287744
       4811.7300      0.62487215     0.033317897
       4816.4000      0.61043476     0.033348061
       4821.0800      0.58821958     0.033378299
       4825.7500      0.56717030     0.033408483
       4830.4300      0.55341032     0.033438741
       4835.1000      0.53392958     0.033468943
       4839.7800      0.50856397     0.033499218
       4844.4500      0.49166120     0.033529437
       4849.1300      0.48118140     0.033559728
       4853.8000      0.46510869     0.033589962
       4858.4800      0.43935572     0.033620268
       4863.1500      0.43598776     0.033650515
       4867.8200      0.42983765     0.033680768
       4872.5000      0.42961821     0.033711092
       4877.1700      0.44264735     0.033741357
       4881.8500      0.46457630     0.033771691
       4886.5200      0.49077770     0.033801965
       4891.2000      0.52306815     0.033832307
       4895.8700      0.55421176     0.033862589
       4900.5500      0.58326400     0.033892939
       4905.2200      0.61711535     0.033923227
       4909.8900      0.65212878     0.033953517
       4914.5700      0.68367121     0.033983874
       4919.2400      0.71290664     0.034014168
       4923.9200      0.74570466     0.034044528
       4928.5900      0.77702574     0.034074825
       4933.2700      0.82562741     0.034105186
       4937.9400      0.87504198     0.034135483
       4942.6200      0.91956585     0.034165844
       4947.2900      0.96683561     0.034196140
       4951.9600       1.0151701     0.034226434
       4956.6400       1.0693914     0.034256792
       4961.3100       1.1059715     0.034287083
       4965.9900       1.1583552     0.034317436
       4970.6600       1.2150629     0.034347722
       4975.3400       1.2529653     0.034378069
       4980.0100       1.3043644     0.034408348
       4984.6900       1.3338231     0.034438688
       4989.3600       1.3557330     0.034468959
       4994.0400       1.3956505     0.034499805
       4998.7100       1.4004553     0.034529361
       5003.3800       1.3974823     0.034559269
       5008.0600       1.4078228     0.034589929
       5012.7300       1.3952765     0.034620506
       5017.4100       1.3820183     0.034651058
       5022.0800       1.3680084     0.034681426
       5026.7600       1.3520483     0.034711668
       5031.4300       1.3120583     0.034740946
       5036.1000       1.2543430     0.034771133
       5040.7800       1.1906590     0.034801980
       5045.4500       1.1368651     0.034832522
       5050.1300       1.0711794     0.034862265
       5054.8000      0.99173180     0.034892415
       5059.4800      0.93804861     0.034923166
       5064.1500      0.89631261     0.034952866
       5068.8300      0.85482849     0.034982200
       5073.5000      0.83753454     0.035012622
       5078.1800      0.84218862     0.035043649
       5082.8500      0.86319401     0.035073713
       5087.5200      0.86408704     0.035103435
       5092.2000      0.89212603     0.035133562
       5096.8700      0.90512273     0.035163710
       5101.5500      0.91686957     0.035193804
       5106.2200      0.91235860     0.035224027
       5110.9000      0.92820233     0.035254370
       5115.5700      0.94925542     0.035283861
       5120.2500      0.97320325     0.035313644
       5124.9200      0.99684385     0.035343640
       5129.5900       1.0086365     0.035374053
       5134.2700       1.0234593     0.035403945
       5138.9400       1.0265907     0.035433875
       5143.6200       1.0260430     0.035463914
       5148.2900       1.0391618     0.035493365
       5152.9700       1.0434476     0.035523677
       5157.6400       1.0536412     0.035553562
       5162.3200       1.0566085     0.035582831
       5166.9900       1.0511129     0.035613038
       5171.6600       1.0487085     0.035643083
       5176.3400       1.0290255     0.035672998
       5181.0100       1.0165040     0.035702473
       5185.6900       1.0200780     0.035731746
       5190.3600       1.0189083     0.035761773
       5195.0400       1.0101936     0.035791794
       5199.7100       1.0082587     0.035821587
       5204.3900       1.0075488     0.035851111
       5209.0600       1.0011983     0.035880685
       5213.7300      0.99064604     0.035910293
       5218.4100      0.97344749     0.035939808
       5223.0800      0.96643107     0.035969318
       5227.7600      0.96249065     0.035998784
       5232.4300      0.96802250     0.036028434
       5237.1100      0.99206573     0.036058105
       5241.7800       1.0017193     0.036087328
       5246.4600       1.0118499     0.036116720
       5251.1300       1.0230166     0.036146112
       5255.8000       1.0393927     0.036175703
       5260.4800       1.0696223     0.036205157
       5265.1500       1.0813329     0.036234324
       5269.8300       1.0928355     0.036263671
       5274.5000       1.1191953     0.036293054
       5279.1800       1.1483696     0.036322270
       5283.8500       1.1731380     0.036351230
       5288.5300       1.1916455     0.036380411
       5293.2000       1.2107103     0.036409589
       5297.8800       1.2327366     0.036438526
       5302.5500       1.2437411     0.036467624
       5307.2200       1.2650156     0.036496783
       5311.9000       1.2664124     0.036525923
       5316.5700       1.2640119     0.036555012
       5321.2500       1.2545224     0.036583939
       5325.9200       1.2575126     0.036612966
       5330.6000       1.2749744     0.036641932
       5335.2700       1.2775734     0.036670536
       5339.9500       1.3053929     0.036699102
       5344.6200       1.3065359     0.036728086
       5349.2900       1.3248641     0.036756962
       5353.9700       1.3354565     0.036785653
       5358.6400       1.3397118     0.036814170
       5363.3200       1.3574408     0.036842872
       5367.9900       1.3598318     0.036871475
       5372.6700       1.3643332     0.036900108
       5377.3400       1.3710176     0.036928369
       5382.0200       1.3607019     0.036956801
       5386.6900       1.3513422     0.036985685
       5391.3600       1.3578778     0.037014386
       5396.0400       1.3662204     0.037042349
       5400.7100       1.3647435     0.037070038
       5405.3900       1.3667070     0.037098562
       5410.0600       1.3491917     0.037127195
       5414.7400       1.3257667     0.037155348
       5419.4100       1.3247248     0.037183197
       5424.0900       1.3320180     0.037211689
       5428.7600       1.3182618     0.037239971
       5433.4400       1.2878223     0.037267981
       5438.1100       1.2703604     0.037295623
       5442.7800       1.2656415     0.037323827
       5447.4600       1.2703394     0.037351870
       5452.1300       1.2775104     0.037379667
       5456.8100       1.2915127     0.037407098
       5461.4800       1.3191854     0.037434650
       5466.1600       1.3448754     0.037462350
       5470.8300       1.3508098     0.037490410
       5475.5100       1.3574866     0.037518178
       5480.1800       1.3819840     0.037545852
       5484.8500       1.3840315     0.037573302
       5489.5300       1.3908075     0.037601079
       5494.2000       1.4088418     0.037628173
       5498.8800       1.4245252     0.037655116
       5503.5500       1.4529287     0.037682592
       5508.2300       1.4807177     0.037710078
       5512.9000       1.4751839     0.037737204
       5517.5800       1.4915467     0.037764522
       5522.2500       1.4956589     0.037791858
       5526.9200       1.5029329     0.037818914
       5531.6000       1.4911899     0.037845965
       5536.2700       1.4774623     0.037872816
       5540.9500       1.4507820     0.037899702
       5545.6200       1.4490990     0.037926464
       5550.3000       1.4274085     0.037953465
       5554.9700       1.4047735     0.037980180
       5559.6500       1.4102157     0.038007226
       5564.3200       1.3998638     0.038033949
       5568.9900       1.3854798     0.038060301
       5573.6700       1.3637569     0.038086860
       5578.3400       1.3440453     0.038113404
       5583.0200       1.3559639     0.038139735
       5587.6900       1.3564104     0.038166258
       5592.3700       1.3423356     0.038192920
       5597.0400       1.3450376     0.038218957
       5601.7200       1.3608202     0.038245076
       5606.3900       1.3596028     0.038271237
       5611.0600       1.3537370     0.038297211
       5615.7400       1.3556357     0.038323443
       5620.4100       1.3505713     0.038349437
       5625.0900       1.3330274     0.038375386
       5629.7600       1.2899881     0.038401302
       5634.4400       1.2361122     0.038427250
       5639.1100       1.1834251     0.038452864
       5643.7900       1.1345162     0.038478349
       5648.4600       1.0895858     0.038503990
       5653.1300       1.0225396     0.038529592
       5657.8100      0.95793388     0.038554980
       5662.4800      0.89893447     0.038580379
       5667.1600      0.81792213     0.038606298
       5671.8300      0.74597562     0.038631415
       5676.5100      0.67246630     0.038655950
       5681.1800      0.61575290     0.038681412
       5685.8600      0.56530027     0.038707208
       5690.5300      0.53009220     0.038732255
       5695.2100      0.50803158     0.038756739
       5699.8800      0.49405025     0.038781798
       5704.5500      0.49121850     0.038807076
       5709.2300      0.49464561     0.038832234
       5713.9000      0.49759949     0.038856687
       5718.5800      0.51388401     0.038880596
       5723.2500      0.53570992     0.038905376
       5727.9300      0.56072061     0.038930298
       5732.6000      0.59973552     0.038954320
       5737.2800      0.63408872     0.038978026
       5741.9500      0.68416162     0.039002726
       5746.6200      0.73919009     0.039027662
       5751.3000      0.79965882     0.039051760
       5755.9700      0.86898156     0.039075482
       5760.6500      0.94218748     0.039099403
       5765.3200       1.0245336     0.039123579
       5770.0000       1.1011762     0.039148030
       5774.6700       1.1895523     0.039172007
       5779.3500       1.2644641     0.039195195
       5784.0200       1.3351092     0.039218593
       5788.6900       1.4100688     0.039242223
       5793.3700       1.4852630     0.039265821
       5798.0400       1.5501645     0.039289153
       5802.7200       1.5924577     0.039312653
       5807.3900       1.6497607     0.039336053
       5812.0700       1.7034649     0.039359320
       5816.7400       1.7551807     0.039382351
       5821.4200       1.8108046     0.039405345
       5826.0900       1.8590074     0.039428289
       5830.7700       1.9098341     0.039451340
       5835.4400       1.9663929     0.039474239
       5840.1100       2.0044614     0.039497042
       5844.7900       2.0562115     0.039519426
       5849.4600       2.0861320     0.039542130
       5854.1400       2.1107477     0.039568108
       5858.8100       2.1394660     0.039609717
       5863.4900       2.1603989     0.039690426
       5868.1600       2.1456104     0.039826851
       5872.8300       2.1239142     0.039993179
       5877.5100       2.0867045     0.040108945
       5882.1800       2.0278558     0.040146456
       5886.8600       1.9399835     0.040153914
       5891.5300       1.9867533     0.040105169
       5896.2100       1.7868071     0.040052157
       5900.8800       1.8485315     0.040084305
       5905.5600       1.9312631     0.040177527
       5910.2300       1.9628627     0.040208703
       5914.9100       1.9578060     0.040117909
       5919.5800       1.9364724     0.040044668
       5924.2500       1.9154251     0.040105881
       5928.9300       1.8842509     0.040284842
       5933.6000       1.8624441     0.040391144
       5938.2800       1.8380478     0.040318119
       5942.9500       1.8147927     0.040222350
       5947.6300       1.7969320     0.040199197
       5952.3000       1.7769341     0.040217371
       5956.9800       1.7549976     0.040253536
       5961.6500       1.7347726     0.040265085
       5966.3200       1.7215259     0.040255515
       5971.0000       1.6907888     0.040239903
       5975.6700       1.6671711     0.040246088
       5980.3500       1.6570882     0.040255568
       5985.0200       1.6179645     0.040246719
       5989.7000       1.5894256     0.040235942
       5994.3700       1.5612454     0.040229093
       5999.0500       1.5363740     0.040230750
       6003.7200       1.5236311     0.040243276
       6008.3900       1.5072683     0.040260951
       6013.0700       1.4887951     0.040280039
       6017.7400       1.4709420     0.040299837
       6022.4200       1.4712244     0.040319548
       6027.0900       1.4550086     0.040338762
       6031.7700       1.4569569     0.040357896
       6036.4400       1.4251912     0.040377034
       6041.1200       1.4029932     0.040395943
       6045.7900       1.3750324     0.040415029
       6050.4600       1.3692888     0.040434020
       6055.1400       1.3503137     0.040452734
       6059.8100       1.3405094     0.040471292
       6064.4900       1.3369525     0.040489674
       6069.1600       1.3373743     0.040508165
       6073.8400       1.3441655     0.040526653
       6078.5100       1.3425378     0.040544949
       6083.1900       1.3465164     0.040563181
       6087.8600       1.3543877     0.040581211
       6092.5400       1.3528382     0.040598931
       6097.2100       1.3426924     0.040616522
       6101.8800       1.3385592     0.040634264
       6106.5600       1.3406468     0.040652088
       6111.2300       1.3462893     0.040669804
       6115.9100       1.3504931     0.040687383
       6120.5800       1.3408033     0.040704481
       6125.2600       1.3370823     0.040721634
       6129.9300       1.3219141     0.040738716
       6134.6100       1.2963252     0.040755769
       6139.2800       1.2784569     0.040772749
       6143.9500       1.2602298     0.040789779
       6148.6300       1.2634680     0.040806269
       6153.3000       1.2639470     0.040822858
       6157.9800       1.2672272     0.040839491
       6162.6500       1.2725319     0.040856076
       6167.3300       1.2708737     0.040872356
       6172.0000       1.2724232     0.040888172
       6176.6800       1.2535855     0.040904142
       6181.3500       1.2630120     0.040920473
       6186.0200       1.2625750     0.040936433
       6190.7000       1.2396080     0.040951956
       6195.3700       1.2439968     0.040967577
       6200.0500       1.2211481     0.040983131
       6204.7200       1.2095062     0.040998663
       6209.4000       1.2149847     0.041013968
       6214.0700       1.1935652     0.041029059
       6218.7500       1.1517681     0.041044236
       6223.4200       1.1240726     0.041059282
       6228.0900       1.0897137     0.041074225
       6232.7700       1.0522501     0.041089001
       6237.4400       1.0130902     0.041104318
       6242.1200      0.96598073     0.041123359
       6246.7900      0.91143504     0.041153529
       6251.4700      0.85918871     0.041220914
       6256.1400      0.81844879     0.041438606
       6260.8200      0.77905987     0.041983708
       6265.4900      0.74437846     0.042570882
       6270.1700      0.71103279     0.042565499
       6274.8400      0.70206810     0.042228532
       6279.5100      0.70679088     0.042102893
       6284.1900      0.71252118     0.042091485
       6288.8600      0.74071473     0.042015362
       6293.5400      0.77566710     0.041904716
       6298.2100      0.82394248     0.041810392
       6302.8900      0.86185446     0.041739935
       6307.5600      0.85628826     0.041683396
       6312.2400      0.84921650     0.041631067
       6316.9100      0.85450410     0.041589235
       6321.5800      0.88476422     0.041562943
       6326.2600      0.94006747     0.041551804
       6330.9300      0.99432885     0.041549198
       6335.6100       1.0433026     0.041542815
       6340.2800       1.0897881     0.041531617
       6344.9600       1.1318523     0.041524165
       6349.6300       1.1584163     0.041520948
       6354.3100       1.1711000     0.041519171
       6358.9800       1.1955497     0.041516483
       6363.6500       1.2301376     0.041510192
       6368.3300       1.2628860     0.041510288
       6373.0000       1.2925947     0.041520457
       6377.6800       1.3061161     0.041525600
       6382.3500       1.3212252     0.041519878
       6387.0300       1.3110774     0.041516593
       6391.7000       1.3052937     0.041521926
       6396.3800       1.2978021     0.041531763
       6401.0500       1.3021242     0.041542155
       6405.7200       1.3029867     0.041552283
       6410.4000       1.3013628     0.041562429
       6415.0700       1.3123120     0.041572430
       6419.7500       1.3245989     0.041582557
       6424.4200       1.3455890     0.041592978
       6429.1000       1.3348077     0.041604944
       6433.7700       1.3252629     0.041620744
       6438.4500       1.3181263     0.041648768
       6443.1200       1.2746176     0.041699060
       6447.7900       1.2096150     0.041766430
       6452.4700       1.1579297     0.041851660
       6457.1400       1.1098241     0.041966957
       6461.8200       1.0530649     0.042080572
       6466.4900       1.0000000     0.042124103
       6471.1700      0.95490177     0.042098449
       6475.8400      0.91295778     0.042049618
       6480.5200      0.88545117     0.041984835
       6485.1900      0.86537126     0.041890972
       6489.8600      0.83954387     0.041822777
       6494.5400      0.82933885     0.041862234
       6499.2100      0.82565794     0.042008951
       6503.8900      0.82339483     0.042112479
       6508.5600      0.83097035     0.042040089
       6513.2400      0.84203406     0.041909421
       6517.9100      0.86626238     0.041857901
       6522.5900      0.88824095     0.041863909
       6527.2600      0.91527241     0.041898217
       6531.9400      0.93618812     0.041957827
       6536.6100      0.97356580     0.041995957
       6541.2800       1.0219900     0.041995894
       6545.9600       1.0743489     0.041985620
       6550.6300       1.1170810     0.041975135
       6555.3100       1.1703616     0.041958147
       6559.9800       1.2227968     0.041937503
       6564.6600       1.2771669     0.041904526
       6569.3300       1.3452284     0.041873248
       6574.0100       1.4121640     0.041851559
       6578.6800       1.4685301     0.041831824
       6583.3500       1.4853832     0.041827481
       6588.0300       1.5262663     0.041837556
       6592.7000       1.5633234     0.041849056
       6597.3800       1.5834892     0.041858535
       6602.0500       1.6236681     0.041865502
       6606.7300       1.6383612     0.041870657
       6611.4000       1.6475930     0.041875074
       6616.0800       1.6703978     0.041879405
       6620.7500       1.6984845     0.041883574
       6625.4200       1.7477312     0.041887630
       6630.1000       1.7849257     0.041891345
       6634.7700       1.8113121     0.041894524
       6639.4500       1.8513537     0.041897922
       6644.1200       1.8899297     0.041901345
       6648.8000       1.9164364     0.041904527
       6653.4700       1.9254049     0.041907594
       6658.1500       1.9264353     0.041910468
       6662.8200       1.9217412     0.041913342
       6667.5000       1.9230388     0.041915907
       6672.1700       1.9158830     0.041918255
       6676.8400       1.8791828     0.041920552
       6681.5200       1.8603260     0.041922540
       6686.1900       1.8368781     0.041924537
       6690.8700       1.8027100     0.041926432
       6695.5400       1.7782794     0.041928094
       6700.2200       1.7629891     0.041929521
       6704.8900       1.7555509     0.041930885
       6709.5600       1.7568580     0.041932051
       6714.2400       1.7414360     0.041933165
       6718.9100       1.7144179     0.041934148
       6723.5900       1.7022894     0.041934881
       6728.2600       1.6979445     0.041935583
       6732.9400       1.6964523     0.041935892
       6737.6100       1.6854840     0.041936161
       6742.2900       1.6717107     0.041936153
       6746.9600       1.6416280     0.041936144
       6751.6400       1.6408361     0.041935973
       6756.3100       1.6412483     0.041935649
       6760.9800       1.6175638     0.041935231
       6765.6600       1.5947342     0.041934588
       6770.3300       1.5696319     0.041933811
       6775.0100       1.5570397     0.041932750
       6779.6800       1.5295827     0.041931558
       6784.3600       1.5042705     0.041930260
       6789.0300       1.4718427     0.041928915
       6793.7100       1.4467671     0.041927051
       6798.3800       1.4328163     0.041925365
       6803.0500       1.3877105     0.041923507
       6807.7300       1.3604042     0.041921414
       6812.4000       1.3235761     0.041919410
       6817.0800       1.2864827     0.041916861
       6821.7500       1.2335705     0.041913967
       6826.4300       1.1647076     0.041910927
       6831.1000       1.1258606     0.041908982
       6835.7800       1.0863858     0.041922350
       6840.4500       1.0437091     0.042082993
       6845.1200       1.0004408     0.042997939
       6849.8000      0.95261193     0.045854036
       6854.4700      0.90913376     0.050496846
       6859.1500      0.88266903     0.052993516
       6863.8200      0.85316264     0.051006567
       6868.5000      0.83441846     0.048375624
       6873.1700      0.83871953     0.047617171
       6877.8500      0.83204085     0.047769656
       6882.5200      0.84541156     0.047506556
       6887.1900      0.86211779     0.046745573
       6891.8700      0.88622781     0.045854103
       6896.5400      0.91870716     0.045030332
       6901.2200      0.94718694     0.044347397
       6905.8900      0.99031974     0.043856255
       6910.5700       1.0300579     0.043558063
       6915.2400       1.0771463     0.043400750
       6919.9200       1.1307303     0.043342269
       6924.5900       1.1934373     0.043343762
       6929.2700       1.2452047     0.043279091
       6933.9400       1.2953425     0.043105873
       6938.6100       1.3574484     0.042943165
       6943.2900       1.4159937     0.042798450
       6947.9600       1.4570924     0.042545162
       6952.6400       1.4840055     0.042224521
       6957.3100       1.5357004     0.042021181
       6961.9900       1.5632108     0.041992780
       6966.6600       1.5959191     0.042108759
       6971.3400       1.6047636     0.042320581
       6976.0100       1.6224774     0.042489622
       6980.6800       1.6431088     0.042514519
       6985.3600       1.6586872     0.042469771
       6990.0300       1.6805170     0.042435773
       6994.7100       1.6911914     0.042404511
       6999.3800       1.7125918     0.042382754
       7004.0600       1.7283993     0.042377823
       7008.7300       1.7530646     0.042359300
       7013.4100       1.7672462     0.042272621
       7018.0800       1.8086827     0.042133319
       7022.7500       1.8334625     0.042052574
       7027.4300       1.8624555     0.042021548
       7032.1000       1.8639668     0.041994504
       7036.7800       1.8528402     0.041991876
       7041.4500       1.8509739     0.041975764
       7046.1300       1.8365041     0.041920443
       7050.8000       1.8153251     0.041852637
       7055.4800       1.7951936     0.041794433
       7060.1500       1.7639165     0.041763033
       7064.8300       1.7171466     0.041740134
       7069.5000       1.6848257     0.041699810
       7074.1700       1.6504591     0.041659748
       7078.8500       1.5998405     0.041635181
       7083.5200       1.5645446     0.041622216
       7088.2000       1.5295579     0.041609697
       7092.8700       1.4965290     0.041585818
       7097.5500       1.4620861     0.041554357
       7102.2200       1.4294503     0.041530264
       7106.9000       1.4211306     0.041521423
       7111.5700       1.3944369     0.041526290
       7116.2400       1.3769750     0.041534487
       7120.9200       1.3740096     0.041541081
       7125.5900       1.3630051     0.041563209
       7130.2700       1.3598699     0.041611933
       7134.9400       1.3529661     0.041670505
       7139.6200       1.3671993     0.041757554
       7144.2900       1.3839113     0.042018947
       7148.9700       1.4068172     0.042665082
       7153.6400       1.4255080     0.043694292
       7158.3100       1.4518906     0.044755076
       7162.9900       1.4710394     0.045562381
       7167.6600       1.4854863     0.046224550
       7172.3400       1.5064650     0.046684131
       7177.0100       1.5055070     0.046669538
       7181.6900       1.5136588     0.046360010
       7186.3600       1.4769280     0.045897683
       7191.0400       1.4669673     0.044982569
       7195.7100       1.4565524     0.043705256
       7200.3800       1.4381249     0.042715673
       7205.0600       1.4333201     0.042382272
       7209.7300       1.4319157     0.042655407
       7214.4100       1.4355031     0.043422098
       7219.0800       1.4454696     0.044349877
       7223.7600       1.4467538     0.044886259
       7228.4300       1.4606836     0.044876347
       7233.1100       1.4694880     0.044630874
       7237.7800       1.4806967     0.044385246
       7242.4500       1.4892893     0.044136995
       7247.1300       1.5116228     0.043956531
       7251.8000       1.5228468     0.043933778
       7256.4800       1.5098921     0.044061700
       7261.1500       1.5323591     0.044109995
       7265.8300       1.5283825     0.043791905
       7270.5000       1.5349695     0.043478875
       7275.1800       1.5271326     0.043471398
       7279.8500       1.4993703     0.043428239
       7284.5200       1.4971721     0.043288500
       7289.2000       1.4986719     0.043216999
       7293.8700       1.4632673     0.043098616
       7298.5500       1.4467347     0.042850867
       7303.2200       1.4284599     0.042473671
       7307.9000       1.4083514     0.042020759
       7312.5700       1.4019647     0.041679838
       7317.2500       1.4001748     0.041492091
       7321.9200       1.3777726     0.041330726
       7326.6000       1.3590418     0.041200164
       7331.2700       1.3276577     0.041161624
       7335.9400       1.3190938     0.041154193
       7340.6200       1.3120258     0.041139085
       7345.2900       1.3012865     0.041136763
       7349.9700       1.2960485     0.041112456
       7354.6400       1.2821607     0.041016799
       7359.3200       1.2737589     0.040883050
       7363.9900       1.2732456     0.040787912
       7368.6700       1.2746271     0.040740674
       7373.3400       1.2618957     0.040701244
       7378.0100       1.2654373     0.040645040
       7382.6900       1.2816760     0.040559628
       7387.3600       1.2716962     0.040462841
       7392.0400       1.2553220     0.040390969
       7396.7100       1.2309391     0.040344297
       7401.3900       1.2209249     0.040302642
       7406.0600       1.2118361     0.040263210
       7410.7400       1.1988471     0.040221343
       7415.4100       1.2065199     0.040172697
       7420.0800       1.2084548     0.040128005
       7424.7600       1.2178546     0.040092058
       7429.4300       1.2295919     0.040056104
       7434.1100       1.2284202     0.040018883
       7438.7800       1.2417089     0.039985108
       7443.4600       1.2378181     0.039954731
       7448.1300       1.2370319     0.039925891
       7452.8100       1.2414723     0.039897369
       7457.4800       1.2319542     0.039868866
       7462.1500       1.2292618     0.039840427
       7466.8300       1.2314123     0.039811485
       7471.5000       1.2251611     0.039782299
       7476.1800       1.2161925     0.039752619
       7480.8500       1.2174500     0.039722982
       7485.5300       1.2119850     0.039693284
       7490.2000       1.2185301     0.039663427
       7494.8800       1.2149370     0.039633233
       7499.5500       1.2151774     0.039602690
       7504.2300       1.2071763     0.039571611
       7508.9000       1.1853180     0.039540401
       7513.5700       1.1781260     0.039509286
       7518.2500       1.1763209     0.039477927
       7522.9200       1.1823336     0.039446543
       7527.6000       1.1537584     0.039414810
       7532.2700       1.1443338     0.039382832
       7536.9500       1.1374834     0.039350583
       7541.6200       1.1381837     0.039318879
       7546.2900       1.1321977     0.039289018
       7550.9700       1.1266010     0.039261670
       7555.6400       1.1260533     0.039240291
       7560.3200       1.1271353     0.039258908
       7564.9900       1.1113068     0.039543489
       7569.6700       1.1124594     0.041003036
       7574.3400       1.0838575     0.045847811
       7579.0200       1.0809150     0.057866395
       7583.6900       1.0941579     0.080573731
       7588.3700       1.1160449      0.10532353
       7593.0400       1.0813711      0.10478087
       7597.7100       1.0984017     0.084653910
       7602.3900       1.0536546     0.070240154
       7607.0600       1.0592837     0.066797787
       7611.7400       1.0787778     0.069879519
       7616.4100       1.0602283     0.072406892
       7621.0900       1.0517330     0.070453650
       7625.7600       1.0493211     0.065561664
       7630.4400       1.0029634     0.060062148
       7635.1100      0.99730372     0.055079508
       7639.7800      0.99047430     0.050946726
       7644.4600      0.98105164     0.047687847
       7649.1300      0.98436427     0.045198056
       7653.8100       1.0125216     0.043303973
       7658.4800       1.0219022     0.041885209
       7663.1600       1.0256366     0.040838046
       7667.8300       1.0277814     0.040079547
       7672.5100       1.0493440     0.039528171
       7677.1800       1.0604287     0.039118407
       7681.8500       1.0625563     0.038799247
       7686.5300       1.0465217     0.038546827
       7691.2000       1.0429305     0.038357190
       7695.8800       1.0433885     0.038226095
       7700.5500       1.0477716     0.038141110
       7705.2300       1.0452642     0.038081284
       7709.9000       1.0472793     0.038029889
       7714.5800       1.0438942     0.037979211
       7719.2500       1.0589364     0.037928132
       7723.9300       1.0607530     0.037876865
       7728.6000       1.0800487     0.037826215
       7733.2700       1.0987585     0.037778001
       7737.9500       1.1061547     0.037734061
       7742.6200       1.1124994     0.037692871
       7747.3000       1.1278661     0.037651576
       7751.9700       1.1297571     0.037610077
       7756.6500       1.1228075     0.037567956
       7761.3200       1.1275207     0.037524643
       7766.0000       1.1233895     0.037480611
       7770.6700       1.1237883     0.037437366
       7775.3400       1.1223610     0.037394297
       7780.0200       1.1219602     0.037350203
       7784.6900       1.1341803     0.037305682
       7789.3700       1.1292934     0.037260590
       7794.0400       1.1126883     0.037215330
       7798.7200       1.1182297     0.037169734
       7803.3900       1.1188861     0.037123899
       7808.0700       1.1222713     0.037077896
       7812.7400       1.1104500     0.037031629
       7817.4100       1.1005522     0.036984603
       7822.0900       1.0869907     0.036935226
       7826.7600       1.0840464     0.036881381
       7831.4400       1.0902690     0.036823777
       7836.1100       1.0975602     0.036771969
       7840.7900       1.0897595     0.036737517
       7845.4600       1.0869048     0.036723652
       7850.1400       1.0920398     0.036718749
       7854.8100       1.1032428     0.036706868
       7859.4800       1.0943277     0.036684775
       7864.1600       1.0821553     0.036664847
       7868.8300       1.0996210     0.036670803
       7873.5100       1.1002431     0.036707407
       7878.1800       1.0698914     0.036731584
       7882.8600       1.0613847     0.036698228
       7887.5300       1.0713283     0.036617733
       7892.2100       1.0721068     0.036528007
       7896.8800       1.0606290     0.036450256
       7901.5600       1.0620315     0.036388348
       7906.2300       1.0619686     0.036329366
       7910.9000       1.0583964     0.036241989
       7915.5800       1.0508991     0.036109669
       7920.2500       1.0441747     0.035966168
       7924.9300       1.0485349     0.035866304
       7929.6000       1.0490864     0.035833437
       7934.2800       1.0325729     0.035864310
       7938.9500       1.0258942     0.035948124
       7943.6200       1.0270429     0.036027182
       7948.3000       1.0341147     0.036007647
       7952.9700       1.0278157     0.035875731
       7957.6500       1.0181469     0.035716798
       7962.3200       1.0272872     0.035602394
       7967.0000       1.0248141     0.035533624
       7971.6700       1.0160918     0.035484649
       7976.3500       1.0096058     0.035454243
       7981.0200       1.0058066     0.035451832
       7985.7000      0.99965653     0.035457425
       7990.3700      0.99550239     0.035438985
       7995.0400      0.99677134     0.035384065
       7999.7200      0.98940762     0.035306515
       8004.3900      0.99359992     0.035235706
       8009.0700      0.99199895     0.035177493
       8013.7400      0.98194659     0.035114131
       8018.4200      0.98829133     0.035041960
       8023.0900      0.99194552     0.034963670
       8027.7700      0.98459707     0.034865281
       8032.4400      0.98550727     0.034742721
       8037.1100      0.99353504     0.034625851
       8041.7900      0.98202482     0.034542290
       8046.4600      0.98043530     0.034484485
       8051.1400      0.98557788     0.034430517
       8055.8100      0.98420398     0.034375901
       8060.4900      0.97773711     0.034331654
       8065.1600      0.97919306     0.034304316
       8069.8400      0.97780390     0.034287848
       8074.5100      0.97307730     0.034275293
       8079.1800      0.96280169     0.034263817
       8083.8600      0.94753232     0.034255876
       8088.5300      0.94090517     0.034268573
       8093.2100      0.93826232     0.034309149
       8097.8800      0.93044827     0.034363092
       8102.5600      0.93493825     0.034445407
       8107.2300      0.92992352     0.034621543
       8111.9100      0.90840864     0.034936890
       8116.5800      0.91487551     0.035321449
       8121.2600      0.91564451     0.035653239
       8125.9300      0.91285282     0.035933999
       8130.6000      0.92656319     0.036242880
       8135.2800      0.91934831     0.036591576
       8139.9500      0.90514754     0.036966113
       8144.6300      0.89339116     0.037275512
       8149.3000      0.90482506     0.037287962
       8153.9800      0.88834781     0.036999449
       8158.6500      0.88175310     0.036688563
       8163.3300      0.88961485     0.036413774
       8168.0000      0.89180546     0.036075842
       8172.6700      0.89483757     0.035736733
       8177.3500      0.87588922     0.035398303
       8182.0200      0.88169776     0.034892460
       8186.7000      0.88314226     0.034216172
       8191.3700      0.88256789     0.033684885
       8196.0500      0.87821340     0.033620038
       8200.7200      0.86166364     0.034189823
       8205.4000      0.85905514     0.035397374
       8210.0700      0.86569756     0.036658606
       8214.7400      0.85520822     0.036841337
       8219.4200      0.83638390     0.035714871
       8224.0900      0.83221831     0.034320839
       8228.7700      0.81773894     0.033407895
       8233.4400      0.79188865     0.033038807
       8238.1200      0.77876029     0.032991737
       8242.7900      0.76161899     0.032974040
       8247.4700      0.73404751     0.032905177
       8252.1400      0.71126750     0.033000669
       8256.8100      0.69082503     0.033323616
       8261.4900      0.66185675     0.033591339
       8266.1600      0.62450387     0.033588488
       8270.8400      0.61047293     0.033396796
       8275.5100      0.59772811     0.033138047
       8280.1900      0.55327866     0.032863872
       8284.8600      0.50899141     0.032616267
       8289.5400      0.48304952     0.032411970
       8294.2100      0.45308517     0.032293895
       8298.8900      0.42808593     0.032282839
       8303.5600      0.39485856     0.032238740
       8308.2300      0.37457066     0.032031926
       8312.9100      0.36407559     0.031757660
       8317.5800      0.35040339     0.031535185
       8322.2600      0.34525509     0.031328781
       8326.9300      0.34395370     0.031102999
       8331.6100      0.32857748     0.030917462
       8336.2800      0.32086838     0.030811205
       8340.9600      0.31572198     0.030730306
       8345.6300      0.32207627     0.030616867
       8350.3000      0.32963080     0.030476718
       8354.9800      0.34058192     0.030340515
       8359.6500      0.35512808     0.030211334
       8364.3300      0.37360893     0.030077323
       8369.0000      0.38564199     0.029943945
       8373.6800      0.39893828     0.029822067
       8378.3500      0.42157136     0.029719857
       8383.0300      0.44104638     0.029639389
       8387.7000      0.45743775     0.029572427
       8392.3800      0.46790229     0.029497172
       8397.0500      0.48561986     0.029397125
       8401.7200      0.51733021     0.029277972
       8406.4000      0.53337239     0.029163776
       8411.0700      0.55708741     0.029074442
       8415.7500      0.57758522     0.029002948
       8420.4200      0.57721885     0.028923386
       8425.1000      0.58771009     0.028820559
       8429.7700      0.58423909     0.028706476
       8434.4500      0.58773681     0.028600549
       8439.1200      0.58764521     0.028511361
       8443.7900      0.59439640     0.028431019
       8448.4700      0.59257408     0.028348404
       8453.1400      0.58119552     0.028262387
       8457.8200      0.57323454     0.028178712
       8462.4900      0.56540141     0.028099941
       8467.1700      0.55482429     0.028024558
       8471.8400      0.55266994     0.027955209
       8476.5100      0.55238753     0.027891160
       8481.1900      0.56568764     0.027820640
       8485.8600      0.57767300     0.027734473
       8490.5400      0.58122796     0.027641214
       8495.2100      0.60138802     0.027548743
       8499.8900      0.62146412     0.027448429
       8504.5600      0.63397042     0.027338589
       8509.2400      0.66173844     0.027234647
       8513.9100      0.69221610     0.027152785
       8518.5800      0.72138665     0.027091207
       8523.2600      0.75579327     0.027025973
       8527.9300      0.77970484     0.026933696
       8532.6100      0.79558673     0.026819094
       8537.2800      0.83470469     0.026702956
       8541.9600      0.86724129     0.026593758
       8546.6300      0.88709031     0.026491392
       8551.3100      0.90565894     0.026394819
       8555.9800      0.91612538     0.026300844
       8560.6600      0.94921344     0.026204836
       8565.3300      0.97214229     0.026107941
       8570.0000      0.97087716     0.026012377
       8574.6800      0.99440709     0.025917292
       8579.3500       1.0094990     0.025822880
       8584.0300       1.0257568     0.025730649
       8588.7000       1.0376219     0.025641782
       8593.3800       1.0637012     0.025551761
       8598.0500       1.0770261     0.025457105
       8602.7300       1.0779859     0.025357549
       8607.4000       1.0885631     0.025257030
       8612.0700       1.1048838     0.025157821
       8616.7500       1.1041816     0.025060356
       8621.4200       1.1111751     0.024964867
       8626.1000       1.1133028     0.024871384
       8630.7700       1.1066050     0.024783833
       8635.4500       1.1194472     0.024707351
       8640.1200       1.1271486     0.024639219
       8644.8000       1.1222694     0.024561418
       8649.4700       1.1196151     0.024459222
       8654.1400       1.1128066     0.024340487
       8658.8200       1.1290320     0.024223453
       8663.4900       1.1118697     0.024117816
       8668.1700       1.0982490     0.024020126
       8672.8400       1.0981861     0.023920347
       8677.5200       1.0895267     0.023811796
       8682.1900       1.0842047     0.023700282
       8686.8700       1.0827621     0.023592881
       8691.5400       1.0749863     0.023490589
       8696.2100       1.0533607     0.023389684
       8700.8900       1.0457756     0.023287830
       8705.5600       1.0490787     0.023186326
       8710.2400       1.0460104     0.023086213
       8714.9100       1.0470179     0.022987201
       8719.5900       1.0431213     0.022886648
       8724.2600       1.0218335     0.022783939
       8728.9400       1.0161357     0.022680641
       8733.6100       1.0104817     0.022579053
       8738.2900       1.0021658     0.022478060
       8742.9600      0.98980452     0.022375067
       8747.6300      0.97804242     0.022268801
       8752.3100      0.96615438     0.022161114
       8756.9800      0.94929168     0.022054474
       8761.6600      0.94808761     0.021949632
       8766.3300      0.92366274     0.021846799
       8771.0100      0.89337208     0.021745646
       8775.6800      0.90262300     0.021647148
       8780.3600      0.91056490     0.021550457
       8785.0300      0.87866946     0.021453135
       8789.7000      0.86920863     0.021349932
       8794.3800      0.88452952     0.021240342
       8799.0500      0.87273497     0.021130673
       8803.7300      0.86098241     0.021023168
       8808.4000      0.85138611     0.020913915
       8813.0800      0.85587800     0.020799102
       8817.7500      0.85180973     0.020681899
       8822.4200      0.84984620     0.020567228
       8827.1000      0.82231670     0.020458246
       8831.7700      0.82751080     0.020357097
       8836.4500      0.80965584     0.020259556
