# starting wavelength =        2758.1850
# ending wavelength =        8273.7800
# O2 telluric scale =        0
# O2 telluric shift =        0
# H2O telluric scale =        0
# H2O telluric shift =        0
      2760.85             NaN      0.57631225
      2763.61       2.1825917      0.46472692
      2766.38       2.0893628      0.38520309
      2769.14       2.0469915      0.34146805
      2771.91       1.9948782      0.29143714
      2774.69       1.9804456      0.24953333
      2777.46       1.9601049      0.22046239
      2780.24       1.9330841      0.20262997
      2783.02       1.8904198      0.18271075
      2785.80       1.8700126      0.16641849
      2788.59       1.8255010      0.15331801
      2791.38       1.7981443      0.14524785
      2794.17       1.6975811      0.13536343
      2796.96       1.6767669      0.12815549
      2799.76       1.6420738      0.12062251
      2802.56       1.5895781      0.11639485
      2805.36       1.6193062      0.11013709
      2808.17       1.5926871      0.10677992
      2810.98       1.5833305      0.10148638
      2813.79       1.5572807     0.096564712
      2816.60       1.5374518     0.093441253
      2819.42       1.5401880     0.089327501
      2822.24       1.5194747     0.086716563
      2825.06       1.5126452     0.082856251
      2827.88       1.4951448     0.080965843
      2830.71       1.4940557     0.077460220
      2833.54       1.4664981     0.075729124
      2836.38       1.4695599     0.072447969
      2839.21       1.4462359     0.070940842
      2842.05       1.4367067     0.067993277
      2844.90       1.4013164     0.065297690
      2847.74       1.3875751     0.064066727
      2850.59       1.3524334     0.061738413
      2853.44       1.3443661     0.060609703
      2856.29       1.3185342     0.058542957
      2859.15       1.3043574     0.057549754
      2862.01       1.3127987     0.055524145
      2864.87       1.3040378     0.054621953
      2867.74       1.3044118     0.052882475
      2870.60       1.2962106     0.051186655
      2873.47       1.3078321     0.050433353
      2876.35       1.2924847     0.048934819
      2879.22       1.3064873     0.048141313
      2882.10       1.3193466     0.046714848
      2884.99       1.3388074     0.046105453
      2887.87       1.3426074     0.044651770
      2890.76       1.3562466     0.043353859
      2893.65       1.3716610     0.042797216
      2896.54       1.3944848     0.041396538
      2899.44       1.4224031     0.040870494
      2902.34       1.4443711     0.039675783
      2905.24       1.4677180     0.039100645
      2908.15       1.4886528     0.037960012
      2911.06       1.5195040     0.036827944
      2913.97       1.5400992     0.036313452
      2916.88       1.5654886     0.035176559
      2919.80       1.5773956     0.034733387
      2922.72       1.5952022     0.033773268
      2925.64       1.6085914     0.033266644
      2928.57       1.6179318     0.032343863
      2931.50       1.6205304     0.031455748
      2934.43       1.6173110     0.031003142
      2937.36       1.6278985     0.030179961
      2940.30       1.6332229     0.029871730
      2943.24       1.6299100     0.029077414
      2946.18       1.6038053     0.028218303
      2949.13       1.5964745     0.027932989
      2952.08       1.6002770     0.027194240
      2955.03       1.5862136     0.026923894
      2957.99       1.5750368     0.026176803
      2960.94       1.5539502     0.025567660
      2963.90       1.5360803     0.025364285
      2966.87       1.5185926     0.024727273
      2969.84       1.5013799     0.024551238
      2972.81       1.4753299     0.024047292
      2975.78       1.4551959     0.023571770
      2978.76       1.4328366     0.023323548
      2981.73       1.4041438     0.022877103
      2984.72       1.3872427     0.022439220
      2987.70       1.3671446     0.022318695
      2990.69       1.3532775     0.021765408
      2993.68       1.3270172     0.021662238
      2996.67       1.3029493     0.021233762
      2999.67       1.2824751     0.020811178
      3002.67       1.2640385     0.020599004
      3005.67       1.2377866     0.020175972
      3008.68       1.2233006     0.019751174
      3011.69       1.2045756     0.019635132
      3014.70       1.1917263     0.019178486
      3017.71       1.1770662     0.019068654
      3020.73       1.1647980     0.018702671
      3023.75       1.1550287     0.018349710
      3026.78       1.1436856     0.018273854
      3029.80       1.1306915     0.017844400
      3032.83       1.1139599     0.017549122
      3035.87       1.0950233     0.017498508
      3038.90       1.0817715     0.017234948
      3041.94       1.0710068     0.016894964
      3044.98       1.0554420     0.016876308
      3048.03       1.0411119     0.016625937
      3051.08       1.0246339     0.016383310
      3054.13       1.0148403     0.016370786
      3057.18       1.0017100     0.016035596
      3060.24      0.99259076     0.016028288
      3063.30      0.98129471     0.015824621
      3066.36      0.97449861     0.015639658
      3069.43      0.96856246     0.015656393
      3072.50      0.97101293     0.015352672
      3075.57      0.96729957     0.015173713
      3078.65      0.96667906     0.015188327
      3081.73      0.96352488     0.014997982
      3084.81      0.96805917     0.014806306
      3087.89      0.97157332     0.014713528
      3090.98      0.97484293     0.014523807
      3094.07      0.97553801     0.014346183
      3097.17      0.98867628     0.014355021
      3100.26       1.0042076     0.014199476
      3103.36       1.0160807     0.014034406
      3106.47       1.0253832     0.013928622
      3109.58       1.0358924     0.013759169
      3112.68       1.0386683     0.013607223
      3115.80       1.0480195     0.013640037
      3118.91       1.0586150     0.013519337
      3122.03       1.0652463     0.013317726
      3125.15       1.0744487     0.013266452
      3128.28       1.0874002     0.013359209
      3131.41       1.0986115     0.013312638
      3134.54       1.1093284     0.013272727
      3137.67       1.1241812     0.013383062
      3140.81       1.1336372     0.013343655
      3143.95       1.1431705     0.013152681
      3147.10       1.1560386     0.013249411
      3150.24       1.1697118     0.013178504
      3153.39       1.1878547     0.013088707
      3156.55       1.2022813     0.013160900
      3159.70       1.2168678     0.013046221
      3162.86       1.2350943     0.012926292
      3166.03       1.2478806     0.012701292
      3169.19       1.2538537     0.012770610
      3172.36       1.2614686     0.012667060
      3175.54       1.2713265     0.012576683
      3178.71       1.2849468     0.012652803
      3181.89       1.2870224     0.012580058
      3185.07       1.2783566     0.012516677
      3188.26       1.2807176     0.012311941
      3191.45       1.2716193     0.012392442
      3194.64       1.2731237     0.012304948
      3197.83       1.2661172     0.012235883
      3201.03       1.2610363     0.012319867
      3204.23       1.2537455     0.012245056
      3207.44       1.2451051     0.012172765
      3210.64       1.2331683     0.012100327
      3213.85       1.2216156     0.012179397
      3217.07       1.2104015     0.011974164
      3220.28       1.2002639     0.011886509
      3223.51       1.1937997     0.011954429
      3226.73       1.1934401     0.011846922
      3229.96       1.1917608     0.011740434
      3233.19       1.1877697     0.011633881
      3236.42       1.1904047     0.011689554
      3239.66       1.1893107     0.011582340
      3242.90       1.1920820     0.011470616
      3246.14       1.1958666     0.011356787
      3249.39       1.1954687     0.011402770
      3252.64       1.2017139     0.011176073
      3255.89       1.2030353     0.011069747
      3259.14       1.2058875     0.010968775
      3262.40       1.2142654     0.011019443
      3265.67       1.2212986     0.010921037
      3268.93       1.2252938     0.010839045
      3272.20       1.2272003     0.010760096
      3275.47       1.2315178     0.010834605
      3278.75       1.2332741     0.010744809
      3282.03       1.2367043     0.010651915
      3285.31       1.2504049     0.010538260
      3288.60       1.2548624     0.010588972
      3291.88       1.2554454     0.010493496
      3295.18       1.2599713     0.010409953
      3298.47       1.2644005     0.010331321
      3301.77       1.2643266     0.010264586
      3305.07       1.2663319     0.010341748
      3308.38       1.2702305     0.010153086
      3311.69       1.2744370     0.010097067
      3315.00       1.2650606     0.010040336
      3318.31       1.2674971    0.0099541494
      3321.63       1.2642659     0.010023849
      3324.95       1.2613859    0.0099253124
      3328.28       1.2586203    0.0098199774
      3331.61       1.2540882    0.0097239358
      3334.94       1.2472252    0.0095184612
      3338.27       1.2399082    0.0094383259
      3341.61       1.2330021    0.0093625941
      3344.95       1.2261143    0.0092904583
      3348.30       1.2219233    0.0092177308
      3351.65       1.2067181    0.0091368569
      3355.00       1.1916600    0.0092000589
      3358.35       1.1835252    0.0091254781
      3361.71       1.1756139    0.0089499930
      3365.07       1.1712603    0.0088870906
      3368.44       1.1686905    0.0088270926
      3371.81       1.1746274    0.0087709553
      3375.18       1.1740045    0.0087393566
      3378.56       1.1804167    0.0087156427
      3381.94       1.1923307    0.0086909827
      3385.32       1.2029710    0.0086724443
      3388.70       1.2139439    0.0085358244
      3392.09       1.2263465    0.0085174250
      3395.48       1.2386356    0.0084918682
      3398.88       1.2493116    0.0085744828
      3402.28       1.2648447    0.0085329758
      3405.68       1.2795585    0.0084867868
      3409.09       1.2880978    0.0084368207
      3412.49       1.2952390    0.0083842925
      3415.91       1.2994149    0.0083270320
      3419.32       1.3055496    0.0082695909
      3422.74       1.3077873    0.0081271548
      3426.17       1.3150791    0.0080758481
      3429.59       1.3252771    0.0080328630
      3433.02       1.3390804    0.0079861481
      3436.45       1.3538769    0.0079439112
      3439.89       1.3649905    0.0079173378
      3443.33       1.3784623    0.0078971151
      3446.78       1.3880193    0.0078849552
      3450.22       1.3993780    0.0078789247
      3453.67       1.4103005    0.0078777832
      3457.13       1.4168460    0.0078888885
      3460.58       1.4251527    0.0078923529
      3464.04       1.4357366    0.0078846874
      3467.51       1.4534725    0.0077631120
      3470.98       1.4701416    0.0077456345
      3474.45       1.4873922    0.0077275305
      3477.92       1.5072462    0.0078164582
      3481.40       1.5338068    0.0078016938
      3484.88       1.5586511    0.0078029552
      3488.37       1.5831904    0.0078159006
      3491.86       1.6120045    0.0078305977
      3495.35       1.6387793    0.0078439216
      3498.84       1.6634587    0.0078454925
      3502.34       1.6863180    0.0078313628
      3505.84       1.7040306    0.0078094920
      3509.35       1.7154572    0.0077800514
      3512.86       1.7219356    0.0077468906
      3516.37       1.7256215    0.0077101635
      3519.89       1.7234143    0.0076779671
      3523.41       1.7206566    0.0076557817
      3526.93       1.7194399    0.0076394502
      3530.46       1.7207236    0.0076243051
      3533.99       1.7255277    0.0076153351
      3537.53       1.7328160    0.0076100931
      3541.06       1.7421563    0.0076027523
      3544.60       1.7513291    0.0074986081
      3548.15       1.7632129    0.0074877582
      3551.70       1.7708303    0.0073889311
      3555.25       1.7764881    0.0073797606
      3558.80       1.7738615    0.0073725934
      3562.36       1.7725958    0.0073595356
      3565.92       1.7709962    0.0073437030
      3569.49       1.7640508    0.0073267426
      3573.06       1.7563544    0.0073017381
      3576.64       1.7432731    0.0072757186
      3580.21       1.7289885    0.0072514025
      3583.79       1.7166780    0.0072261418
      3587.38       1.7019568    0.0072061678
      3590.96       1.6863544    0.0071848684
      3594.55       1.6706109    0.0071608403
      3598.15       1.6543441    0.0071388942
      3601.75       1.6472021    0.0071147832
      3605.35       1.6456552    0.0070927510
      3608.96       1.6547645    0.0070698383
      3612.56       1.6672221    0.0070540070
      3616.18       1.6848565    0.0070445602
      3619.79       1.7101443    0.0070365668
      3623.41       1.7332544    0.0070336195
      3627.04       1.7578929    0.0071164916
      3630.66       1.7905786    0.0071139562
      3634.29       1.8263873    0.0070338640
      3637.93       1.8475343    0.0070389109
      3641.57       1.8707215    0.0070352819
      3645.21       1.8879135    0.0070285103
      3648.86       1.8988214    0.0070186797
      3652.50       1.9040215    0.0069991060
      3656.16       1.8969408    0.0069779939
      3659.81       1.8811154    0.0069515745
      3663.47       1.8630774    0.0069157321
      3667.14       1.8355593    0.0068807741
      3670.80       1.8114312    0.0068415371
      3674.48       1.7808851    0.0068055391
      3678.15       1.7478182    0.0066760773
      3681.83       1.7123533    0.0066395203
      3685.51       1.6850671    0.0065973723
      3689.20       1.6575323    0.0065588636
      3692.88       1.6297547    0.0065179409
      3696.58       1.6113971    0.0064722364
      3700.27       1.5942428    0.0064298231
      3703.98       1.5786741    0.0063922441
      3707.68       1.5660308    0.0064248874
      3711.39       1.5616981    0.0063868776
      3715.10       1.5557360    0.0062772950
      3718.81       1.5482076    0.0062452509
      3722.53       1.5390110    0.0062104171
      3726.26       1.5303406    0.0061719363
      3729.98       1.5171765    0.0061302791
      3733.71       1.5009507    0.0060828065
      3737.45       1.4786030    0.0060327843
      3741.18       1.4524528    0.0059806917
      3744.93       1.4194616    0.0058552136
      3748.67       1.3884983    0.0058080531
      3752.42       1.3571790    0.0058255643
      3756.17       1.3282494    0.0057900566
      3759.93       1.3006286    0.0057601331
      3763.69       1.2750652    0.0057324833
      3767.45       1.2563607    0.0057070963
      3771.22       1.2380922    0.0056258538
      3774.99       1.2319828    0.0056103846
      3778.77       1.2336184    0.0055982696
      3782.54       1.2393533    0.0055913139
      3786.33       1.2477451    0.0055927781
      3790.11       1.2597289    0.0056653350
      3793.90       1.2687038    0.0056714959
      3797.70       1.2798057    0.0056115362
      3801.50       1.2925351    0.0056187278
      3805.30       1.3050496    0.0056273583
      3809.10       1.3204398    0.0056344114
      3812.91       1.3353167    0.0056445989
      3816.73       1.3539953    0.0056578540
      3820.54       1.3680022    0.0056799987
      3824.36       1.3840054    0.0056954937
      3828.19       1.3998006    0.0057151256
      3832.02       1.4184129    0.0057337084
      3835.85       1.4376119    0.0057528027
      3839.68       1.4617582    0.0057111508
      3843.52       1.4840513    0.0057330633
      3847.37       1.5111426    0.0058212026
      3851.22       1.5369060    0.0058351055
      3855.07       1.5626244    0.0058503967
      3858.92       1.5867830    0.0058040776
      3862.78       1.6039771    0.0058217670
      3866.64       1.6173081    0.0058370209
      3870.51       1.6305575    0.0058474580
      3874.38       1.6432435    0.0059342110
      3878.26       1.6545653    0.0058796628
      3882.13       1.6678731    0.0058822596
      3886.02       1.6802775    0.0058887898
      3889.90       1.6938057    0.0058989355
      3893.79       1.7063808    0.0059127047
      3897.69       1.7232833    0.0059490917
      3901.59       1.7388466    0.0059679737
      3905.49       1.7549711    0.0059838869
      3909.39       1.7719830    0.0059968175
      3913.30       1.7843851    0.0060090833
      3917.22       1.7947947    0.0060289638
      3921.13       1.7984649    0.0060265339
      3925.06       1.8000191    0.0060167216
      3928.98       1.8000362    0.0060030612
      3932.91       1.7929753    0.0059161117
      3936.84       1.7841412    0.0058937437
      3940.78       1.7694072    0.0059289197
      3944.72       1.7523501    0.0059023278
      3948.67       1.7312099    0.0058099084
      3952.61       1.7145167    0.0057847829
      3956.57       1.6992756    0.0057640056
      3960.52       1.6787680    0.0058014066
      3964.48       1.6622431    0.0057146680
      3968.45       1.6431879    0.0056992624
      3972.42       1.6248639    0.0056864148
      3976.39       1.6092309    0.0057315442
      3980.37       1.5921923    0.0056532773
      3984.35       1.5779156    0.0056397254
      3988.33       1.5623157    0.0056283095
      3992.32       1.5521523    0.0056183014
      3996.31       1.5454390    0.0056037219
      4000.31       1.5427045    0.0055964205
      4004.31       1.5402894    0.0055952393
      4008.31       1.5391618    0.0055369380
      4012.32       1.5435748    0.0055997187
      4016.33       1.5450121    0.0056016414
      4020.35       1.5444534    0.0056050133
      4024.37       1.5453978    0.0055402265
      4028.40       1.5498556    0.0055960838
      4032.42       1.5503209    0.0055870515
      4036.46       1.5423042    0.0055131809
      4040.50       1.5371418    0.0054990219
      4044.54       1.5279452    0.0055473353
      4048.58       1.5187672    0.0054735812
      4052.63       1.5121503    0.0054582504
      4056.68       1.5035260    0.0054491491
      4060.74       1.4982949    0.0055027193
      4064.80       1.4988525    0.0054359836
      4068.86       1.5031521    0.0054282232
      4072.93       1.5076102    0.0054231684
      4077.01       1.5091878    0.0054259896
      4081.08       1.5103770    0.0054232519
      4085.17       1.5139760    0.0054212861
      4089.25       1.5231438    0.0054237806
      4093.34       1.5262374    0.0054199389
      4097.43       1.5271565    0.0054189253
      4101.53       1.5292889    0.0053607937
      4105.63       1.5336121    0.0054149067
      4109.74       1.5333528    0.0054116487
      4113.85       1.5360176    0.0053541197
      4117.96       1.5406064    0.0054131063
      4122.08       1.5467927    0.0054139968
      4126.20       1.5544752    0.0053640409
      4130.33       1.5628516    0.0054315833
      4134.46       1.5711762    0.0054371893
      4138.59       1.5817691    0.0053862835
      4142.73       1.5887522    0.0053920844
      4146.88       1.5990889    0.0053932188
      4151.02       1.5989818    0.0053922034
      4155.18       1.5998767    0.0053892528
      4159.33       1.5966265    0.0053820219
      4163.49       1.5912593    0.0053739407
      4167.65       1.5841162    0.0053651003
      4171.82       1.5713882    0.0053472139
      4175.99       1.5578055    0.0053341383
      4180.17       1.5450491    0.0053226279
      4184.35       1.5273522    0.0053062169
      4188.54       1.5131653    0.0052958598
      4192.72       1.5008014    0.0052275998
      4196.92       1.4875378    0.0052716334
      4201.11       1.4786203    0.0052610177
      4205.31       1.4694013    0.0051943484
      4209.52       1.4636592    0.0052423900
      4213.73       1.4581218    0.0051847068
      4217.94       1.4562731    0.0051793516
      4222.16       1.4555547    0.0052336736
      4226.38       1.4575248    0.0051781382
      4230.61       1.4602093    0.0051782283
      4234.84       1.4666884    0.0051840009
      4239.08       1.4693740    0.0051854653
      4243.32       1.4742547    0.0052476796
      4247.56       1.4799525    0.0051975010
      4251.81       1.4817747    0.0051966814
      4256.06       1.4819812    0.0051995937
      4260.32       1.4756114    0.0051935195
      4264.58       1.4638006    0.0051316888
      4268.84       1.4519429    0.0051735224
      4273.11       1.4317487    0.0051608551
      4277.38       1.4091710    0.0051364363
      4281.66       1.3844961    0.0051103620
      4285.94       1.3502943    0.0050295947
      4290.23       1.3197291    0.0050427292
      4294.52       1.2849600    0.0049556722
      4298.81       1.2551284    0.0049678962
      4303.11       1.2295317    0.0048835168
      4307.42       1.2065466    0.0048604066
      4311.72       1.1859646    0.0048842503
      4316.04       1.1737675    0.0048178418
      4320.35       1.1643796    0.0048529070
      4324.67       1.1586245    0.0047994742
      4329.00       1.1552177    0.0047986168
      4333.33       1.1546250    0.0047998017
      4337.66       1.1530948    0.0048026907
      4342.00       1.1548652    0.0048052338
      4346.34       1.1566230    0.0048050474
      4350.69       1.1571321    0.0048074733
      4355.04       1.1545271    0.0048106067
      4359.39       1.1511925    0.0047647646
      4363.75       1.1493196    0.0048175649
      4368.12       1.1482244    0.0047757429
      4372.48       1.1516911    0.0048311899
      4376.86       1.1585586    0.0047964767
      4381.23       1.1673445    0.0048637331
      4385.61       1.1822809    0.0048402448
      4390.00       1.2010204    0.0048602488
      4394.39       1.2273752    0.0049414441
      4398.79       1.2617072    0.0049251966
      4403.18       1.2988185    0.0049727620
      4407.59       1.3341217    0.0050035024
      4412.00       1.3732186    0.0050571990
      4416.41       1.4048910    0.0050870752
      4420.82       1.4402354    0.0051355254
      4425.25       1.4732195    0.0051587212
      4429.67       1.5049426    0.0052002042
      4434.10       1.5317110    0.0052223491
      4438.54       1.5563959    0.0052619921
      4442.97       1.5827680    0.0052826253
      4447.42       1.6094414    0.0053195252
      4451.86       1.6306478    0.0053404650
      4456.32       1.6530627    0.0053771595
      4460.77       1.6770919    0.0053965882
      4465.24       1.7008691    0.0053775689
      4469.70       1.7288112    0.0054618110
      4474.17       1.7616104    0.0054377188
      4478.65       1.7921989    0.0055196296
      4483.12       1.8213290    0.0054924043
      4487.61       1.8475793    0.0055196499
      4492.09       1.8652692    0.0055378920
      4496.59       1.8785858    0.0055594884
      4501.08       1.8872075    0.0056316395
      4505.58       1.8925172    0.0055866391
      4510.09       1.8937833    0.0056490556
      4514.60       1.8922853    0.0055958965
      4519.12       1.8830944    0.0055990988
      4523.63       1.8756480    0.0055970420
      4528.16       1.8636994    0.0055967583
      4532.69       1.8568499    0.0055950996
      4537.22       1.8480692    0.0055967197
      4541.76       1.8446874    0.0056002851
      4546.30       1.8424824    0.0056112248
      4550.85       1.8456810    0.0055653069
      4555.40       1.8527171    0.0056279139
      4559.95       1.8602660    0.0055783594
      4564.51       1.8625822    0.0056415851
      4569.08       1.8637669    0.0055885207
      4573.65       1.8646425    0.0055879018
      4578.22       1.8574834    0.0056400224
      4582.80       1.8403157    0.0055782218
      4587.38       1.8250956    0.0056229453
      4591.97       1.8044582    0.0055520775
      4596.56       1.7800353    0.0055398624
      4601.16       1.7574016    0.0055272690
      4605.76       1.7283516    0.0055147971
      4610.37       1.7011763    0.0055090924
      4614.98       1.6790456    0.0055015064
      4619.59       1.6613300    0.0054947434
      4624.21       1.6491711    0.0054864833
      4628.84       1.6409992    0.0054898663
      4633.47       1.6376040    0.0054456607
      4638.10       1.6356847    0.0055029637
      4642.74       1.6423437    0.0055145278
      4647.38       1.6475317    0.0054674070
      4652.03       1.6537612    0.0055269967
      4656.68       1.6545994    0.0054806842
      4661.34       1.6563496    0.0054832315
      4666.00       1.6494125    0.0055398405
      4670.67       1.6384240    0.0054862457
      4675.33       1.6268130    0.0054806799
      4680.01       1.6052007    0.0054744077
      4684.69       1.5771196    0.0054614896
      4689.38       1.5474159    0.0054424812
      4694.07       1.5105706    0.0054285825
      4698.76       1.4653234    0.0054073712
      4703.46       1.4181266    0.0053368640
      4708.16       1.3737566    0.0053661934
      4712.87       1.3363250    0.0053341256
      4717.58       1.3052632    0.0052622298
      4722.30       1.2741595    0.0052977588
      4727.03       1.2505363    0.0052821326
      4731.75       1.2404500    0.0052253999
      4736.48       1.2314789    0.0052692661
      4741.22       1.2293804    0.0052703450
      4745.96       1.2258737    0.0052264710
      4750.71       1.2250268    0.0052804223
      4755.46       1.2301859    0.0052809622
      4760.22       1.2256787    0.0052312514
      4764.97       1.2189464    0.0052285115
      4769.74       1.2044538    0.0052207801
      4774.51       1.1924658    0.0052054616
      4779.29       1.1744803    0.0051865830
      4784.07       1.1517682    0.0051722095
      4788.85       1.1218308    0.0051572682
      4793.64       1.0879729    0.0051487423
      4798.43       1.0558651    0.0051430453
      4803.23       1.0347260    0.0051339515
      4808.03       1.0126468    0.0051336854
      4812.84      0.99587055    0.0051434668
      4817.66      0.99443123    0.0051036878
      4822.48      0.99736023    0.0051610961
      4827.30       1.0042628    0.0051877751
      4832.12       1.0162669    0.0051674225
      4836.96       1.0298010    0.0052076714
      4841.79       1.0457259    0.0052903864
      4846.63       1.0643792    0.0052784445
      4851.48       1.0803915    0.0053248120
      4856.33       1.0941360    0.0053722579
      4861.19       1.1071344    0.0054603882
      4866.05       1.1205159    0.0054547917
      4870.92       1.1300435    0.0054959832
      4875.79       1.1324089    0.0055319342
      4880.66       1.1305267    0.0055534312
      4885.55       1.1248149    0.0055938513
      4890.43       1.1122358    0.0056542394
      4895.32       1.1016395    0.0057790304
      4900.22       1.0913850    0.0058115808
      4905.12       1.0800235    0.0058871364
      4910.02       1.0738371    0.0059618896
      4914.94       1.0617074    0.0061055480
      4919.85       1.0473113    0.0062243429
      4924.77       1.0329605    0.0063729418
      4929.70       1.0111424    0.0065325252
      4934.62      0.98830339    0.0066104475
      4939.56      0.96729882    0.0065828123
      4944.50      0.94463657    0.0066257024
      4949.44      0.93066220    0.0066569621
      4954.39      0.92131809    0.0067432718
      4959.35      0.92169842    0.0067129662
      4964.31      0.92413099    0.0067495040
      4969.27      0.93588640    0.0067697565
      4974.24      0.95733583    0.0067658255
      4979.22      0.97802183    0.0067034708
      4984.20      0.99900721    0.0067870604
      4989.18       1.0328118    0.0068736436
      4994.17       1.0626784    0.0067967825
      4999.16       1.0816137    0.0066033541
      5004.16       1.1011018    0.0064047157
      5009.17       1.1171665    0.0062664333
      5014.18       1.1307309    0.0061894921
      5019.19       1.1427881    0.0061400407
      5024.21       1.1493734    0.0060269434
      5029.23       1.1547720    0.0058892980
      5034.26       1.1580572    0.0057948043
      5039.30       1.1645640    0.0057048998
      5044.34       1.1661332    0.0056278317
      5049.39       1.1694453    0.0055583221
      5054.43       1.1735486    0.0055178129
      5059.49       1.1802980    0.0054567782
      5064.55       1.1881871    0.0054019859
      5069.61       1.1944492    0.0053557704
      5074.68       1.2033114    0.0053136876
      5079.76       1.2132925    0.0052768995
      5084.84       1.2196837    0.0052079729
      5089.92       1.2296757    0.0051850955
      5095.01       1.2366299    0.0051716146
      5100.11       1.2456412    0.0051888547
      5105.21       1.2568859    0.0051706996
      5110.31       1.2715661    0.0051577862
      5115.42       1.2903212    0.0051049870
      5120.54       1.3090953    0.0050996700
      5125.66       1.3254504    0.0050990811
      5130.79       1.3431653    0.0050997525
      5135.92       1.3592479    0.0051008810
      5141.05       1.3719213    0.0051012166
      5146.20       1.3862701    0.0051033307
      5151.34       1.3966480    0.0051034294
      5156.49       1.4076835    0.0050501318
      5161.65       1.4134310    0.0050400404
      5166.81       1.4192403    0.0050776024
      5171.98       1.4237215    0.0051026887
      5177.15       1.4245305    0.0051153108
      5182.33       1.4196795    0.0050940687
      5187.51       1.4165492    0.0050886784
      5192.70       1.4098447    0.0051324335
      5197.89       1.4066120    0.0051994547
      5203.09       1.4051619    0.0052117366
      5208.29       1.4031058    0.0052840792
      5213.50       1.4057880    0.0053412427
      5218.72       1.4046426    0.0053787203
      5223.93       1.4030494    0.0053980022
      5229.16       1.4020789    0.0053905646
      5234.39       1.4026962    0.0053514453
      5239.62       1.3989830    0.0052980296
      5244.86       1.3937892    0.0052371128
      5250.11       1.3845104    0.0051661241
      5255.36       1.3772710    0.0050914968
      5260.61       1.3688878    0.0050293296
      5265.87       1.3614516    0.0049604410
      5271.14       1.3490903    0.0049790185
      5276.41       1.3352575    0.0049683979
      5281.69       1.3199749    0.0049185225
      5286.97       1.3064777    0.0048753203
      5292.26       1.2939005    0.0048567841
      5297.55       1.2861580    0.0048385521
      5302.85       1.2743525    0.0048217929
      5308.15       1.2703110    0.0048055154
      5313.46       1.2679161    0.0047882324
      5318.77       1.2612002    0.0047750648
      5324.09       1.2575919    0.0047640928
      5329.42       1.2562382    0.0047468873
      5334.75       1.2531169    0.0047302768
      5340.08       1.2484284    0.0047187535
      5345.42       1.2452689    0.0047114535
      5350.77       1.2432637    0.0047015163
      5356.12       1.2410687    0.0046893651
      5361.48       1.2394584    0.0046742840
      5366.83       1.2349523    0.0046616312
      5372.20       1.2288477    0.0046489278
      5377.58       1.2259967    0.0045922455
      5382.95       1.2216968    0.0045763787
      5388.34       1.2171194    0.0045613409
      5393.72       1.2134402    0.0045475129
      5399.12       1.2104350    0.0045294228
      5404.52       1.2053800    0.0045108245
      5409.92       1.2050745    0.0044929422
      5415.33       1.2011755    0.0044834152
      5420.75       1.1977615    0.0044796417
      5426.17       1.1956380    0.0044675736
      5431.60       1.1938249    0.0044496517
      5437.03       1.1891886    0.0044378241
      5442.47       1.1869174    0.0044225052
      5447.91       1.1788546    0.0043709955
      5453.36       1.1718440    0.0043508495
      5458.81       1.1616491    0.0043310225
      5464.27       1.1511229    0.0043084396
      5469.73       1.1377521    0.0042826603
      5475.20       1.1237659    0.0042713644
      5480.68       1.1073528    0.0042424359
      5486.16       1.0898990    0.0042063081
      5491.65       1.0711819    0.0042164912
      5497.14       1.0552791    0.0041809124
      5502.64       1.0378394    0.0041699741
      5508.14       1.0235607    0.0041613429
      5513.65       1.0101689    0.0041633030
      5519.16      0.99586807    0.0041736060
      5524.68      0.98539921    0.0041813686
      5530.20      0.97674100    0.0041838619
      5535.73      0.97019453    0.0041544725
      5541.27      0.96364370    0.0041371772
      5546.81      0.95771401    0.0041188930
      5552.36      0.95061680    0.0041163102
      5557.91      0.94811783    0.0041481555
      5563.47      0.94278513    0.0041419439
      5569.04      0.93595064    0.0040989239
      5574.60      0.93026013    0.0040956446
      5580.18      0.92536491    0.0041036207
      5585.76      0.92040395    0.0040866781
      5591.35      0.91945345    0.0040532701
      5596.94      0.92186345    0.0040162164
      5602.53      0.92345789    0.0039559577
      5608.14      0.92427964    0.0039493196
      5613.75      0.92386504    0.0039121204
      5619.36      0.92338756    0.0038814530
      5624.98      0.92190383    0.0038587706
      5630.60      0.92461380    0.0038057109
      5636.23      0.92474400    0.0037908354
      5641.87      0.92598164    0.0037759318
      5647.51      0.92456153    0.0037684795
      5653.16      0.92123857    0.0037395076
      5658.82      0.91878284    0.0036908945
      5664.47      0.91506206    0.0036685280
      5670.14      0.91284785    0.0036416338
      5675.81      0.91276560    0.0036208649
      5681.48      0.91162442    0.0036129075
      5687.17      0.91237479    0.0036020152
      5692.85      0.91113698    0.0035952837
      5698.55      0.91151686    0.0035905132
      5704.25      0.91010708    0.0035715646
      5709.95      0.90834961    0.0035823278
      5715.66      0.90511684    0.0036101379
      5721.38      0.89756656    0.0036041099
      5727.10      0.89132639    0.0035753236
      5732.83      0.88599192    0.0035772571
      5738.56      0.87842201    0.0035777915
      5744.30      0.86812053    0.0035938182
      5750.04      0.85738661    0.0035521080
      5755.79      0.84557021    0.0035430560
      5761.55      0.83382134    0.0035267038
      5767.31      0.82360765    0.0034881422
      5773.08      0.81471278    0.0035067778
      5778.85      0.80955697    0.0035023946
      5784.63      0.80424342    0.0034955414
      5790.41      0.79948008    0.0034679319
      5796.21      0.79663164    0.0034839943
      5802.00      0.79279985    0.0034749749
      5807.81      0.79114761    0.0034354003
      5813.61      0.79035653    0.0034317114
      5819.43      0.79082703    0.0034518222
      5825.25      0.79053563    0.0034306489
      5831.07      0.79070851    0.0033784305
      5836.90      0.79404449    0.0033584680
      5842.74      0.79649702    0.0033663587
      5848.58      0.79588719    0.0033248816
      5854.43      0.79742105    0.0033050041
      5860.29      0.79989581    0.0032893753
      5866.15      0.80073837    0.0032771603
      5872.01      0.80352847    0.0032608981
      5877.89      0.80584486    0.0032597886
      5883.76      0.80951841    0.0032267303
      5889.65      0.81272869    0.0032373322
      5895.54      0.81658843    0.0032084723
      5901.43      0.81971064    0.0032143622
      5907.34      0.82217720    0.0032522363
      5913.24      0.82448598    0.0032391345
      5919.16      0.82510090    0.0032456487
      5925.08      0.82355724    0.0032801835
      5931.00      0.82031201    0.0032551765
      5936.93      0.81586076    0.0032484754
      5942.87      0.80921652    0.0032348265
      5948.81      0.80146960    0.0032046534
      5954.76      0.79109210    0.0031796569
      5960.72      0.78133289    0.0031206839
      5966.68      0.77273948    0.0031087966
      5972.64      0.76476099    0.0030792252
      5978.62      0.75753429    0.0030278347
      5984.60      0.75147743    0.0030326097
      5990.58      0.74721482    0.0030073826
      5996.57      0.74545787    0.0030068421
      6002.57      0.74504556    0.0029902444
      6008.57      0.74579970    0.0029723617
      6014.58      0.74814085    0.0029857524
      6020.60      0.75074990    0.0029742984
      6026.62      0.75170239    0.0030040726
      6032.65      0.75335796    0.0030367530
      6038.68      0.75109078    0.0030460646
      6044.72      0.74858270    0.0030406065
      6050.76      0.74427322    0.0030927961
      6056.81      0.73333165    0.0031187799
      6062.87      0.72084741    0.0031211114
      6068.93      0.70833112    0.0031670035
      6075.00      0.69677372    0.0031585912
      6081.08      0.68502650    0.0031896694
      6087.16      0.67332494    0.0031476601
      6093.25      0.66286965    0.0031417570
      6099.34      0.65476791    0.0031382378
      6105.44      0.64952751    0.0031336490
      6111.54      0.64539958    0.0031211371
      6117.66      0.64346230    0.0031068171
      6123.78      0.64210741    0.0030611114
      6129.90      0.64341826    0.0030572814
      6136.03      0.64431680    0.0030061346
      6142.17      0.64580618    0.0030308627
      6148.31      0.64437910    0.0029952855
      6154.46      0.64156260    0.0029825763
      6160.61      0.64037826    0.0029258645
      6166.77      0.63716222    0.0028994517
      6172.94      0.63136663    0.0028681827
      6179.11      0.62951454    0.0028450625
      6185.29      0.62785472    0.0028200473
      6191.48      0.62819044    0.0028055949
      6197.67      0.62995250    0.0027816909
      6203.87      0.63242130    0.0027604141
      6210.07      0.63710174    0.0027569028
      6216.28      0.64580367    0.0027591996
      6222.50      0.65487897    0.0027629636
      6228.72      0.66646563    0.0027562432
      6234.95      0.68012801    0.0027713111
      6241.19      0.69310025    0.0027875873
      6247.42      0.71021203    0.0028043156
      6253.67      0.72701669    0.0027896930
      6259.93      0.74456474    0.0028001955
      6266.19      0.76283635    0.0028174945
      6272.46      0.78095402    0.0028317407
      6278.73      0.80245590    0.0028404905
      6285.01      0.82086425    0.0028422440
      6291.29      0.83885877    0.0028533804
      6297.58      0.85501317    0.0028687293
      6303.88      0.87007908    0.0028810793
      6310.19      0.88562245    0.0028982384
      6316.50      0.89771107    0.0029043182
      6322.81      0.90698839    0.0029203510
      6329.14      0.91549281    0.0029146484
      6335.47      0.92269703    0.0029479198
      6341.80      0.92818134    0.0029403634
      6348.14      0.93037843    0.0029711113
      6354.49      0.92999891    0.0029686977
      6360.85      0.92918504    0.0029915333
      6367.21      0.92979558    0.0029772324
      6373.57      0.93056587    0.0029601348
      6379.95      0.92905508    0.0029680377
      6386.33      0.92678537    0.0030136963
      6392.72      0.92461909    0.0030705712
      6399.11      0.92159715    0.0031000554
      6405.51      0.91759389    0.0031471636
      6411.92      0.91143404    0.0031842474
      6418.32      0.90370997    0.0032740618
      6424.74      0.89652817    0.0033537879
      6431.17      0.89022355    0.0033580404
      6437.60      0.88283171    0.0034084183
      6444.04      0.87512080    0.0034102015
      6450.48      0.86969151    0.0034047287
      6456.94      0.86257265    0.0033835189
      6463.39      0.85716450    0.0033810096
      6469.85      0.84951722    0.0034039049
      6476.33      0.84613972    0.0034184787
      6482.80      0.84283071    0.0034310140
      6489.28      0.84306426    0.0034203499
      6495.77      0.84434033    0.0034152056
      6502.27      0.84582576    0.0034181764
      6508.77      0.85087627    0.0033905197
      6515.28      0.85817456    0.0033957049
      6521.80      0.86354049    0.0033832133
      6528.32      0.86903664    0.0033341476
      6534.85      0.87320634    0.0033047832
      6541.38      0.88046659    0.0032918908
      6547.92      0.88594744    0.0032469634
      6554.47      0.89228990    0.0032097941
      6561.03      0.89652574    0.0031882194
      6567.59      0.89811893    0.0031748406
      6574.16      0.90064082    0.0031379136
      6580.73      0.89786125    0.0030892339
      6587.31      0.89549513    0.0030629897
      6593.90      0.89325612    0.0030890405
      6600.50      0.88823879    0.0030790902
      6607.10      0.88292648    0.0030637915
      6613.70      0.87910399    0.0030645450
      6620.32      0.87211210    0.0030853122
      6626.94      0.86501735    0.0030571066
      6633.57      0.85680216    0.0030459769
      6640.20      0.84834315    0.0030473919
      6646.84      0.84040724    0.0030803739
      6653.49      0.83379127    0.0030629834
      6660.14      0.82740099    0.0030444584
      6666.80      0.82178811    0.0030323659
      6673.47      0.81596214    0.0030386279
      6680.14      0.81078534    0.0030828607
      6686.82      0.80352055    0.0030784348
      6693.51      0.79609530    0.0030866248
      6700.20      0.79046515    0.0031029037
      6706.90      0.78297802    0.0031424002
      6713.61      0.77903170    0.0032128399
      6720.32      0.77591301    0.0033141564
      6727.05      0.77068063    0.0034091394
      6733.77      0.76477600    0.0035548773
      6740.51      0.75923237    0.0036190071
      6747.25      0.75027774    0.0036526623
      6754.00      0.74062093    0.0036328909
      6760.75      0.72987435    0.0036386381
      6767.51      0.72119900    0.0035806424
      6774.28      0.71731679    0.0035366566
      6781.05      0.71172666    0.0034079518
      6787.84      0.70718817    0.0032366157
      6794.62      0.70219924    0.0031356179
      6801.42      0.69919227    0.0031360645
      6808.22      0.69154349    0.0031652735
      6815.03      0.68665539    0.0031291726
      6821.85      0.68017480    0.0031322582
      6828.67      0.67392457    0.0032001125
      6835.50      0.66980671    0.0032432525
      6842.33      0.66695182    0.0033084585
      6849.17      0.66283030    0.0033227953
      6856.02      0.65672510    0.0033507268
      6862.88      0.65001761    0.0033722194
      6869.74      0.64623048    0.0034090165
      6876.61      0.63896830    0.0033871020
      6883.49      0.62991366    0.0033821640
      6890.37      0.62143219    0.0033762356
      6897.27      0.62037990    0.0034242299
      6904.16      0.62458200    0.0034866012
      6911.07      0.61971732    0.0034714380
      6917.98      0.61940537    0.0034468614
      6924.89      0.61951471    0.0034630680
      6931.82      0.62149538    0.0035219286
      6938.75      0.62164538    0.0035454540
      6945.69      0.62196517    0.0035846141
      6952.64      0.62140474    0.0036126097
      6959.59      0.62000276    0.0036221120
      6966.55      0.62160567    0.0036270561
      6973.52      0.62483003    0.0036409838
      6980.49      0.62880407    0.0036546284
      6987.47      0.63019232    0.0036723677
      6994.46      0.63258023    0.0037075681
      7001.46      0.63078973    0.0036765017
      7008.46      0.63074799    0.0036147841
      7015.46      0.63263969    0.0035742020
      7022.48      0.63327697    0.0035806298
      7029.51      0.64194903    0.0035532575
      7036.53      0.64275767    0.0035355015
      7043.57      0.63781539    0.0035376586
      7050.62      0.63954547    0.0035483837
      7057.66      0.64160901    0.0035201354
      7064.72      0.64257573    0.0034964591
      7071.79      0.64409172    0.0034696577
      7078.86      0.64358747    0.0035174750
      7085.94      0.64331949    0.0035176907
      7093.03      0.64257290    0.0034547505
      7100.12      0.64140533    0.0034010960
      7107.22      0.63982541    0.0033450800
      7114.33      0.63724562    0.0033044193
      7121.44      0.63473561    0.0032337405
      7128.56      0.63123239    0.0031911599
      7135.69      0.62893747    0.0031392889
      7142.83      0.63232404    0.0031010345
      7149.97      0.64039097    0.0030765325
      7157.12      0.64884648    0.0030609446
      7164.28      0.66224169    0.0030195541
      7171.44      0.67637757    0.0030112478
      7178.62      0.69179301    0.0030251999
      7185.80      0.71122644    0.0030396879
      7192.98      0.73347638    0.0030144905
      7200.17      0.75736273    0.0030211860
      7207.38      0.78490332    0.0030564040
      7214.58      0.82160888    0.0030898071
      7221.80      0.85769118    0.0031293143
      7229.02      0.89458955    0.0031499062
      7236.25      0.92937090    0.0031869637
      7243.49      0.96841428    0.0032303747
      7250.73       1.0112999    0.0032732498
      7257.98       1.0566005    0.0032926958
      7265.24       1.1033789    0.0033277850
      7272.51       1.1465943    0.0033837875
      7279.78       1.1889724    0.0034355250
      7287.06       1.2256974    0.0034793790
      7294.35       1.2465591    0.0035091687
      7301.64       1.2572495    0.0035484841
      7308.94       1.2647755    0.0035983397
      7316.25       1.2585526    0.0036840048
      7323.57       1.2442454    0.0037954733
      7330.89       1.2186232    0.0039071446
      7338.22       1.1818280    0.0040002847
      7345.56       1.1364724    0.0040238009
      7352.91       1.0913647    0.0040160395
      7360.26       1.0471598    0.0040583038
      7367.62      0.99555551    0.0040721180
      7374.99      0.94358775    0.0041039480
      7382.37      0.90555686    0.0040801567
      7389.75      0.87553718    0.0040088659
      7397.14      0.85148674    0.0039869635
      7404.53      0.83353641    0.0040403715
      7411.94      0.82124480    0.0040662253
      7419.35      0.80461775    0.0040953242
      7426.77      0.78174764    0.0041230009
      7434.20      0.76174555    0.0041483438
      7441.63      0.75768591    0.0041172388
      7449.07      0.75314578    0.0040815753
      7456.52      0.74381452    0.0041084891
      7463.98      0.73521115    0.0041883443
      7471.45      0.73116452    0.0042330770
      7478.92      0.72446590    0.0041219386
      7486.40      0.70977722    0.0039940726
      7493.88      0.69198420    0.0039256972
      7501.38      0.67485613    0.0038869739
      7508.88      0.65366288    0.0038258046
      7516.39      0.63987471    0.0037118279
      7523.91      0.62994670    0.0036187842
      7531.43      0.61917938    0.0035426414
      7538.96      0.60507170    0.0034731317
      7546.50      0.58988866    0.0034356828
      7554.05      0.57838678    0.0033572385
      7561.60      0.56576691    0.0032735812
      7569.16      0.54946353    0.0032679313
      7576.73      0.53772699    0.0032825543
      7584.31      0.53107719    0.0032315602
      7591.89      0.51981831    0.0031578608
      7599.49      0.51763551    0.0031791484
      7607.09      0.51741887    0.0032597700
      7614.70      0.51857420    0.0033143773
      7622.31      0.51512831    0.0033730681
      7629.93      0.51460102    0.0034752938
      7637.56      0.51041171    0.0036664182
      7645.20      0.51353357    0.0038420101
      7652.85      0.52391908    0.0039971825
      7660.50      0.54046702    0.0040624728
      7668.16      0.55119778    0.0041589937
      7675.83      0.56044056    0.0041470758
      7683.50      0.56931933    0.0041149609
      7691.19      0.58184572    0.0040972989
      7698.88      0.59869420    0.0040127702
      7706.58      0.61040324    0.0039052350
      7714.29      0.61525937    0.0037897887
      7722.00      0.62573203    0.0036885550
      7729.73      0.63809334    0.0036547394
      7737.45      0.65283849    0.0036737597
      7745.19      0.66795487    0.0037832983
      7752.94      0.68375935    0.0039466869
      7760.69      0.69237818    0.0040128625
      7768.45      0.70084667    0.0040858373
      7776.22      0.71063186    0.0041827178
      7784.00      0.72450529    0.0042336645
      7791.78      0.73426298    0.0043303633
      7799.57      0.74442200    0.0044007746
      7807.37      0.75210671    0.0044454080
      7815.18      0.76130876    0.0044412287
      7822.99      0.76781558    0.0044715794
      7830.82      0.76984201    0.0044425500
      7838.65      0.77227388    0.0044663400
      7846.49      0.77445531    0.0044892997
      7854.34      0.77713373    0.0045635472
      7862.19      0.77903691    0.0046612466
      7870.05      0.77138772    0.0047221311
      7877.93      0.76202936    0.0047227763
      7885.80      0.75240112    0.0047149964
      7893.69      0.74816061    0.0046500859
      7901.58      0.74262428    0.0045637842
      7909.49      0.73797654    0.0045146806
      7917.40      0.73123124    0.0045076627
      7925.31      0.72330840    0.0045031225
      7933.24      0.71746286    0.0044593653
      7941.17      0.71135663    0.0043477328
      7949.11      0.70420308    0.0042295634
      7957.06      0.69722987    0.0041481249
      7965.02      0.68714641    0.0040637668
      7972.98      0.67478649    0.0039627868
      7980.96      0.66276181    0.0038736543
      7988.94      0.65147689    0.0037790506
      7996.93      0.63826959    0.0037184490
      8004.93      0.62617212    0.0036440579
      8012.93      0.61173674    0.0035638142
      8020.95      0.60095335    0.0034740896
      8028.97      0.58923933    0.0034201240
      8036.99      0.57933462    0.0033551079
      8045.03      0.56891105    0.0033042937
      8053.08      0.55788765    0.0032546062
      8061.13      0.54702508    0.0032222374
      8069.20      0.53771046    0.0031887802
      8077.26      0.52879310    0.0031378941
      8085.34      0.51962225    0.0031050888
      8093.43      0.51092596    0.0030798413
      8101.52      0.50239195    0.0030861168
      8109.62      0.49626075    0.0030768911
      8117.73      0.49005550    0.0030952349
      8125.85      0.48522546    0.0030948322
      8133.98      0.48314674    0.0030946553
      8142.11      0.48032546    0.0031260433
      8150.25      0.47917083    0.0031895274
      8158.41      0.47877630    0.0032692693
      8166.56      0.47827829    0.0033621898
      8174.73      0.47898110    0.0034638373
      8182.91      0.47934225    0.0036027602
      8191.09      0.48062704    0.0038131612
      8199.28      0.48222063    0.0040737237
      8207.48      0.48381558    0.0044254628
      8215.69      0.48617652    0.0048846098
      8223.91      0.48890420    0.0054655048
      8232.13      0.49365451    0.0061755701
      8240.36      0.49975138    0.0071032712
      8248.60      0.50537166    0.0082017632
      8256.85      0.51221304    0.0097347388
      8265.11      0.51646059     0.011675597
      8273.37      0.52869118     0.014204149
