# starting wavelength =        2845.3000
# ending wavelength =        8370.4500
# O2 telluric scale =        0
# O2 telluric shift =        0
# H2O telluric scale =        0
# H2O telluric shift =        0
      2847.74       6.2273935      0.13131604
      2850.59       6.2209484      0.12043843
      2853.44       6.2307387     0.096707059
      2856.29       6.1904457     0.090369626
      2859.15       6.1480522     0.075723424
      2862.01       6.1593019     0.072009302
      2864.87       6.1751886     0.063119582
      2867.74       6.1637323     0.060800825
      2870.60       6.1035005     0.055453780
      2873.47       6.0287007     0.053909617
      2876.35       5.9719316     0.050643544
      2879.22       5.9033659     0.049501223
      2882.10       5.8420381     0.047435859
      2884.99       5.7863184     0.046523798
      2887.87       5.7409350     0.045149404
      2890.76       5.7078831     0.044369122
      2893.65       5.6744991     0.043411790
      2896.54       5.6429476     0.042719729
      2899.44       5.6117502     0.042032509
      2902.34       5.5577462     0.041881570
      2905.24       5.5693603     0.041732037
      2908.15       5.5898040     0.041581942
      2911.06       5.5542905     0.041433208
      2913.97       5.5176388     0.041283975
      2916.88       5.5061681     0.041136127
      2919.80       5.5002015     0.041486420
      2922.72       5.5110727     0.041333831
      2925.64       5.4839831     0.041180466
      2928.57       5.4200857     0.041028387
      2931.50       5.3404993     0.040875531
      2934.43       5.2718346     0.040723097
      2937.36       5.2340741     0.040571235
      2940.30       5.2017792     0.040419786
      2943.24       5.1453875     0.040268845
      2946.18       5.0789836     0.040118301
      2949.13       5.0278487     0.039968346
      2952.08       4.9928993     0.039818794
      2955.03       4.9518602     0.039669775
      2957.99       4.8986452     0.039521293
      2960.94       4.8530141     0.039373381
      2963.90       4.8836352     0.039709608
      2966.87       4.8816011     0.039560264
      2969.84       4.8329770     0.039411028
      2972.81       4.7542881     0.039261721
      2975.78       4.6738010     0.039113898
      2978.76       4.6387535     0.038965918
      2981.73       4.6203629     0.038819528
      2984.72       4.5932000     0.038672926
      2987.70       4.5845439     0.038528010
      2990.69       4.5770153     0.038382765
      2993.68       4.5852355     0.038239297
      2996.67       4.6199796     0.038095597
      2999.67       4.6671437     0.037952690
      3002.67       4.7359080     0.038294039
      3005.67       4.7817191     0.038142841
      3008.68       4.8084352     0.037991227
      3011.69       4.8200311     0.037840385
      3014.70       4.8369539     0.037690489
      3017.71       4.8622803     0.037541469
      3020.73       4.8830627     0.037393282
      3023.75       4.8935401     0.037245868
      3026.78       4.9047541     0.037099571
      3029.80       4.9047165     0.036953985
      3032.83       4.9106844     0.037292966
      3035.87       4.9248043     0.037146893
      3038.90       4.9216498     0.037001779
      3041.94       4.9079410     0.036857536
      3044.98       4.8915587     0.036714340
      3048.03       4.8873444     0.036572025
      3051.08       4.8855583     0.036429886
      3054.13       4.8738265     0.036289975
      3057.18       4.8572715     0.036150333
      3060.24       4.8420967     0.036476963
      3063.30       4.8152389     0.036326549
      3066.36       4.7798934     0.036177400
      3069.43       4.7261337     0.036029617
      3072.50       4.6635705     0.035883146
      3075.57       4.6118679     0.035737037
      3078.65       4.5682385     0.035593007
      3081.73       4.5156326     0.035449441
      3084.81       4.4622869     0.035307979
      3087.89       4.4115947     0.035659585
      3090.98       4.3752840     0.035517403
      3094.07       4.3498087     0.035378127
      3097.17       4.3133591     0.035239331
      3100.26       4.2625355     0.035103390
      3103.36       4.2170776     0.034367408
      3106.47       4.1750681     0.034222481
      3109.58       4.1463082     0.034079193
      3112.68       4.1121464     0.034411483
      3115.80       4.0882844     0.034268638
      3118.91       4.0780677     0.034127169
      3122.03       4.0701285     0.033987690
      3125.15       4.0587649     0.033849750
      3128.28       4.0559218     0.033712718
      3131.41       4.0558672     0.033578880
      3134.54       4.0482200     0.033902302
      3137.67       4.0330447     0.033753147
      3140.81       4.0163779     0.033606098
      3143.95       4.0072207     0.033461539
      3147.10       4.0137017     0.033317772
      3150.24       4.0229352     0.033177503
      3153.39       4.0256661     0.033037915
      3156.55       4.0275584     0.033395270
      3159.70       4.0113690     0.033258659
      3162.86       3.9912157     0.032548228
      3166.03       3.9756888     0.032399550
      3169.19       3.9608434     0.032253477
      3172.36       3.9469860     0.032109927
      3175.54       3.9297173     0.032449182
      3178.71       3.9244210     0.032307957
      3181.89       3.9201697     0.032169252
      3185.07       3.9079875     0.032033375
      3188.26       3.8968139     0.031900248
      3191.45       3.8898194     0.031769602
      3194.64       3.8714718     0.032095446
      3197.83       3.8600188     0.031945853
      3201.03       3.8470910     0.031800432
      3204.23       3.8379501     0.031657145
      3207.44       3.8367548     0.031516976
      3210.64       3.8447390     0.030835168
      3213.85       3.8525122     0.031194568
      3217.07       3.8524781     0.031040190
      3220.28       3.8499793     0.030890430
      3223.51       3.8501171     0.030742935
      3226.73       3.8545125     0.030599960
      3229.96       3.8650532     0.030459449
      3233.19       3.8832690     0.030812828
      3236.42       3.8891779     0.030677209
      3239.66       3.8931239     0.030545534
      3242.90       3.8955485     0.030417810
      3246.14       3.9029600     0.030294107
      3249.39       3.9131464     0.030603967
      3252.64       3.9197681     0.029895863
      3255.89       3.9265812     0.029757222
      3259.14       3.9342992     0.029623048
      3262.40       3.9387590     0.029492809
      3265.67       3.9311548     0.029844369
      3268.93       3.9365413     0.029690901
      3272.20       3.9448108     0.029543596
      3275.47       3.9473846     0.029399635
      3278.75       3.9542435     0.029262052
      3282.03       3.9678953     0.029638607
      3285.31       3.9811548     0.029507961
      3288.60       3.9920036     0.028794712
      3291.88       3.9953827     0.028645519
      3295.18       3.9920890     0.028500234
      3298.47       3.9823926     0.028857548
      3301.77       3.9756204     0.028720177
      3305.07       3.9698916     0.028588427
      3308.38       3.9669421     0.028462012
      3311.69       3.9587246     0.028341525
      3315.00       3.9439489     0.028662286
      3318.31       3.9313060     0.028516739
      3321.63       3.9176726     0.027819795
      3324.95       3.8935333     0.027689262
      3328.28       3.8651779     0.028065635
      3331.61       3.8348296     0.027907747
      3334.94       3.8051306     0.027755346
      3338.27       3.7765378     0.027611143
      3341.61       3.7527705     0.027472614
      3344.95       3.7340826     0.027863675
      3348.30       3.7146222     0.027736860
      3351.65       3.7034319     0.027008976
      3355.00       3.6856336     0.026861408
      3358.35       3.6644236     0.027230892
      3361.71       3.6483761     0.027094127
      3365.07       3.6306507     0.026963257
      3368.44       3.6127491     0.026840183
      3371.81       3.6070531     0.027198017
      3375.18       3.5978375     0.027043517
      3378.56       3.5850667     0.026900145
      3381.94       3.5660260     0.026202618
      3385.32       3.5530561     0.026078487
      3388.70       3.5415737     0.026441615
      3392.09       3.5268687     0.026286024
      3395.48       3.5067409     0.026141824
      3398.88       3.4859149     0.026005123
      3402.28       3.4706021     0.026421503
      3405.68       3.4607603     0.025692362
      3409.09       3.4523559     0.025537032
      3412.49       3.4440782     0.025390005
      3415.91       3.4387762     0.025254556
      3419.32       3.4309748     0.025115852
      3422.74       3.4151902     0.024950293
      3426.17       3.4004797     0.024796575
      3429.59       3.3861557     0.024651511
      3433.02       3.3713271     0.024518337
      3436.45       3.3584667     0.023878836
      3439.89       3.3413604     0.024217135
      3443.33       3.3249466     0.024064607
      3446.78       3.3078804     0.023922527
      3450.22       3.2864975     0.023789227
      3453.67       3.2625734     0.023167465
      3457.13       3.2441031     0.023487540
      3460.58       3.2242196     0.023338805
      3464.04       3.2022338     0.023202268
      3467.51       3.1766267     0.022586863
      3470.98       3.1656076     0.022472633
      3474.45       3.1570034     0.022770172
      3477.92       3.1443619     0.022627442
      3481.40       3.1326147     0.022495253
      3484.88       3.1204054     0.021898744
      3488.37       3.1030454     0.021789282
      3491.86       3.0828558     0.022058850
      3495.35       3.0665358     0.021923633
      3498.84       3.0456628     0.021335653
      3502.34       3.0277779     0.021223617
      3505.84       3.0063798     0.021501322
      3509.35       2.9896250     0.021362125
      3512.86       2.9720077     0.020783394
      3516.37       2.9602530     0.020670069
      3519.89       2.9506984     0.020565143
      3523.41       2.9410203     0.020807979
      3526.93       2.9316719     0.020237639
      3530.46       2.9194329     0.020122476
      3533.99       2.9100745     0.020017148
      3537.53       2.9139518     0.020261009
      3541.06       2.9054934     0.019700764
      3544.60       2.8987917     0.019585291
      3548.15       2.8964977     0.019480166
      3551.70       2.8937320     0.019385216
      3555.25       2.8817991     0.019171441
      3558.80       2.8690651     0.019055709
      3562.36       2.8586823     0.018950640
      3565.92       2.8491254     0.018855822
      3569.49       2.8425999     0.018646944
      3573.06       2.8390116     0.018533290
      3576.64       2.8390679     0.018429849
      3580.21       2.8419751     0.018336924
      3583.79       2.8463378     0.018131127
      3587.38       2.8461059     0.018019590
      3590.96       2.8476596     0.017918896
      3594.55       2.8514189     0.017827441
      3598.15       2.8596977     0.017620971
      3601.75       2.8671411     0.017511768
      3605.35       2.8732585     0.017413474
      3608.96       2.8829123     0.016918718
      3612.56       2.8896697     0.017118025
      3616.18       2.8919958     0.017013008
      3619.79       2.8879759     0.016918554
      3623.41       2.8823245     0.016429586
      3627.04       2.8774210     0.016624286
      3630.66       2.8748183     0.016522880
      3634.29       2.8752688     0.016061559
      3637.93       2.8706589     0.015947083
      3641.57       2.8630810     0.016136018
      3645.21       2.8587109     0.016040110
      3648.86       2.8481284     0.015581506
      3652.50       2.8429345     0.015473334
      3656.16       2.8369915     0.015658083
      3659.81       2.8313577     0.015223431
      3663.47       2.8290799     0.015111161
      3667.14       2.8290337     0.015008286
      3670.80       2.8329159     0.015190240
      3674.48       2.8332880     0.014753900
      3678.15       2.8345185     0.014647589
      3681.83       2.8338620     0.014818016
      3685.51       2.8323705     0.014403136
      3689.20       2.8287517     0.014293913
      3692.88       2.8296364     0.014194451
      3696.58       2.8293718     0.014058530
      3700.27       2.8301069     0.013946727
      3703.98       2.8294600     0.013844871
      3707.68       2.8251824     0.013718718
      3711.39       2.8249419     0.013603207
      3715.10       2.8244833     0.013499140
      3718.81       2.8180696     0.013404866
      3722.53       2.8104082     0.013264583
      3726.26       2.7997639     0.013158931
      3729.98       2.7887136     0.013063001
      3733.71       2.7798373     0.012930654
      3737.45       2.7732118     0.012823761
      3741.18       2.7672787     0.012726816
      3744.93       2.7581395     0.012379106
      3748.67       2.7527972     0.012492309
      3752.42       2.7485485     0.012394805
      3756.17       2.7409976     0.012052263
      3759.93       2.7363604     0.012164981
      3763.69       2.7343573     0.012067256
      3767.45       2.7342330     0.011730744
      3771.22       2.7381650     0.011841976
      3774.99       2.7391667     0.011744352
      3778.77       2.7387324     0.011414040
      3782.54       2.7410729     0.011337658
      3786.33       2.7430040     0.011425074
      3790.11       2.7432582     0.011101148
      3793.90       2.7427302     0.011025137
      3797.70       2.7441499     0.011109861
      3801.50       2.7428544     0.010792971
      3805.30       2.7407878     0.010717790
      3809.10       2.7410858     0.010799088
      3812.91       2.7420858     0.010489279
      3816.73       2.7377552     0.010415276
      3820.54       2.7338946     0.010492662
      3824.36       2.7240956     0.010189600
      3828.19       2.7118827     0.010116674
      3832.02       2.7003685     0.010189343
      3835.85       2.6781850    0.0098942333
      3839.68       2.6628891    0.0098230747
      3843.52       2.6502085    0.0096813596
      3847.37       2.6351580    0.0096033502
      3851.22       2.6181214    0.0095342578
      3855.07       2.6007160    0.0093928443
      3858.92       2.5883694    0.0093172953
      3862.78       2.5770053    0.0092500699
      3866.64       2.5636911    0.0091078535
      3870.51       2.5482371    0.0090344832
      3874.38       2.5324133    0.0089699917
      3878.26       2.5208526    0.0088275522
      3882.13       2.5123294    0.0087570527
      3886.02       2.5015575    0.0084926698
      3889.90       2.4943472    0.0085521666
      3893.79       2.4889619    0.0084847364
      3897.69       2.4864407    0.0082238174
      3901.59       2.4821067    0.0082810456
      3905.49       2.4800021    0.0082165909
      3909.39       2.4792606    0.0079587044
      3913.30       2.4823889    0.0080145738
      3917.22       2.4837956    0.0077706075
      3921.13       2.4840699    0.0078192086
      3925.06       2.4832671    0.0077532917
      3928.98       2.4809679    0.0075117668
      3932.91       2.4832715    0.0075593551
      3936.84       2.4816775    0.0073302702
      3940.78       2.4804951    0.0072577083
      3944.72       2.4770070    0.0073041784
      3948.67       2.4802451    0.0070769681
      3952.61       2.4839869    0.0070084658
      3956.57       2.4866290    0.0069012222
      3960.52       2.4906835    0.0068289079
      3964.48       2.4990420    0.0068685734
      3968.45       2.5094073    0.0066541106
      3972.42       2.5201137    0.0065861365
      3976.39       2.5314316    0.0064830486
      3980.37       2.5373265    0.0064119542
      3984.35       2.5419889    0.0063485620
      3988.33       2.5485306    0.0062420405
      3992.32       2.5490131    0.0061755593
      3996.31       2.5460734    0.0060755014
      4000.31       2.5420841    0.0060067259
      4004.31       2.5348017    0.0059447941
      4008.31       2.5278563    0.0058411893
      4012.32       2.5187410    0.0057769268
      4016.33       2.5069674    0.0056788953
      4020.35       2.4934036    0.0056126164
      4024.37       2.4768468    0.0054347105
      4028.40       2.4572108    0.0054513787
      4032.42       2.4356804    0.0053900444
      4036.46       2.4133011    0.0052934317
      4040.50       2.3884941    0.0052300068
      4044.54       2.3621636    0.0050619920
      4048.58       2.3365794    0.0050730909
      4052.63       2.3041310    0.0049061915
      4056.68       2.2716943    0.0049190099
      4060.74       2.2400950    0.0048590361
      4064.80       2.2055241    0.0047009583
      4068.86       2.1715976    0.0047064278
      4072.93       2.1432235    0.0045497523
      4077.01       2.1146746    0.0045562212
      4081.08       2.0893551    0.0044012088
      4085.17       2.0668586    0.0043521255
      4089.25       2.0436402    0.0043516855
      4093.34       2.0246477    0.0042050567
      4097.43       2.0084893    0.0042052883
      4101.53       1.9916209    0.0040606884
      4105.63       1.9756161    0.0040616952
      4109.74       1.9606574    0.0039189481
      4113.85       1.9470948    0.0038725532
      4117.96       1.9330558    0.0037795626
      4122.08       1.9206628    0.0037326240
      4126.20       1.9073605    0.0036424360
      4130.33       1.8964500    0.0035949093
      4134.46       1.8868494    0.0035896959
      4138.59       1.8795872    0.0034595787
      4142.73       1.8728630    0.0034165697
      4146.88       1.8677307    0.0033266033
      4151.02       1.8667677    0.0032832053
      4155.18       1.8687579    0.0031957235
      4159.33       1.8678253    0.0031521510
      4163.49       1.8670361    0.0030668888
      4167.65       1.8687925    0.0030231993
      4171.82       1.8751767    0.0029062449
      4175.99       1.8839355    0.0028964481
      4180.17       1.8922161    0.0027833609
      4184.35       1.8988938    0.0027718776
      4188.54       1.9079239    0.0026625011
      4192.72       1.9148455    0.0026493076
      4196.92       1.9185980    0.0025434392
      4201.11       1.9238773    0.0025286731
      4205.31       1.9271544    0.0024262184
      4209.52       1.9323648    0.0024101336
      4213.73       1.9378974    0.0023122445
      4217.94       1.9418875    0.0022724367
      4222.16       1.9447635    0.0022605199
      4226.38       1.9490047    0.0021654034
      4230.61       1.9550209    0.0021534505
      4234.84       1.9599175    0.0020643891
      4239.08       1.9609903    0.0020557817
      4243.32       1.9676475    0.0019786332
      4247.56       1.9739600    0.0019773064
      4251.81       1.9778566    0.0019150191
      4256.06       1.9815517    0.0019231554
      4260.32       1.9820073    0.0018747263
      4264.58       1.9847676    0.0018924340
      4268.84       1.9865172    0.0018539773
      4273.11       1.9834847    0.0018515546
      4277.38       1.9815440    0.0018452464
      4281.66       1.9822185    0.0018462199
      4285.94       1.9799038    0.0018406542
      4290.23       1.9791792    0.0018418673
      4294.52       1.9752076    0.0018368926
      4298.81       1.9701732    0.0018077080
      4303.11       1.9627937    0.0018367386
      4307.42       1.9537421    0.0018077204
      4311.72       1.9430273    0.0018366613
      4316.04       1.9252987    0.0018077001
      4320.35       1.9091642    0.0018366311
      4324.67       1.8908722    0.0018077940
      4329.00       1.8701719    0.0018364936
      4333.33       1.8468608    0.0018078419
      4337.66       1.8224419    0.0018363882
      4342.00       1.8015659    0.0018078968
      4346.34       1.7808869    0.0018361973
      4350.69       1.7611751    0.0018079597
      4355.04       1.7377954    0.0018724809
      4359.39       1.7199019    0.0019108211
      4363.75       1.7052488    0.0019987793
      4368.12       1.6909818    0.0021109705
      4372.48       1.6782583    0.0023121138
      4376.86       1.6670027    0.0025859561
      4381.23       1.6542124    0.0028693478
      4385.61       1.6395933    0.0035086613
      4390.00       1.6210358    0.0050113177
      4394.39       1.6340993    0.0020630853
      4398.79       1.6218857    0.0021338523
      4403.18       1.6177960    0.0022422815
      4407.59       1.6180179    0.0023207370
      4412.00       1.6175690    0.0024455503
      4416.41       1.6229221    0.0025182230
      4420.82       1.6271307    0.0026344466
      4425.25       1.6350207    0.0026640308
      4429.67       1.6413174    0.0027470913
      4434.10       1.6546820    0.0026915404
      4438.54       1.6600211    0.0026147566
      4442.97       1.6663643    0.0026545918
      4447.42       1.6740237    0.0025077104
      4451.86       1.6841124    0.0025054563
      4456.32       1.6923981    0.0024599461
      4460.77       1.7172719    0.0020943809
      4465.24       1.7303767    0.0019454839
      4469.70       1.7244859    0.0051310873
      4474.17       1.7357424    0.0038457481
      4478.65       1.7489861    0.0032883052
      4483.12       1.7589650    0.0027345796
      4487.61       1.7710904    0.0023890468
      4492.09       1.7837537    0.0022144125
      4496.59       1.7969471    0.0021491625
      4501.08       1.8106675    0.0021529922
      4505.58       1.8284458    0.0018454329
      4510.09       1.8413860    0.0018837963
      4514.60       1.8525716    0.0019167284
      4519.12       1.8644967    0.0020079805
      4523.63       1.8757502    0.0020870154
      4528.16       1.8880663    0.0021791395
      4532.69       1.9013130    0.0022925975
      4537.22       1.9098856    0.0022764620
      4541.76       1.9166149    0.0022524805
      4546.30       1.9234514    0.0021687736
      4550.85       1.9258977    0.0020935575
      4555.40       1.9277844    0.0019989466
      4559.95       1.9309698    0.0019275362
      4564.51       1.9315385    0.0018902605
      4569.08       1.9300887    0.0018336306
      4573.65       1.9260658    0.0021089683
      4578.22       1.9237070    0.0019714093
      4582.80       1.9222113    0.0018830475
      4587.38       1.9180114    0.0018117613
      4591.97       1.9125057    0.0017777869
      4596.56       1.9080453    0.0017795799
      4601.16       1.8989335    0.0017519391
      4605.76       1.8902528    0.0017784190
      4610.37       1.8801370    0.0017808050
      4614.98       1.8704427    0.0017776409
      4619.59       1.8605502    0.0017791392
      4624.21       1.8495520    0.0017518797
      4628.84       1.8379381    0.0017780655
      4633.47       1.8249430    0.0017801022
      4638.10       1.8144450    0.0017519950
      4642.74       1.8033420    0.0017786505
      4647.38       1.7922870    0.0017519812
      4652.03       1.7788235    0.0017521417
      4656.68       1.7695230    0.0017792078
      4661.34       1.7610928    0.0017518824
      4666.00       1.7554806    0.0017780115
      4670.67       1.7495550    0.0017522391
      4675.33       1.7433798    0.0017519524
      4680.01       1.7389726    0.0017784033
      4684.69       1.7337567    0.0017520629
      4689.38       1.7285078    0.0017519920
      4694.07       1.7259104    0.0017786966
      4698.76       1.7236824    0.0017519347
      4703.46       1.7200877    0.0017521660
      4708.16       1.7185745    0.0017526316
      4712.87       1.7163921    0.0017519347
      4717.58       1.7156558    0.0017522858
      4722.30       1.7145184    0.0017524679
      4727.03       1.7154361    0.0017519422
      4731.75       1.7168597    0.0017525145
      4736.48       1.7154856    0.0017526538
      4741.22       1.7150433    0.0017525175
      4745.96       1.7172950    0.0017532304
      4750.71       1.7127669    0.0017532012
      4755.46       1.7077324    0.0017532106
      4760.22       1.7028056    0.0017270908
      4764.97       1.6976876    0.0017555116
      4769.74       1.6917379    0.0017570052
      4774.51       1.6853512    0.0017314673
      4779.29       1.6795670    0.0017350136
      4784.07       1.6736009    0.0017624082
      4788.85       1.6658057    0.0017365812
      4793.64       1.6561215    0.0017389321
      4798.43       1.6481817    0.0017655500
      4803.23       1.6407165    0.0017383061
      4808.03       1.6355828    0.0017394936
      4812.84       1.6300944    0.0017655403
      4817.66       1.6252737    0.0017375932
      4822.48       1.6204990    0.0017382570
      4827.30       1.6157017    0.0017398482
      4832.12       1.6092201    0.0017367422
      4836.96       1.6010485    0.0017369235
      4841.79       1.5915389    0.0017375760
      4846.63       1.5844558    0.0017344790
      4851.48       1.5786143    0.0017339539
      4856.33       1.5729053    0.0017342479
      4861.19       1.5674436    0.0017078187
      4866.05       1.5618812    0.0017303766
      4870.92       1.5554217    0.0017302790
      4875.79       1.5485197    0.0017313297
      4880.66       1.5397837    0.0017277632
      4885.55       1.5314058    0.0017273947
      4890.43       1.5236179    0.0017280478
      4895.32       1.5164272    0.0017019442
      4900.22       1.5106174    0.0017255674
      4905.12       1.5022420    0.0017263717
      4910.02       1.4977315    0.0017013042
      4914.94       1.4907437    0.0017012792
      4919.85       1.4869784    0.0017253730
      4924.77       1.4833875    0.0017266231
      4929.70       1.4800228    0.0017010116
      4934.62       1.4775391    0.0017246979
      4939.56       1.4758244    0.0017256086
      4944.50       1.4766644    0.0017010854
      4949.44       1.4749705    0.0017010022
      4954.39       1.4724513    0.0017249046
      4959.35       1.4716275    0.0017259237
      4964.31       1.4667817    0.0017009666
      4969.27       1.4644895    0.0017010184
      4974.24       1.4590591    0.0017016072
      4979.22       1.4554044    0.0017014021
      4984.20       1.4507168    0.0017010133
      4989.18       1.4462360    0.0017010627
      4994.17       1.4445194    0.0017016075
      4999.16       1.4427573    0.0017013293
      5004.16       1.4439776    0.0017009737
      5009.17       1.4434288    0.0017010874
      5014.18       1.4440040    0.0017016684
      5019.19       1.4433355    0.0017014219
      5024.21       1.4424561    0.0017010412
      5029.23       1.4437636    0.0017010560
      5034.26       1.4421353    0.0016763259
      5039.30       1.4415271    0.0016771866
      5044.34       1.4376816    0.0017010977
      5049.39       1.4356341    0.0017016092
      5054.43       1.4346746    0.0016776789
      5059.49       1.4297354    0.0016784769
      5064.55       1.4249321    0.0017028998
      5069.61       1.4160287    0.0017033720
      5074.68       1.4074337    0.0016801212
      5079.76       1.3984784    0.0016837765
      5084.84       1.3919019    0.0016887464
      5089.92       1.3864768    0.0017154630
      5095.01       1.3812469    0.0017202385
      5100.11       1.3757379    0.0016984471
      5105.21       1.3696802    0.0017022460
      5110.31       1.3624550    0.0017049716
      5115.42       1.3557508    0.0017293518
      5120.54       1.3511540    0.0017026474
      5125.66       1.3459128    0.0017008124
      5130.79       1.3418589    0.0016981093
      5135.92       1.3394801    0.0016952944
      5141.05       1.3377594    0.0016933181
      5146.20       1.3356190    0.0016888547
      5151.34       1.3337474    0.0016879011
      5156.49       1.3294816    0.0016865985
      5161.65       1.3232505    0.0016854198
      5166.81       1.3173694    0.0016606182
      5171.98       1.3120313    0.0016814026
      5177.15       1.3058832    0.0016805507
      5182.33       1.3016049    0.0016801233
      5187.51       1.2973865    0.0016801167
      5192.70       1.2924072    0.0016562779
      5197.89       1.2850770    0.0016557903
      5203.09       1.2779911    0.0016773021
      5208.29       1.2701294    0.0016775570
      5213.50       1.2632093    0.0016781540
      5218.72       1.2563371    0.0016555013
      5223.93       1.2481138    0.0016554097
      5229.16       1.2417489    0.0016558208
      5234.39       1.2351055    0.0016568360
      5239.62       1.2281854    0.0016799433
      5244.86       1.2228409    0.0016592928
      5250.11       1.2176449    0.0016605887
      5255.36       1.2123447    0.0016616546
      5260.61       1.2057283    0.0016627606
      5265.87       1.2001033    0.0016639352
      5271.14       1.1941255    0.0016649621
      5276.41       1.1884327    0.0016650468
      5281.69       1.1824440    0.0016646104
      5286.97       1.1757036    0.0016638882
      5292.26       1.1683700    0.0016630754
      5297.55       1.1616194    0.0016624308
      5302.85       1.1565514    0.0016621383
      5308.15       1.1504271    0.0016390229
      5313.46       1.1460464    0.0016393717
      5318.77       1.1399831    0.0016614214
      5324.09       1.1339174    0.0016607038
      5329.42       1.1289807    0.0016598811
      5334.75       1.1235763    0.0016590487
      5340.08       1.1192120    0.0016585724
      5345.42       1.1144502    0.0016352046
      5350.77       1.1099588    0.0016348863
      5356.12       1.1055320    0.0016343586
      5361.48       1.0997621    0.0016556553
      5366.83       1.0956769    0.0016550744
      5372.20       1.0896271    0.0016546940
      5377.58       1.0848168    0.0016545675
      5382.95       1.0799176    0.0016315772
      5388.34       1.0741983    0.0016317742
      5393.72       1.0693501    0.0016320823
      5399.12       1.0660169    0.0016324003
      5404.52       1.0638258    0.0016327475
      5409.92       1.0611902    0.0016331939
      5415.33       1.0604904    0.0016337522
      5420.75       1.0583512    0.0016311025
      5426.17       1.0551518    0.0016311704
      5431.60       1.0525973    0.0016313092
      5437.03       1.0508644    0.0016320427
      5442.47       1.0480163    0.0016334881
      5447.91       1.0452173    0.0016350272
      5453.36       1.0434172    0.0016368562
      5458.81       1.0412045    0.0016396052
      5464.27       1.0388834    0.0016442033
      5469.73       1.0370097    0.0016283637
      5475.20       1.0347303    0.0016377838
      5480.68       1.0338186    0.0016512778
      5486.16       1.0328823    0.0016694779
      5491.65       1.0312892    0.0016926927
      5497.14       1.0301098    0.0017344939
      5502.64       1.0303299    0.0017672783
      5508.14       1.0306771    0.0018043281
      5513.65       1.0308886    0.0018446640
      5519.16       1.0312663    0.0018872984
      5524.68       1.0298338    0.0019321966
      5530.20       1.0282304    0.0019433584
      5535.73       1.0281232    0.0019895675
      5541.27       1.0271639    0.0020328993
      5546.81       1.0228525    0.0020822727
      5552.36       1.0212272    0.0021393872
      5557.91       1.0195242    0.0022043226
      5563.47       1.0151850    0.0022776266
      5569.04       1.0119820    0.0023587722
      5574.60       1.0086160    0.0024459427
      5580.18       1.0061486    0.0025358403
      5585.76       1.0036441    0.0026241850
      5591.35       1.0026827    0.0027056149
      5596.94      0.99877343    0.0027752212
      5602.53      0.99348064    0.0028296991
      5608.14      0.99144265    0.0028156857
      5613.75      0.98978414    0.0028439202
      5619.36      0.98903267    0.0028627241
      5624.98      0.98901406    0.0028788382
      5630.60      0.98983422    0.0029024475
      5636.23      0.99186192    0.0029413997
      5641.87      0.99336289    0.0029772469
      5647.51      0.99325432    0.0030019866
      5653.16      0.99501638    0.0030358431
      5658.82      0.99695875    0.0030761748
      5664.47      0.99737424    0.0031161628
      5670.14      0.99663563    0.0031574496
      5675.81      0.99558573    0.0032013728
      5681.48      0.99502722    0.0032482770
      5687.17      0.99457136    0.0032976960
      5692.85      0.99247773    0.0033487155
      5698.55      0.99032504    0.0033998243
      5704.25      0.98500521    0.0034499075
      5709.95      0.98091408    0.0034986885
      5715.66      0.98016288    0.0035457850
      5721.38      0.97694938    0.0035927874
      5727.10      0.97382524    0.0036410543
      5732.83      0.97131467    0.0036903063
      5738.56      0.96839734    0.0037393554
      5744.30      0.96410776    0.0037879934
      5750.04      0.96013706    0.0038371328
      5755.79      0.95716135    0.0038869885
      5761.55      0.95516287    0.0039375258
      5767.31      0.95013272    0.0039892648
      5773.08      0.94499265    0.0040431869
      5778.85      0.93809628    0.0040986311
      5784.63      0.93248618    0.0041551225
      5790.41      0.92962476    0.0042138145
      5796.21      0.92876677    0.0042769043
      5802.00      0.92528308    0.0043475493
      5807.81      0.91995006    0.0044275815
      5813.61      0.91367564    0.0045192257
      5819.43      0.91018163    0.0046212565
      5825.25      0.91090552    0.0046945018
      5831.07      0.90893754    0.0047950968
      5836.90      0.90197047    0.0048873983
      5842.74      0.89586884    0.0049702569
      5848.58      0.89148307    0.0050433134
      5854.43      0.88751415    0.0051068450
      5860.29      0.88164173    0.0051602656
      5866.15      0.87385594    0.0052056662
      5872.01      0.86731700    0.0052498165
      5877.89      0.85757334    0.0052985364
      5883.76      0.84931844    0.0053565472
      5889.65      0.84370577    0.0054203451
      5895.54      0.84365050    0.0054856371
      5901.43      0.84525835    0.0055481651
      5907.34      0.84006403    0.0055482981
      5913.24      0.83289329    0.0055898259
      5919.16      0.82763484    0.0056213711
      5925.08      0.82612154    0.0056520733
      5931.00      0.82826633    0.0056868841
      5936.93      0.83295568    0.0057230599
      5942.87      0.83358089    0.0058355393
      5948.81      0.83205273    0.0058598724
      5954.76      0.83327778    0.0058845731
      5960.72      0.83131846    0.0059117340
      5966.68      0.82520516    0.0058832824
      5972.64      0.82130146    0.0059160175
      5978.62      0.81689758    0.0059507134
      5984.60      0.81412743    0.0059909934
      5990.58      0.81332780    0.0060339140
      5996.57      0.81435131    0.0060788103
      6002.57      0.81536729    0.0061233429
      6008.57      0.81327362    0.0061667256
      6014.58      0.81076483    0.0062106611
      6020.60      0.80525653    0.0061983495
      6026.62      0.80111411    0.0063350254
      6032.65      0.79830719    0.0063828938
      6038.68      0.79521664    0.0064319066
      6044.72      0.79239483    0.0064816976
      6050.76      0.79228281    0.0065317528
      6056.81      0.79209498    0.0065829565
      6062.87      0.79106462    0.0065740725
      6068.93      0.78795721    0.0066267061
      6075.00      0.78219401    0.0066796921
      6081.08      0.77905551    0.0067334353
      6087.16      0.78146353    0.0068822163
      6093.25      0.77823257    0.0069351970
      6099.34      0.77287009    0.0069886512
      6105.44      0.76750173    0.0069838711
      6111.54      0.76247456    0.0070686660
      6117.66      0.75682594    0.0071868244
      6123.78      0.75300605    0.0073045871
      6129.90      0.75109047    0.0073700268
      6136.03      0.74562407    0.0074061658
      6142.17      0.73575388    0.0076070403
      6148.31      0.73225846    0.0078544101
      6154.46      0.73257015    0.0081982050
      6160.61      0.73700079    0.0086401017
      6166.77      0.74012820    0.0091705891
      6172.94      0.73848499    0.0098367541
      6179.11      0.73343686     0.010446451
      6185.29      0.72847934     0.011350854
      6191.48      0.72275342     0.011833355
      6197.67      0.73003397     0.012101688
      6203.87      0.73814954     0.012104536
      6210.07      0.74229368     0.011535683
      6216.28      0.73798554     0.011098737
      6222.50      0.73003508     0.010594635
      6228.72      0.73478948     0.010146397
      6234.95      0.74687827    0.0097532000
      6241.19      0.75685471    0.0092944222
      6247.42      0.75489267    0.0090462627
      6253.67      0.75305124    0.0088590430
      6259.93      0.75333218    0.0087717742
      6266.19      0.75802986    0.0087343242
      6272.46      0.75649245    0.0086960382
      6278.73      0.75369629    0.0086717715
      6285.01      0.74931072    0.0086654400
      6291.29      0.74371814    0.0086761613
      6297.58      0.73682453    0.0086167610
      6303.88      0.72747644    0.0087625897
      6310.19      0.72224702    0.0088029245
      6316.50      0.72059866    0.0088474569
      6322.81      0.71896761    0.0088120991
      6329.14      0.71539663    0.0088619883
      6335.47      0.70836313    0.0090282337
      6341.80      0.70691370    0.0090767575
      6348.14      0.71070666    0.0091263415
      6354.49      0.71144487    0.0090926796
      6360.85      0.70549745    0.0091448013
      6367.21      0.69809882    0.0093125005
      6373.57      0.69999428    0.0093631040
      6379.95      0.70471058    0.0093295502
      6386.33      0.70628240    0.0093849848
      6392.72      0.70578854    0.0094427065
      6399.11      0.70719374    0.0095302214
      6405.51      0.70873611    0.0095877806
      6411.92      0.70954162    0.0096453692
      6418.32      0.70795699    0.0097011016
      6424.74      0.70543881    0.0097795351
      6431.17      0.70926274    0.0098282374
      6437.60      0.71479453    0.0098777414
      6444.04      0.71950970    0.0099284125
      6450.48      0.71797684     0.010001906
      6456.94      0.71604401     0.010048211
      6463.39      0.71503759     0.010096820
      6469.85      0.71371761     0.010048219
      6476.33      0.71168466     0.010095998
      6482.80      0.71049560     0.010275339
      6489.28      0.71479922     0.010326549
      6495.77      0.71618228     0.010275110
      6502.27      0.71384200     0.010321227
      6508.77      0.71089466     0.010498776
      6515.28      0.71230224     0.010441727
      6521.80      0.71329695     0.010482942
      6528.32      0.71231285     0.010527388
      6534.85      0.71055833     0.010605846
      6541.38      0.71090123     0.010644450
      6547.92      0.71544135     0.010688044
      6554.47      0.70151626    0.0054624878
      6561.03      0.69804813    0.0054697195
      6567.59      0.69430353    0.0054933560
      6574.16      0.69256270    0.0055075141
      6580.73      0.69236012    0.0055567496
      6587.31      0.69141307    0.0055853218
      6593.90      0.69038505    0.0056060633
      6600.50      0.68891953    0.0056369747
      6607.10      0.68747649    0.0056580940
      6613.70      0.68557779    0.0057151311
      6620.32      0.68321913    0.0057481796
      6626.94      0.67995926    0.0057711837
      6633.57      0.67786843    0.0058050997
      6640.20      0.67536287    0.0058539499
      6646.84      0.67294845    0.0058882681
      6653.49      0.67061856    0.0059226981
      6660.14      0.66868184    0.0059487530
      6666.80      0.66545032    0.0059822941
      6673.47      0.65968679    0.0060298217
      6680.14      0.65556425    0.0060620825
      6686.82      0.65234093    0.0060812549
      6693.51      0.65067951    0.0061116670
      6700.20      0.64846187    0.0061665403
      6706.90      0.64536400    0.0061821414
      6713.61      0.64248238    0.0062099270
      6720.32      0.63946454    0.0062251760
      6727.05      0.63575634    0.0062739659
      6733.77      0.63105432    0.0062862786
      6740.51      0.62689835    0.0063092141
      6747.25      0.62359432    0.0063391764
      6754.00      0.62172992    0.0063592649
      6760.75      0.62043248    0.0063785677
      6767.51      0.62078415    0.0063815318
      6774.28      0.61840857    0.0064200920
      6781.05      0.61200947    0.0064194786
      6787.84      0.60709153    0.0064335620
      6794.62      0.60388606    0.0064302479
      6801.42      0.60087656    0.0064620091
      6808.22      0.59654093    0.0064461722
      6815.03      0.59113461    0.0064539734
      6821.85      0.58433231    0.0064684626
      6828.67      0.57900398    0.0064755458
      6835.50      0.57629319    0.0064695382
      6842.33      0.57523305    0.0064765954
      6849.17      0.57544522    0.0064898862
      6856.02      0.57309205    0.0064970069
      6862.88      0.56988495    0.0064880882
      6869.74      0.56792201    0.0065188008
      6876.61      0.56391058    0.0065107770
      6883.49      0.56123486    0.0065184786
      6890.37      0.55870962    0.0065315499
      6897.27      0.55504034    0.0065364695
      6904.16      0.55148155    0.0065266654
      6911.07      0.54767895    0.0065457732
      6917.98      0.54355096    0.0065326505
      6924.89      0.53989417    0.0065333495
      6931.82      0.53586011    0.0065378259
      6938.75      0.53259328    0.0065394734
      6945.69      0.53014631    0.0065272855
      6952.64      0.52771661    0.0065537361
      6959.59      0.52341778    0.0065446512
      6966.55      0.51929976    0.0065463687
      6973.52      0.51527503    0.0065487548
      6980.49      0.51235242    0.0065519747
      6987.47      0.50979376    0.0065464136
      6994.46      0.50618803    0.0065618799
      7001.46      0.50191923    0.0065718092
      7008.46      0.49736943    0.0065696524
      7015.46      0.49396707    0.0065999057
      7022.48      0.49350232    0.0065983109
      7029.51      0.49202935    0.0066110464
      7036.53      0.48932583    0.0066350112
      7043.57      0.48682509    0.0066488060
      7050.62      0.48440401    0.0066747934
      7057.66      0.48281420    0.0066777877
      7064.72      0.47994219    0.0066951199
      7071.79      0.47578615    0.0067301457
      7078.86      0.47418541    0.0067566313
      7085.94      0.47304673    0.0067764189
      7093.03      0.47116540    0.0067459694
      7100.12      0.46875391    0.0067065471
      7107.22      0.46704520    0.0067271575
      7114.33      0.46854005    0.0067407018
      7121.44      0.46985776    0.0067673000
      7128.56      0.46860545    0.0068308668
      7135.69      0.46614840    0.0068770486
      7142.83      0.46279502    0.0069427629
      7149.97      0.46052421    0.0069945941
      7157.12      0.45858708    0.0070505467
      7164.28      0.45707983    0.0071345143
      7171.44      0.45560937    0.0071219171
      7178.62      0.45350545    0.0070267511
      7185.80      0.45127499    0.0069933752
      7192.98      0.44915249    0.0069406162
      7200.17      0.44816960    0.0069272731
      7207.38      0.44642832    0.0069397241
      7214.58      0.44449932    0.0069565180
      7221.80      0.44404916    0.0069845108
      7229.02      0.44596354    0.0070057478
      7236.25      0.45041471    0.0070493256
      7243.49      0.45223737    0.0070904431
      7250.73      0.45374849    0.0071458567
      7257.98      0.45442619    0.0071843126
      7265.24      0.45515816    0.0072638586
      7272.51      0.45542347    0.0073109351
      7279.78      0.45594162    0.0073905216
      7287.06      0.45697210    0.0074556223
      7294.35      0.45841271    0.0075221649
      7301.64      0.46084825    0.0076129825
      7308.94      0.46194236    0.0076794581
      7316.25      0.46320098    0.0077631294
      7323.57      0.46109286    0.0078250891
      7330.89      0.45363470    0.0079018655
      7338.22      0.44670326    0.0079310600
      7345.56      0.44845662    0.0079978702
      7352.91      0.44910353    0.0080056310
      7360.26      0.44770423    0.0080531622
      7367.62      0.44450768    0.0080847941
      7374.99      0.44207926    0.0081616265
      7382.37      0.44357130    0.0082003726
      7389.75      0.44793112    0.0082597763
      7397.14      0.44992868    0.0083055925
      7404.53      0.44989565    0.0083259453
      7411.94      0.44716493    0.0083725422
      7419.35      0.44368445    0.0084109793
      7426.77      0.44035510    0.0084572454
      7434.20      0.44055515    0.0084852186
      7441.63      0.44020168    0.0085402028
      7449.07      0.44057181    0.0085511294
      7456.52      0.44091202    0.0085925355
      7463.98      0.43931731    0.0085982752
      7471.45      0.43753353    0.0086478403
      7478.92      0.43351315    0.0086849483
      7486.40      0.42960267    0.0086848942
      7493.88      0.42872938    0.0087277700
      7501.38      0.42881691    0.0087289373
      7508.88      0.42911228    0.0087565672
      7516.39      0.42720178    0.0087505522
      7523.91      0.42337990    0.0087878842
      7531.43      0.41878164    0.0087804612
      7538.96      0.41521956    0.0088032655
      7546.50      0.41189595    0.0087959527
      7554.05      0.40935520    0.0088297744
      7561.60      0.40664159    0.0088196048
      7569.16      0.40306615    0.0088333141
      7576.73      0.40168392    0.0088141010
      7584.31      0.40415923    0.0088412379
      7591.89      0.40690522    0.0088159342
      7599.49      0.40608299    0.0088149961
      7607.09      0.39998028    0.0088097570
      7614.70      0.39715271    0.0087936835
      7622.31      0.39594499    0.0087776115
      7629.93      0.39489073    0.0087389543
      7637.56      0.39072142    0.0087144963
      7645.20      0.38598568    0.0086614311
      7652.85      0.38268920    0.0086723220
      7660.50      0.38306290    0.0086634462
      7668.16      0.37953987    0.0086188246
      7675.83      0.37461757    0.0086119080
      7683.50      0.37047236    0.0085674321
      7691.19      0.36609812    0.0085977972
      7698.88      0.35967510    0.0085593040
      7706.58      0.35413265    0.0085847072
      7714.29      0.35499068    0.0084989261
      7722.00      0.36007427    0.0083516353
      7729.73      0.36139083    0.0082513541
      7737.45      0.36162981    0.0081149254
      7745.19      0.35953751    0.0079800392
      7752.94      0.35618530    0.0078534303
      7760.69      0.35621389    0.0077259121
      7768.45      0.35718575    0.0076512325
      7776.22      0.35953619    0.0075330739
      7784.00      0.36359136    0.0074207435
      7791.78      0.36553249    0.0073083172
      7799.57      0.36709073    0.0071990749
      7807.37      0.36969318    0.0070870278
      7815.18      0.37439799    0.0069756794
      7822.99      0.37768883    0.0069018601
      7830.82      0.38098891    0.0067925992
      7838.65      0.38033460    0.0066819007
      7846.49      0.37799734    0.0065775388
      7854.34      0.37781666    0.0064761349
      7862.19      0.38062347    0.0063795819
      7870.05      0.38370404    0.0062824837
      7877.93      0.38580175    0.0062172972
      7885.80      0.38877637    0.0061254512
      7893.69      0.38890013    0.0060325976
      7901.58      0.38673741    0.0059403806
      7909.49      0.38384416    0.0058475999
      7917.40      0.38505328    0.0057577509
      7925.31      0.38567348    0.0056699662
      7933.24      0.38429922    0.0055857883
      7941.17      0.38383526    0.0055267639
      7949.11      0.38593256    0.0054442881
      7957.06      0.38868818    0.0053662305
      7965.02      0.38985253    0.0052894169
      7972.98      0.38988419    0.0052142782
      7980.96      0.38844368    0.0051381205
      7988.94      0.39063755    0.0050646622
      7996.93      0.39221398    0.0049919094
      8004.93      0.39084843    0.0049195456
      8012.93      0.38809353    0.0048482799
      8020.95      0.38576970    0.0048018183
      8028.97      0.38342226    0.0047313475
      8036.99      0.38285906    0.0046619397
      8045.03      0.38518329    0.0045925715
      8053.08      0.38632475    0.0044908731
      8061.13      0.38574079    0.0044930209
      8069.20      0.38508080    0.0044970408
      8077.26      0.38436570    0.0045051488
      8085.34      0.38357864    0.0045142846
      8093.43      0.38252902    0.0045223396
      8101.52      0.38181339    0.0045378499
      8109.62      0.38144641    0.0045489796
      8117.73      0.38079227    0.0045673655
      8125.85      0.37936034    0.0045920141
      8133.98      0.37731136    0.0046071086
      8142.11      0.37557439    0.0046352948
      8150.25      0.37392851    0.0046731682
      8158.41      0.37279024    0.0046948409
      8166.56      0.37226543    0.0047425268
      8174.73      0.37159856    0.0047908242
      8182.91      0.37139198    0.0048214952
      8191.09      0.37014674    0.0048923294
      8199.28      0.36857193    0.0049361350
      8207.48      0.36657127    0.0050178339
      8215.69      0.36338714    0.0051312785
      8223.91      0.35966637    0.0052019500
      8232.13      0.35689656    0.0053488775
      8240.36      0.35494720    0.0054381536
      8248.60      0.35206435    0.0055925956
      8256.85      0.34867400    0.0057988846
      8265.11      0.34575794    0.0059252183
      8273.37      0.34393166    0.0061895537
      8281.65      0.34182045    0.0064500940
      8289.93      0.33920646    0.0066452033
      8298.22      0.33637230    0.0070237233
      8306.52      0.33410227    0.0072805409
      8314.83      0.33190431    0.0077717385
      8323.14      0.32992073    0.0082399979
      8331.46      0.32795835    0.0086276720
      8339.80      0.32531865    0.0093245728
      8348.13      0.32205818    0.0098330764
      8356.48      0.31965805     0.010718023
      8364.84      0.31798216     0.011546446
