# starting wavelength =        2927.1500
# ending wavelength =        7437.0300
# O2 telluric scale =        0
# O2 telluric shift =        0
# H2O telluric scale =        0
# H2O telluric shift =        0
      2928.57       2.4638794     0.045396674
      2931.50       2.5351851     0.038445019
      2934.43       2.6081795     0.033009855
      2937.36       2.6802730     0.029833444
      2940.30       2.7506996     0.026287943
      2943.24       2.8163360     0.023523177
      2946.18       2.8762642     0.021381619
      2949.13       2.9246832     0.019707356
      2952.08       2.9732807     0.018118046
      2955.03       3.0133454     0.017171726
      2957.99       3.0529043     0.016414134
      2960.94       3.0874346     0.015801565
      2963.90       3.1239431     0.015295032
      2966.87       3.1628546     0.015004416
      2969.84       3.2015231     0.014629069
      2972.81       3.2374393     0.014303680
      2975.78       3.2715215     0.014018031
      2978.76       3.3012808     0.013764061
      2981.73       3.3279344     0.013536389
      2984.72       3.3430586     0.013604199
      2987.70       3.3631232     0.013571950
      2990.69       3.3812799     0.013539977
      2993.68       3.3999203     0.013508097
      2996.67       3.4170538     0.013476424
      2999.67       3.4300864     0.013444798
      3002.67       3.4325495     0.013514321
      3005.67       3.4306950     0.013482724
      3008.68       3.4402120     0.013451330
      3011.69       3.4435443     0.013420107
      3014.70       3.4484776     0.013388918
      3017.71       3.4488233     0.013357785
      3020.73       3.4514017     0.013428828
      3023.75       3.4339329     0.013396922
      3026.78       3.4152233     0.013365068
      3029.80       3.3955810     0.013333263
      3032.83       3.3782280     0.013301646
      3035.87       3.3668921     0.013270037
      3038.90       3.3555890     0.013238499
      3041.94       3.3416363     0.013309127
      3044.98       3.3219342     0.013277698
      3048.03       3.3007400     0.013246450
      3051.08       3.2780490     0.013214987
      3054.13       3.2572942     0.013183704
      3057.18       3.2373402     0.013152582
      3060.24       3.2184877     0.013214189
      3063.30       3.2016275     0.013287405
      3066.36       3.1859088     0.013255905
      3069.43       3.1713250     0.013224794
      3072.50       3.1579967     0.013193314
      3075.57       3.1425461     0.013161988
      3078.65       3.1246484     0.013130831
      3081.73       3.1067995     0.013099842
      3084.81       3.0852602     0.013068615
      3087.89       3.0649960     0.013145855
      3090.98       3.0461843     0.013114482
      3094.07       3.0269052     0.013083046
      3097.17       3.0067671     0.013051597
      3100.26       2.9872458     0.013114639
      3103.36       2.9632905     0.013083318
      3106.47       2.9453035     0.013052104
      3109.58       2.9370776     0.013020991
      3112.68       2.9193011     0.012989838
      3115.80       2.9035975     0.013068471
      3118.91       2.8872093     0.013037201
      3122.03       2.8745439     0.013006077
      3125.15       2.8626732     0.012974916
      3128.28       2.8542526     0.013040593
      3131.41       2.8492401     0.013009226
      3134.54       2.8460154     0.012977789
      3137.67       2.8415530     0.012946342
      3140.81       2.8439100     0.012915031
      3143.95       2.8484463     0.012883851
      3147.10       2.8558103     0.012966855
      3150.24       2.8634773     0.012935985
      3153.39       2.8731400     0.013002234
      3156.55       2.8767084     0.012970838
      3159.70       2.8742970     0.012939603
      3162.86       2.8755148     0.012908114
      3166.03       2.8778944     0.012876825
      3169.19       2.8777108     0.012845743
      3172.36       2.8773822     0.012814402
      3175.54       2.8777035     0.012887230
      3178.71       2.8833154     0.012856085
      3181.89       2.8817190     0.012824967
      3185.07       2.8910729     0.012793780
      3188.26       2.8889164     0.012876421
      3191.45       2.8923602     0.012845441
      3194.64       2.8985728     0.012922504
      3197.83       2.9027979     0.012891229
      3201.03       2.9137499     0.012860263
      3204.23       2.9179033     0.012829608
      3207.44       2.9232205     0.012798921
      3210.64       2.9309610     0.012768235
      3213.85       2.9287535     0.012843936
      3217.07       2.9245584     0.012812001
      3220.28       2.9286825     0.012780310
      3223.51       2.9320040     0.012748677
      3226.73       2.9338079     0.012717127
      3229.96       2.9343383     0.012797324
      3233.19       2.9348167     0.012765815
      3236.42       2.9298374     0.012734438
      3239.66       2.9284679     0.012703391
      3242.90       2.9227518     0.012672634
      3246.14       2.9266313     0.012757259
      3249.39       2.9313228     0.012847799
      3252.64       2.9335997     0.012817205
      3255.89       2.9341384     0.012787029
      3259.14       2.9438271     0.012757054
      3262.40       2.9521581     0.012836629
      3265.67       2.9550830     0.012804680
      3268.93       2.9602464     0.012773194
      3272.20       2.9551418     0.012741506
      3275.47       2.9522611     0.012831443
      3278.75       2.9502840     0.012800489
      3282.03       2.9490495     0.012769695
      3285.31       2.9430198     0.012739112
      3288.60       2.9353965     0.012827202
      3291.88       2.9241771     0.012794512
      3295.18       2.9111774     0.012761754
      3298.47       2.8995531     0.012729635
      3301.77       2.8855982     0.012698187
      3305.07       2.8615701     0.012793308
      3308.38       2.8491427     0.012762227
      3311.69       2.8348731     0.012731917
      3315.00       2.8229752     0.012826243
      3318.31       2.8075042     0.012792949
      3321.63       2.8015096     0.012759982
      3324.95       2.7933325     0.012727548
      3328.28       2.7735039     0.012828417
      3331.61       2.7602436     0.012797214
      3334.94       2.7433243     0.012766334
      3338.27       2.7291900     0.012736070
      3341.61       2.7060925     0.012833292
      3344.95       2.6983720     0.012799675
      3348.30       2.6878126     0.012766811
      3351.65       2.6780687     0.012874272
      3355.00       2.6636569     0.012843119
      3358.35       2.6613402     0.012812343
      3361.71       2.6447978     0.012782744
      3365.07       2.6298308     0.012884500
      3368.44       2.6253850     0.012850892
      3371.81       2.6039298     0.012818041
      3375.18       2.5939888     0.012933665
      3378.56       2.5795030     0.012902796
      3381.94       2.5665224     0.012716614
      3385.32       2.5549700     0.012682154
      3388.70       2.5490771     0.012649060
      3392.09       2.5400814     0.012762287
      3395.48       2.5334956     0.012730897
      3398.88       2.5256361     0.012550684
      3402.28       2.5158354     0.012516308
      3405.68       2.5096823     0.012482649
      3409.09       2.5027074     0.012450537
      3412.49       2.5030508     0.012562746
      3415.91       2.5033863     0.012386436
      3419.32       2.4904358     0.012351451
      3422.74       2.4830267     0.012318131
      3426.17       2.4732071     0.012285902
      3429.59       2.4573899     0.012116730
      3433.02       2.4525352     0.012221854
      3436.45       2.4401529     0.012187407
      3439.89       2.4343787     0.012153937
      3443.33       2.4325523     0.012122291
      3446.78       2.4303478     0.011956210
      3450.22       2.4401257     0.012058335
      3453.67       2.4480274     0.012024312
      3457.13       2.4543079     0.011992182
      3460.58       2.4572676     0.011827162
      3464.04       2.4539598     0.011798355
      3467.51       2.4544590     0.011896306
      3470.98       2.4483145     0.011863724
      3474.45       2.4492258     0.011698901
      3477.92       2.4456682     0.011669912
      3481.40       2.4484801     0.011642887
      3484.88       2.4364464     0.011735799
      3488.37       2.4423040     0.011572148
      3491.86       2.4372119     0.011543348
      3495.35       2.4319248     0.011516630
      3498.84       2.4305974     0.011608889
      3502.34       2.4315692     0.011447083
      3505.84       2.4245255     0.011418698
      3509.35       2.4215990     0.011390840
      3512.86       2.4184772     0.011230363
      3516.37       2.4268193     0.011323313
      3519.89       2.4236952     0.011295093
      3523.41       2.4191697     0.011268741
      3526.93       2.4124966     0.011108015
      3530.46       2.4093136     0.011200303
      3533.99       2.4071610     0.011172635
      3537.53       2.4001506     0.011017320
      3541.06       2.3980490     0.010987063
      3544.60       2.3847756     0.011078663
      3548.15       2.3795888     0.011052326
      3551.70       2.3650152     0.010896768
      3555.25       2.3595729     0.010867538
      3558.80       2.3407701     0.010959041
      3562.36       2.3240879     0.010807639
      3565.92       2.3033629     0.010777663
      3569.49       2.2914635     0.010749572
      3573.06       2.2714520     0.010719112
      3576.64       2.2619463     0.010688138
      3580.21       2.2539406     0.010659600
      3583.79       2.2499739     0.010631352
      3587.38       2.2473192     0.010599740
      3590.96       2.2455322     0.010570658
      3594.55       2.2413521     0.010429724
      3598.15       2.2490373     0.010512167
      3601.75       2.2533411     0.010482683
      3605.35       2.2538418     0.010342429
      3608.96       2.2508618     0.010425204
      3612.56       2.2437729     0.010395718
      3616.18       2.2346072     0.010256088
      3619.79       2.2331369     0.010232156
      3623.41       2.2312767     0.010309015
      3627.04       2.2208157     0.010170248
      3630.66       2.2135342     0.010146349
      3634.29       2.2040781     0.010222545
      3637.93       2.2006022     0.010085209
      3641.57       2.1921573     0.010061631
      3645.21       2.1898056     0.010026908
      3648.86       2.1824319     0.010001068
      3652.50       2.1769202    0.0099779877
      3656.16       2.1706996    0.0099434881
      3659.81       2.1652453    0.0099179660
      3663.47       2.1579195    0.0098953669
      3667.14       2.1579112    0.0098601860
      3670.80       2.1538905    0.0098353879
      3674.48       2.1439907    0.0097031159
      3678.15       2.1338148    0.0097774498
      3681.83       2.1232637    0.0097534776
      3685.51       2.1141877    0.0096213104
      3689.20       2.1125177    0.0096958145
      3692.88       2.1062013    0.0096732837
      3696.58       2.1071291    0.0095404927
      3700.27       2.1039729    0.0096153138
      3703.98       2.1008729    0.0094867743
      3707.68       2.0977469    0.0094605257
      3711.39       2.1004860    0.0095359165
      3715.10       2.1019189    0.0094064398
      3718.81       2.0948246    0.0093816719
      3722.53       2.0884320    0.0093536559
      3726.26       2.0799699    0.0093271353
      3729.98       2.0721252    0.0093023602
      3733.71       2.0591502    0.0092740934
      3737.45       2.0523278    0.0092494266
      3741.18       2.0440104    0.0092224159
      3744.93       2.0334278    0.0091960139
      3748.67       2.0236687    0.0090777749
      3752.42       2.0191233    0.0091436800
      3756.17       2.0202533    0.0090244013
      3759.93       2.0234816    0.0090921334
      3763.69       2.0288400    0.0090664478
      3767.45       2.0330671    0.0089505292
      3771.22       2.0297295    0.0090146653
      3774.99       2.0310474    0.0088978818
      3778.77       2.0331956    0.0089635630
      3782.54       2.0380937    0.0088462377
      3786.33       2.0405364    0.0088261677
      3790.11       2.0394067    0.0087952516
      3793.90       2.0392882    0.0087743056
      3797.70       2.0307225    0.0087448828
      3801.50       2.0264760    0.0087230522
      3805.30       2.0154515    0.0087866768
      3809.10       2.0103931    0.0086721577
      3812.91       2.0041792    0.0086533199
      3816.73       1.9966113    0.0086222053
      3820.54       1.9938717    0.0086025197
      3824.36       1.9889932    0.0085726535
      3828.19       1.9875051    0.0085525123
      3832.02       1.9879665    0.0085234904
      3835.85       1.9803714    0.0085029504
      3839.68       1.9776707    0.0083910860
      3843.52       1.9742129    0.0084540114
      3847.37       1.9774312    0.0083433573
      3851.22       1.9784489    0.0084053300
      3855.07       1.9828913    0.0082958304
      3858.92       1.9875201    0.0083570727
      3862.78       1.9872534    0.0082486948
      3866.64       1.9870452    0.0083090149
      3870.51       1.9846636    0.0082016386
      3874.38       1.9893639    0.0081800118
      3878.26       1.9853922    0.0081550629
      3882.13       1.9883991    0.0081332403
      3886.02       1.9883183    0.0081088445
      3889.90       1.9875168    0.0080870507
      3893.79       1.9896440    0.0080628317
      3897.69       1.9839069    0.0080412803
      3901.59       1.9840794    0.0080170736
      3905.49       1.9777678    0.0079957387
      3909.39       1.9629690    0.0079715782
      3913.30       1.9570069    0.0078705904
      3917.22       1.9518379    0.0079260579
      3921.13       1.9503165    0.0078262470
      3925.06       1.9454103    0.0078810001
      3928.98       1.9399636    0.0077820289
      3932.91       1.9262597    0.0078364365
      3936.84       1.9173553    0.0077383576
      3940.78       1.9114660    0.0077921293
      3944.72       1.9021596    0.0076954244
      3948.67       1.8968495    0.0076705083
      3952.61       1.8930619    0.0076527086
      3956.57       1.8956231    0.0076274749
      3960.52       1.8959400    0.0076103496
      3964.48       1.8991164    0.0075847130
      3968.45       1.9016936    0.0075685729
      3972.42       1.8995235    0.0075422362
      3976.39       1.8998751    0.0074479961
      3980.37       1.8974198    0.0075005625
      3984.35       1.9001612    0.0074060544
      3988.33       1.9029932    0.0074595991
      3992.32       1.9049968    0.0074355557
      3996.31       1.9063436    0.0074190674
      4000.31       1.9015604    0.0073943504
      4004.31       1.9005455    0.0073022795
      4008.31       1.8873420    0.0073536130
      4012.32       1.8806641    0.0072614206
      4016.33       1.8714238    0.0073136303
      4020.35       1.8612961    0.0072208696
      4024.37       1.8506632    0.0072003254
      4028.40       1.8438382    0.0072502339
      4032.42       1.8358022    0.0071597828
      4036.46       1.8237538    0.0071409686
      4040.50       1.8128559    0.0071202050
      4044.54       1.8051977    0.0071002147
      4048.58       1.7911199    0.0070814374
      4052.63       1.7814978    0.0070603266
      4056.68       1.7725522    0.0070417210
      4060.74       1.7594188    0.0070213914
      4064.80       1.7473080    0.0070015637
      4068.86       1.7400579    0.0069159257
      4072.93       1.7276254    0.0069625644
      4077.01       1.7142278    0.0068793233
      4081.08       1.7033112    0.0069245884
      4085.17       1.6844784    0.0069049272
      4089.25       1.6736066    0.0068212575
      4093.34       1.6655494    0.0068669601
      4097.43       1.6561206    0.0067859726
      4101.53       1.6406208    0.0067642602
      4105.63       1.6288689    0.0068101298
      4109.74       1.6137651    0.0067290806
      4113.85       1.5979668    0.0067079339
      4117.96       1.5845525    0.0067539502
      4122.08       1.5710411    0.0066730697
      4126.20       1.5575570    0.0066527664
      4130.33       1.5447559    0.0066398968
      4134.46       1.5303740    0.0066182864
      4138.59       1.5158165    0.0065982957
      4142.73       1.5037233    0.0065196684
      4146.88       1.4935584    0.0065641061
      4151.02       1.4742376    0.0065446543
      4155.18       1.4653653    0.0064665731
      4159.33       1.4551119    0.0065108163
      4163.49       1.4445449    0.0064320536
      4167.65       1.4386566    0.0064141743
      4171.82       1.4338710    0.0064583491
      4175.99       1.4301264    0.0063803105
      4180.17       1.4249047    0.0063625667
      4184.35       1.4263951    0.0063460630
      4188.54       1.4241003    0.0063294085
      4192.72       1.4276603    0.0063115579
      4196.92       1.4302499    0.0062950384
      4201.11       1.4296632    0.0062790926
      4205.31       1.4332096    0.0062612189
      4209.52       1.4369296    0.0062445923
      4213.73       1.4387879    0.0061718255
      4217.94       1.4413094    0.0062118308
      4222.16       1.4443114    0.0061949783
      4226.38       1.4467423    0.0061240678
      4230.61       1.4478942    0.0061061892
      4234.84       1.4505909    0.0061465239
      4239.08       1.4476669    0.0061303750
      4243.32       1.4479727    0.0060593274
      4247.56       1.4504370    0.0060421582
      4251.81       1.4537132    0.0060822519
      4256.06       1.4538664    0.0060133075
      4260.32       1.4509453    0.0059958859
      4264.58       1.4515544    0.0059793640
      4268.84       1.4492944    0.0060193670
      4273.11       1.4477394    0.0059510605
      4277.38       1.4427005    0.0059341350
      4281.66       1.4397718    0.0059180751
      4285.94       1.4417959    0.0058504860
      4290.23       1.4428044    0.0058904429
      4294.52       1.4428289    0.0058739151
      4298.81       1.4443909    0.0058580198
      4303.11       1.4479581    0.0057911581
      4307.42       1.4504718    0.0058311312
      4311.72       1.4546434    0.0058149235
      4316.04       1.4582222    0.0057992596
      4320.35       1.4615530    0.0057331316
      4324.67       1.4661721    0.0057188816
      4329.00       1.4743237    0.0057575934
      4333.33       1.4779876    0.0057421478
      4337.66       1.4789984    0.0056765431
      4342.00       1.4813142    0.0056622917
      4346.34       1.4836290    0.0056485284
      4350.69       1.4809441    0.0056352903
      4355.04       1.4758912    0.0056212689
      4359.39       1.4722486    0.0056069986
      4363.75       1.4656814    0.0055931349
      4368.12       1.4617172    0.0055798985
      4372.48       1.4559897    0.0055180807
      4376.86       1.4519597    0.0055039201
      4381.23       1.4506945    0.0055396285
      4385.61       1.4496104    0.0055261556
      4390.00       1.4477635    0.0055131264
      4394.39       1.4498650    0.0054527988
      4398.79       1.4504098    0.0054389367
      4403.18       1.4517913    0.0054254947
      4407.59       1.4536205    0.0054609632
      4412.00       1.4623617    0.0054481684
      4416.41       1.4647111    0.0053898906
      4420.82       1.4699194    0.0053763253
      4425.25       1.4707767    0.0053631370
      4429.67       1.4658519    0.0053501544
      4434.10       1.4615983    0.0053375064
      4438.54       1.4521589    0.0053252062
      4442.97       1.4450862    0.0053163279
      4447.42       1.4347823    0.0053032816
      4451.86       1.4266009    0.0052903955
      4456.32       1.4137630    0.0052777922
      4460.77       1.4033409    0.0052656048
      4465.24       1.3927765    0.0052085286
      4469.70       1.3833434    0.0051967418
      4474.17       1.3739888    0.0051853097
      4478.65       1.3685399    0.0051739922
      4483.12       1.3630255    0.0051629172
      4487.61       1.3569966    0.0051970759
      4492.09       1.3531085    0.0051852797
      4496.59       1.3481509    0.0051292532
      4501.08       1.3417081    0.0051179215
      4505.58       1.3361573    0.0051067757
      4510.09       1.3252411    0.0050958383
      4514.60       1.3184589    0.0050851132
      4519.12       1.3171764    0.0050745689
      4523.63       1.3120198    0.0050640764
      4528.16       1.3071351    0.0050538397
      4532.69       1.3014144    0.0050004399
      4537.22       1.2964864    0.0049897259
      4541.76       1.2922343    0.0049792754
      4546.30       1.2883520    0.0049687821
      4550.85       1.2861974    0.0050014050
      4555.40       1.2913708    0.0049912393
      4559.95       1.2880710    0.0049811040
      4564.51       1.2866245    0.0049712293
      4569.08       1.2823087    0.0049613758
      4573.65       1.2819901    0.0049116311
      4578.22       1.2778918    0.0049016926
      4582.80       1.2727330    0.0048917116
      4587.38       1.2713150    0.0048819861
      4591.97       1.2696216    0.0048723006
      4596.56       1.2650558    0.0048627548
      4601.16       1.2635830    0.0048533456
      4605.76       1.2652088    0.0048439972
      4610.37       1.2598535    0.0048347822
      4614.98       1.2544854    0.0048256860
      4619.59       1.2469521    0.0048166092
      4624.21       1.2450585    0.0048077575
      4628.84       1.2404976    0.0047988284
      4633.47       1.2384207    0.0047900924
      4638.10       1.2364940    0.0047813773
      4642.74       1.2354986    0.0047329150
      4647.38       1.2267689    0.0047244965
      4652.03       1.2257102    0.0047161478
      4656.68       1.2253331    0.0047078947
      4661.34       1.2263326    0.0046997466
      4666.00       1.2257528    0.0046915607
      4670.67       1.2256427    0.0046836178
      4675.33       1.2283764    0.0046756145
      4680.01       1.2283870    0.0046677348
      4684.69       1.2291482    0.0046599253
      4689.38       1.2291873    0.0046522131
      4694.07       1.2311489    0.0046446084
      4698.76       1.2269204    0.0045989045
      4703.46       1.2271888    0.0045915560
      4708.16       1.2277302    0.0045842929
      4712.87       1.2270247    0.0045770734
      4717.58       1.2249888    0.0045701143
      4722.30       1.2276641    0.0045633577
      4727.03       1.2265451    0.0045570624
      4731.75       1.2345381    0.0045507530
      4736.48       1.2357067    0.0045442893
      4741.22       1.2390742    0.0045380489
      4745.96       1.2370234    0.0045324416
      4750.71       1.2353151    0.0045281198
      4755.46       1.2328349    0.0045252699
      4760.22       1.2322895    0.0045229841
      4764.97       1.2288238    0.0044836057
      4769.74       1.2261632    0.0044817447
      4774.51       1.2238963    0.0044802269
      4779.29       1.2157561    0.0044776214
      4784.07       1.2106626    0.0044737289
      4788.85       1.2074643    0.0044691002
      4793.64       1.2058535    0.0044639497
      4798.43       1.1996946    0.0044950838
      4803.23       1.1914592    0.0044886635
      4808.03       1.1904535    0.0044820792
      4812.84       1.1868324    0.0044394192
      4817.66       1.1829882    0.0044329838
      4822.48       1.1828870    0.0044265080
      4827.30       1.1742300    0.0044195142
      4832.12       1.1688146    0.0044121397
      4836.96       1.1637999    0.0044044380
      4841.79       1.1609139    0.0043970044
      4846.63       1.1555861    0.0043545989
      4851.48       1.1516611    0.0043470830
      4856.33       1.1497985    0.0043393261
      4861.19       1.1500500    0.0043323128
      4866.05       1.1518886    0.0043599947
      4870.92       1.1513192    0.0043531224
      4875.79       1.1529131    0.0043460403
      4880.66       1.1529619    0.0043054856
      4885.55       1.1504116    0.0043000334
      4890.43       1.1475423    0.0042951648
      4895.32       1.1488128    0.0042906296
      4900.22       1.1499290    0.0042864183
      4905.12       1.1483309    0.0042826297
      4910.02       1.1499231    0.0042772060
      4914.94       1.1506758    0.0042730478
      4919.85       1.1471133    0.0042691752
      4924.77       1.1451427    0.0042655733
      4929.70       1.1412256    0.0042622087
      4934.62       1.1387354    0.0042244830
      4939.56       1.1310834    0.0042207362
      4944.50       1.1253021    0.0042171704
      4949.44       1.1231071    0.0042476425
      4954.39       1.1210067    0.0042445852
      4959.35       1.1170826    0.0042079693
      4964.31       1.1115018    0.0042044301
      4969.27       1.1052047    0.0042011614
      4974.24       1.0988830    0.0041980959
      4979.22       1.0925214    0.0041967310
      4984.20       1.0848336    0.0041931747
      4989.18       1.0800933    0.0041899312
      4994.17       1.0741949    0.0041869877
      4999.16       1.0683554    0.0041525736
      5004.16       1.0656353    0.0041502958
      5009.17       1.0584664    0.0041800104
      5014.18       1.0504815    0.0041771521
      5019.19       1.0493652    0.0041430366
      5024.21       1.0457600    0.0041408960
      5029.23       1.0490494    0.0041390792
      5034.26       1.0451844    0.0041688741
      5039.30       1.0439671    0.0041369002
      5044.34       1.0444200    0.0041372323
      5049.39       1.0421976    0.0041359610
      5054.43       1.0407611    0.0041342620
      5059.49       1.0422082    0.0041343364
      5064.55       1.0393470    0.0041367801
      5069.61       1.0357424    0.0041416697
      5074.68       1.0289146    0.0041182287
      5079.76       1.0234155    0.0041586873
      5084.84       1.0188320    0.0041665772
      5089.92       1.0145686    0.0041740435
      5095.01       1.0109466    0.0041480837
      5100.11       1.0101862    0.0041841198
      5105.21       1.0062107    0.0041841258
      5110.31       1.0052583    0.0041481084
      5115.42       1.0075483    0.0041418113
      5120.54       1.0085948    0.0041660044
      5125.66       1.0105210    0.0041247271
      5130.79       1.0074215    0.0041164246
      5135.92       1.0056149    0.0041106217
      5141.05       1.0012358    0.0041082110
      5146.20      0.99661245    0.0041026073
      5151.34      0.99513300    0.0040972914
      5156.49      0.99489276    0.0040637092
      5161.65      0.99031201    0.0040913949
      5166.81      0.98818192    0.0040882673
      5171.98      0.98626774    0.0040560876
      5177.15      0.98544382    0.0040850346
      5182.33      0.98347578    0.0040828952
      5187.51      0.98640280    0.0040520855
      5192.70      0.98767564    0.0040519613
      5197.89      0.99353881    0.0040520533
      5203.09      0.99479928    0.0040521366
      5208.29      0.99672375    0.0040528474
      5213.50       1.0021367    0.0040536896
      5218.72       1.0031136    0.0040547840
      5223.93       1.0021899    0.0040571928
      5229.16      0.99994625    0.0040612065
      5234.39      0.99564950    0.0040654102
      5239.62      0.99133973    0.0040397780
      5244.86      0.99014158    0.0040739306
      5250.11      0.99031796    0.0040772000
      5255.36      0.99115562    0.0040499685
      5260.61      0.98872234    0.0040836237
      5265.87      0.98840935    0.0040552717
      5271.14      0.99027143    0.0040551946
      5276.41      0.99164857    0.0040569227
      5281.69      0.99259784    0.0040555917
      5286.97      0.99298699    0.0040549500
      5292.26      0.99425668    0.0040565303
      5297.55      0.99490687    0.0040565408
      5302.85      0.98996010    0.0040598382
      5308.15      0.98821248    0.0040594966
      5313.46      0.98662837    0.0040309240
      5318.77      0.98262263    0.0040607222
      5324.09      0.97657931    0.0040313180
      5329.42      0.97090915    0.0040317067
      5334.75      0.96321293    0.0040616713
      5340.08      0.96340118    0.0040332338
      5345.42      0.96236633    0.0040623461
      5350.77      0.96068631    0.0040338973
      5356.12      0.95779610    0.0040353097
      5361.48      0.95550964    0.0040372964
      5366.83      0.95582519    0.0040392395
      5372.20      0.95666642    0.0040421061
      5377.58      0.95492895    0.0040442663
      5382.95      0.95308169    0.0040476996
      5388.34      0.95267003    0.0040498108
      5393.72      0.95283437    0.0040232504
      5399.12      0.94802517    0.0040556185
      5404.52      0.94304580    0.0040293690
      5409.92      0.94167854    0.0040619386
      5415.33      0.93736082    0.0040359291
      5420.75      0.93294466    0.0040685829
      5426.17      0.92792915    0.0040427523
      5431.60      0.92364144    0.0040449402
      5437.03      0.91773992    0.0040497183
      5442.47      0.91663312    0.0040519582
      5447.91      0.90781070    0.0040569388
      5453.36      0.90107185    0.0040592623
      5458.81      0.89736360    0.0040643729
      5464.27      0.89251256    0.0040394270
      5469.73      0.89150677    0.0040720150
      5475.20      0.88946625    0.0040471745
      5480.68      0.88801847    0.0040798654
      5486.16      0.88734860    0.0040551991
      5491.65      0.88425511    0.0040879691
      5497.14      0.88269020    0.0040634834
      5502.64      0.87902163    0.0040962997
      5508.14      0.87974035    0.0040729040
      5513.65      0.88169643    0.0040864313
      5519.16      0.88400540    0.0041034801
      5524.68      0.88062134    0.0041161908
      5530.20      0.88131241    0.0041149253
      5535.73      0.87973737    0.0041262119
      5541.27      0.87901448    0.0041275979
      5546.81      0.87436228    0.0041958971
      5552.36      0.86869805    0.0042251552
      5557.91      0.86861256    0.0043166808
      5563.47      0.86842565    0.0043599317
      5569.04      0.86461057    0.0044390863
      5574.60      0.86320803    0.0044891874
      5580.18      0.85784602    0.0045398934
      5585.76      0.85240588    0.0045980362
      5591.35      0.84721588    0.0045597705
      5596.94      0.84176308    0.0045333355
      5602.53      0.83814414    0.0044979719
      5608.14      0.83399595    0.0044448114
      5613.75      0.83459652    0.0043730496
      5619.36      0.83237871    0.0043662557
      5624.98      0.83082334    0.0043496915
      5630.60      0.82397638    0.0042983962
      5636.23      0.82212854    0.0043004183
      5641.87      0.82045737    0.0042562132
      5647.51      0.81840842    0.0042767485
      5653.16      0.81851427    0.0042406314
      5658.82      0.81625912    0.0042346326
      5664.47      0.81589113    0.0042612970
      5670.14      0.81445470    0.0042341647
      5675.81      0.81319133    0.0042383168
      5681.48      0.81610205    0.0042146167
      5687.17      0.81674992    0.0042488474
      5692.85      0.81818889    0.0042534846
      5698.55      0.81663084    0.0042270459
      5704.25      0.81643490    0.0042573170
      5709.95      0.81722246    0.0042582481
      5715.66      0.81845305    0.0042305809
      5721.38      0.81754598    0.0042626666
      5727.10      0.81610139    0.0042657600
      5732.83      0.81531274    0.0042390577
      5738.56      0.81378483    0.0042435063
      5744.30      0.80963302    0.0042455317
      5750.04      0.80803015    0.0042512084
      5755.79      0.80595037    0.0042596018
      5761.55      0.80147764    0.0042413749
      5767.31      0.79338999    0.0042782690
      5773.08      0.78772036    0.0042915188
      5778.85      0.78105381    0.0042767260
      5784.63      0.77805234    0.0042954893
      5790.41      0.77391063    0.0043467257
      5796.21      0.76715305    0.0043847418
      5802.00      0.76430932    0.0043978551
      5807.81      0.76007828    0.0044578911
      5813.61      0.76096540    0.0045445269
      5819.43      0.75998435    0.0045613743
      5825.25      0.75890893    0.0046055056
      5831.07      0.75853086    0.0046373973
      5836.90      0.75554278    0.0046538429
      5842.74      0.75107948    0.0046667022
      5848.58      0.74554933    0.0046700917
      5854.43      0.73862421    0.0046666136
      5860.29      0.73516282    0.0046321418
      5866.15      0.73138117    0.0046647775
      5872.01      0.72640612    0.0046743818
      5877.89      0.72288985    0.0046549233
      5883.76      0.72293072    0.0046695090
      5889.65      0.71889063    0.0046808901
      5895.54      0.71709827    0.0046848956
      5901.43      0.71727756    0.0046795243
      5907.34      0.72032297    0.0046672612
      5913.24      0.72676160    0.0046544805
      5919.16      0.73127114    0.0046446717
      5925.08      0.73853489    0.0046342602
      5931.00      0.74090002    0.0045896135
      5936.93      0.74393175    0.0046027722
      5942.87      0.74539398    0.0045853005
      5948.81      0.74271815    0.0045706940
      5954.76      0.74116456    0.0045316617
      5960.72      0.74007471    0.0045229245
      5966.68      0.73807057    0.0045164313
      5972.64      0.73619306    0.0045145158
      5978.62      0.73535300    0.0045439322
      5984.60      0.73400240    0.0045161625
      5990.58      0.73401411    0.0045174958
      5996.57      0.73104416    0.0045182739
      6002.57      0.72694179    0.0045197745
      6008.57      0.72379719    0.0045227226
      6014.58      0.72537235    0.0044964339
      6020.60      0.72777917    0.0045018059
      6026.62      0.72630282    0.0045081992
      6032.65      0.72464121    0.0045152359
      6038.68      0.72321745    0.0045499857
      6044.72      0.72103166    0.0045576751
      6050.76      0.71945412    0.0045350320
      6056.81      0.71884605    0.0045437084
      6062.87      0.71759080    0.0045525066
      6068.93      0.71411375    0.0045617935
      6075.00      0.71111184    0.0045714936
      6081.08      0.70987748    0.0045813367
      6087.16      0.70894213    0.0045915102
      6093.25      0.71106427    0.0046055759
      6099.34      0.71368778    0.0046084697
      6105.44      0.71585612    0.0046704353
      6111.54      0.71236546    0.0047279329
      6117.66      0.70781153    0.0047336015
      6123.78      0.70558738    0.0047358431
      6129.90      0.70342558    0.0048116014
      6136.03      0.69760806    0.0049568120
      6142.17      0.68940015    0.0051727864
      6148.31      0.68290711    0.0054593962
      6154.46      0.67808781    0.0057381256
      6160.61      0.67313808    0.0061122820
      6166.77      0.67071804    0.0064979474
      6172.94      0.66513526    0.0068479075
      6179.11      0.65568307    0.0070995316
      6185.29      0.65527353    0.0071945295
      6191.48      0.65305715    0.0071099472
      6197.67      0.65774957    0.0068731483
      6203.87      0.66089078    0.0065440924
      6210.07      0.66023892    0.0061855700
      6216.28      0.66189462    0.0058509264
      6222.50      0.65921962    0.0055876321
      6228.72      0.65601534    0.0053889284
      6234.95      0.65379510    0.0052148901
      6241.19      0.65507360    0.0050877733
      6247.42      0.65654174    0.0050217764
      6253.67      0.65690586    0.0049781208
      6259.93      0.65690799    0.0049381845
      6266.19      0.65571122    0.0049071009
      6272.46      0.65385119    0.0048868436
      6278.73      0.65318565    0.0048764152
      6285.01      0.65284218    0.0048736073
      6291.29      0.65076739    0.0048761248
      6297.58      0.65273050    0.0048535445
      6303.88      0.65441079    0.0048614538
      6310.19      0.65057621    0.0048704703
      6316.50      0.64889703    0.0048804798
      6322.81      0.64742422    0.0048910565
      6329.14      0.64380992    0.0049018370
      6335.47      0.64449071    0.0049126726
      6341.80      0.64352195    0.0049238800
      6348.14      0.64253960    0.0049350379
      6354.49      0.64035385    0.0049464070
      6360.85      0.63963647    0.0049301499
      6367.21      0.63660416    0.0049430588
      6373.57      0.63204292    0.0049565845
      6379.95      0.63147513    0.0049707860
      6386.33      0.62814081    0.0049860469
      6392.72      0.62625010    0.0050018869
      6399.11      0.62373945    0.0050170746
      6405.51      0.62521282    0.0050017095
      6411.92      0.62406132    0.0050134725
      6418.32      0.62669114    0.0050248041
      6424.74      0.63076577    0.0050359708
      6431.17      0.63025093    0.0050783211
      6437.60      0.63317688    0.0050885424
      6444.04      0.63640593    0.0050701794
      6450.48      0.63520141    0.0050808274
      6456.94      0.63579686    0.0050924814
      6463.39      0.63651534    0.0051050097
      6469.85      0.63348310    0.0051175375
      6476.33      0.62828253    0.0051005647
      6482.80      0.62147547    0.0051125926
      6489.28      0.61512872    0.0051570268
      6495.77      0.61399042    0.0051675739
      6502.27      0.61440427    0.0051776105
      6508.77      0.61272687    0.0051580628
      6515.28      0.61123969    0.0051684794
      6521.80      0.60871281    0.0051786555
      6528.32      0.60843859    0.0051884405
      6534.85      0.61093784    0.0052049116
      6541.38      0.61366439    0.0052183531
      6547.92      0.61553508    0.0052346996
      6554.47      0.61246874    0.0052554441
      6561.03      0.61055482    0.0052545451
      6567.59      0.60659455    0.0052837994
      6574.16      0.60166076    0.0053578178
      6580.73      0.59964768    0.0054049627
      6587.31      0.60001071    0.0054342239
      6593.90      0.59520344    0.0054927120
      6600.50      0.58834851    0.0055567867
      6607.10      0.58038208    0.0056685754
      6613.70      0.57784840    0.0057006202
      6620.32      0.57230282    0.0057339303
      6626.94      0.56752643    0.0057533137
      6633.57      0.56408068    0.0057353375
      6640.20      0.55847424    0.0057826182
      6646.84      0.55759797    0.0057883448
      6653.49      0.55673454    0.0057555142
      6660.14      0.56018329    0.0057513461
      6666.80      0.55935308    0.0057804114
      6673.47      0.55799968    0.0057422480
      6680.14      0.55736652    0.0057428929
      6686.82      0.55487350    0.0057446682
      6693.51      0.55400079    0.0057433269
      6700.20      0.55240044    0.0057380640
      6706.90      0.55199611    0.0057312107
      6713.61      0.55075144    0.0056914047
      6720.32      0.54834535    0.0057151749
      6727.05      0.54854489    0.0057152404
      6733.77      0.54631780    0.0056921789
      6740.51      0.54453657    0.0056977117
      6747.25      0.54231104    0.0057143073
      6754.00      0.54169607    0.0056631036
      6760.75      0.54324599    0.0056502519
      6767.51      0.54406680    0.0056365382
      6774.28      0.54964835    0.0056286459
      6781.05      0.55210829    0.0056238539
      6787.84      0.55472009    0.0056158608
      6794.62      0.55104243    0.0056102663
      6801.42      0.54708227    0.0055758906
      6808.22      0.54285099    0.0056087883
      6815.03      0.53963044    0.0056118679
      6821.85      0.53355591    0.0055830685
      6828.67      0.52771478    0.0056192625
      6835.50      0.52470446    0.0055930126
      6842.33      0.52443443    0.0055985141
      6849.17      0.52526589    0.0056088972
      6856.02      0.52896672    0.0056156045
      6862.88      0.52907041    0.0055940255
      6869.74      0.53304760    0.0056357782
      6876.61      0.53564453    0.0056445535
      6883.49      0.53774518    0.0056248266
      6890.37      0.53796987    0.0056680993
      6897.27      0.54023011    0.0056479622
      6904.16      0.53943196    0.0056915581
      6911.07      0.53887739    0.0056707118
      6917.98      0.53633859    0.0056802352
      6924.89      0.53375289    0.0056910117
      6931.82      0.53401283    0.0056994959
      6938.75      0.53367975    0.0057098187
      6945.69      0.53162154    0.0057178734
      6952.64      0.52743689    0.0056950120
      6959.59      0.52686882    0.0057372873
      6966.55      0.52534723    0.0057142620
      6973.52      0.52666909    0.0057559971
      6980.49      0.53084125    0.0057334072
      6987.47      0.53409912    0.0057126311
      6994.46      0.53310301    0.0056924385
      7001.46      0.53374986    0.0056731001
      7008.46      0.52893291    0.0056534850
      7015.46      0.52479011    0.0055761952
      7022.48      0.52008239    0.0055578435
      7029.51      0.51356846    0.0055401002
      7036.53      0.51221622    0.0055218558
      7043.57      0.50249335    0.0054788159
      7050.62      0.50019752    0.0054330939
      7057.66      0.49457641    0.0054167292
      7064.72      0.48573784    0.0053759992
      7071.79      0.48095459    0.0053599770
      7078.86      0.47853496    0.0053181347
      7085.94      0.47242583    0.0053034594
      7093.03      0.46565514    0.0052663577
      7100.12      0.45986452    0.0052527334
      7107.22      0.45544443    0.0052396312
      7114.33      0.45208466    0.0051819811
      7121.44      0.45187944    0.0051695465
      7128.56      0.45301579    0.0051368762
      7135.69      0.45498860    0.0051252080
      7142.83      0.45461025    0.0051139990
      7149.97      0.45207096    0.0050631962
      7157.12      0.45013261    0.0050542713
      7164.28      0.45007838    0.0050465575
      7171.44      0.44778878    0.0050238787
      7178.62      0.44910745    0.0050183991
      7185.80      0.44812758    0.0049759004
      7192.98      0.44904927    0.0049749196
      7200.17      0.44726107    0.0049554216
      7207.38      0.44815601    0.0049556768
      7214.58      0.44617427    0.0049614454
      7221.80      0.44542403    0.0049371978
      7229.02      0.44179567    0.0049540306
      7236.25      0.43984220    0.0049687318
      7243.49      0.43588991    0.0050029914
      7250.73      0.43180343    0.0050270121
      7257.98      0.42662387    0.0050568305
      7265.24      0.42387269    0.0050489823
      7272.51      0.42284598    0.0050704087
      7279.78      0.41948294    0.0050751988
      7287.06      0.41619160    0.0050939382
      7294.35      0.41415531    0.0050947278
      7301.64      0.41219889    0.0051041352
      7308.94      0.40903848    0.0050959482
      7316.25      0.40796954    0.0051237847
      7323.57      0.40571158    0.0052082417
      7330.89      0.40389998    0.0053041017
      7338.22      0.40482734    0.0054146689
      7345.56      0.40237873    0.0055448755
      7352.91      0.39960268    0.0057023438
      7360.26      0.39500152    0.0058976697
      7367.62      0.39374046    0.0061687407
      7374.99      0.39128621    0.0065030887
      7382.37      0.38842036    0.0069420213
      7389.75      0.38506238    0.0075216170
      7397.14      0.38339851    0.0082899828
      7404.53      0.38017991    0.0092995500
      7411.94      0.37756965     0.010606951
      7419.35      0.37275850     0.012279796
      7426.77      0.36984957     0.014419500
      7434.20      0.36401556     0.016773755
