# starting wavelength =        3664.0200
# ending wavelength =        7369.4200
# O2 telluric scale =        0
# O2 telluric shift =        0
# H2O telluric scale =        0
# H2O telluric shift =        0
      3667.14      0.12389540      0.10171728
      3670.80      0.11095037     0.086485707
      3674.48      0.12560332     0.072203688
      3678.15      0.15468084     0.063166357
      3681.83      0.20523693     0.056073908
      3685.51      0.26023429     0.050536239
      3689.20      0.31696522     0.047038399
      3692.88      0.37500548     0.043547823
      3696.58      0.41799173     0.040838936
      3700.27      0.44393306     0.038355894
      3703.98      0.46495311     0.036778425
      3707.68      0.47121974     0.035527402
      3711.39      0.48833145     0.034499999
      3715.10      0.49228049     0.033620196
      3718.81      0.48968605     0.032891423
      3722.53      0.48701064     0.032065189
      3726.26      0.48275946     0.031552708
      3729.98      0.46316157     0.031112647
      3733.71      0.45811989     0.031003980
      3737.45      0.44468866     0.030843833
      3741.18      0.43830227     0.030736527
      3744.93      0.43291022     0.030769885
      3748.67      0.43232595     0.030614270
      3752.42      0.41804723     0.030651659
      3756.17      0.41315185     0.030546490
      3759.93      0.38118908     0.030386015
      3763.69      0.34905402     0.030425117
      3767.45      0.30907116     0.030467961
      3771.22      0.29472482     0.030160034
      3774.99      0.26644811     0.030203722
      3778.77      0.24245429     0.030244045
      3782.54      0.23279866     0.030091629
      3786.33      0.21845731     0.029980875
      3790.11      0.20417047     0.030030624
      3793.90      0.19645055     0.029872550
      3797.70      0.18330067     0.029918090
      3801.50      0.20051765     0.029968082
      3805.30      0.19958179     0.029655645
      3809.10      0.21686935     0.029707085
      3812.91      0.21937571     0.029551560
      3816.73      0.22565337     0.029601678
      3820.54      0.23895149     0.029653677
      3824.36      0.24181847     0.029341036
      3828.19      0.23379189     0.029394669
      3832.02      0.23920701     0.029445257
      3835.85      0.25839079     0.029295487
      3839.68      0.27178023     0.029350399
      3843.52      0.29603791     0.029407525
      3847.37      0.31011811     0.029093646
      3851.22      0.32138637     0.029147716
      3855.07      0.35416886     0.028999316
      3858.92      0.37204271     0.029057999
      3862.78      0.38727838     0.029118551
      3866.64      0.40460982     0.028972005
      3870.51      0.41779028     0.028861003
      3874.38      0.45233456     0.028931753
      3878.26      0.47050710     0.028777026
      3882.13      0.49944789     0.028840825
      3886.02      0.53752144     0.028694185
      3889.90      0.56007720     0.028760914
      3893.79      0.56422019     0.028830675
      3897.69      0.54347136     0.028685112
      3901.59      0.53682252     0.028574252
      3905.49      0.51045880     0.028427435
      3909.39      0.51005320     0.028502267
      3913.30      0.51192315     0.028574746
      3917.22      0.50357718     0.028428459
      3921.13      0.50063790     0.028507616
      3925.06      0.51513548     0.028358542
      3928.98      0.53174695     0.028440031
      3932.91      0.52995419     0.028524602
      3936.84      0.52807377     0.028184071
      3940.78      0.55393311     0.028274662
      3944.72      0.56336512     0.028122822
      3948.67      0.56344892     0.028205600
      3952.61      0.57566756     0.028061847
      3956.57      0.60828854     0.028151830
      3960.52      0.62855928     0.028240893
      3964.48      0.65005965     0.028096943
      3968.45      0.66523004     0.028193992
      3972.42      0.70234811     0.028045744
      3976.39      0.71851719     0.028144725
      3980.37      0.73765087     0.028004082
      3984.35      0.74372444     0.028101065
      3988.33      0.74161927     0.028206175
      3992.32      0.73658941     0.028064270
      3996.31      0.73395999     0.028171386
      4000.31      0.72932002     0.028024851
      4004.31      0.72489016     0.028139527
      4008.31      0.71801145     0.027774673
      4012.32      0.70776160     0.027883167
      4016.33      0.71296284     0.028014922
      4020.35      0.68719066     0.027862724
      4024.37      0.67978403     0.027977015
      4028.40      0.66877178     0.027831941
      4032.42      0.64360739     0.027968781
      4036.46      0.65782803     0.027817201
      4040.50      0.67624970     0.027670252
      4044.54      0.67289115     0.027797259
      4048.58      0.67470313     0.027426828
      4052.63      0.68136331     0.027280073
      4056.68      0.68056406     0.027137068
      4060.74      0.69802211     0.026997695
      4064.80      0.70697955     0.026898551
      4068.86      0.71974553     0.026755254
      4072.93      0.71961858     0.026615137
      4077.01      0.72489007     0.026254917
      4081.08      0.72406412     0.026381638
      4085.17      0.72401279     0.026240153
      4089.25      0.72848611     0.026101597
      4093.34      0.70349064     0.025747460
      4097.43      0.69329171     0.025617041
      4101.53      0.67477961     0.025735061
      4105.63      0.65249922     0.025598683
      4109.74      0.65202954     0.025251423
      4113.85      0.64386822     0.025122502
      4117.96      0.64148992     0.024996388
      4122.08      0.64034251     0.025108508
      4126.20      0.61953909     0.024766538
      4130.33      0.60762686     0.024638594
      4134.46      0.60931801     0.024513187
      4138.59      0.61080213     0.024389745
      4142.73      0.60878075     0.024063186
      4146.88      0.61437160     0.024164088
      4151.02      0.61766255     0.024039331
      4155.18      0.63021455     0.023917216
      4159.33      0.64144252     0.023797056
      4163.49      0.64215900     0.023480277
      4167.65      0.64893886     0.023358080
      4171.82      0.63175267     0.023457639
      4175.99      0.63349295     0.023337922
      4180.17      0.64192072     0.023220137
      4184.35      0.64394052     0.022914489
      4188.54      0.64047996     0.022794359
      4192.72      0.63195814     0.022676092
      4196.92      0.62001085     0.022559201
      4201.11      0.60408615     0.022656698
      4205.31      0.59249862     0.022364801
      4209.52      0.58544038     0.022247257
      4213.73      0.58716911     0.022131048
      4217.94      0.56877817     0.022016746
      4222.16      0.55104825     0.021904020
      4226.38      0.53904778     0.021792759
      4230.61      0.54082105     0.021506254
      4234.84      0.54443430     0.021397724
      4239.08      0.54274532     0.021493024
      4243.32      0.54125605     0.021381518
      4247.56      0.53563136     0.021271003
      4251.81      0.53554531     0.021162330
      4256.06      0.54353165     0.020883822
      4260.32      0.55698218     0.020778306
      4264.58      0.55970809     0.020673644
      4268.84      0.57101531     0.020570388
      4273.11      0.57255827     0.020468410
      4277.38      0.57526183     0.020367457
      4281.66      0.58047471     0.020267119
      4285.94      0.57142733     0.020184034
      4290.23      0.56371455     0.020082172
      4294.52      0.54898868     0.019980839
      4298.81      0.51699077     0.019880251
      4303.11      0.49914142     0.019781008
      4307.42      0.49275555     0.019682852
      4311.72      0.49995167     0.019585319
      4316.04      0.50449167     0.019488471
      4320.35      0.49871473     0.019241178
      4324.67      0.50283910     0.019144698
      4329.00      0.49921539     0.019049168
      4333.33      0.50103964     0.018954192
      4337.66      0.50650977     0.018860042
      4342.00      0.51699083     0.018766793
      4346.34      0.53253687     0.018674099
      4350.69      0.54332171     0.018581882
      4355.04      0.55216685     0.018490442
      4359.39      0.56100479     0.018399797
      4363.75      0.55982684     0.018310061
      4368.12      0.56232564     0.018220803
      4372.48      0.57172172     0.017989704
      4376.86      0.57553427     0.017902705
      4381.23      0.56665530     0.017816413
      4385.61      0.57210019     0.017730478
      4390.00      0.56728173     0.017645245
      4394.39      0.57345072     0.017560356
      4398.79      0.58395084     0.017476174
      4403.18      0.58461575     0.017392412
      4407.59      0.58530472     0.017309299
      4412.00      0.58052134     0.017226469
      4416.41      0.57872870     0.017144719
      4420.82      0.58383559     0.017063385
      4425.25      0.58433458     0.016982506
      4429.67      0.58233649     0.016902629
      4434.10      0.59074402     0.016823006
      4438.54      0.59525961     0.016744073
      4442.97      0.60246028     0.016665468
      4447.42      0.61674748     0.016587496
      4451.86      0.64540103     0.016509870
      4456.32      0.66046623     0.016432889
      4460.77      0.66628735     0.016356262
      4465.24      0.66459481     0.016280260
      4469.70      0.67374043     0.016204990
      4474.17      0.68828480     0.016130452
      4478.65      0.70918711     0.016056375
      4483.12      0.72693860     0.015982959
      4487.61      0.73719719     0.015910210
      4492.09      0.74616507     0.015837772
      4496.59      0.75947551     0.015766040
      4501.08      0.76565824     0.015557927
      4505.58      0.77534639     0.015488028
      4510.09      0.77530832     0.015418527
      4514.60      0.78240706     0.015349451
      4519.12      0.79217640     0.015281391
      4523.63      0.79048751     0.015213854
      4528.16      0.80708536     0.015147082
      4532.69      0.82202554     0.015081113
      4537.22      0.83420579     0.015015556
      4541.76      0.83609946     0.014950764
      4546.30      0.83527057     0.014886737
      4550.85      0.83339136     0.014693823
      4555.40      0.84083125     0.014629834
      4559.95      0.83843245     0.014566353
      4564.51      0.84414976     0.014503827
      4569.08      0.85619693     0.014441827
      4573.65      0.86461044     0.014380645
      4578.22      0.87829779     0.014320048
      4582.80      0.89805366     0.014260353
      4587.38      0.90559573     0.014082230
      4591.97      0.92486478     0.014024650
      4596.56      0.93978341     0.014072933
      4601.16      0.95594851     0.014014091
      4605.76      0.96067318     0.013955846
      4610.37      0.97053626     0.013898694
      4614.98      0.98872264     0.013842170
      4619.59       1.0071221     0.013670830
      4624.21       1.0167676     0.013616413
      4628.84       1.0143618     0.013562950
      4633.47       1.0109329     0.013510327
      4638.10       1.0045460     0.013458647
      4642.74      0.99414027     0.013504456
      4647.38      0.97626492     0.013339020
      4652.03      0.98099760     0.013287274
      4656.68      0.97770450     0.013236510
      4661.34      0.98051897     0.013186729
      4666.00      0.97651365     0.013137754
      4670.67      0.97478348     0.013089596
      4675.33      0.97093724     0.012928827
      4680.01      0.97309537     0.012880655
      4684.69      0.96633107     0.012930098
      4689.38      0.95601677     0.012883319
      4694.07      0.94870456     0.012837655
      4698.76      0.94440784     0.012684092
      4703.46      0.93490701     0.012637843
      4708.16      0.92636583     0.012592402
      4712.87      0.90947063     0.012643205
      4717.58      0.89016121     0.012496897
      4722.30      0.88236730     0.012451699
      4727.03      0.86004677     0.012407513
      4731.75      0.82858389     0.012364485
      4736.48      0.80585965     0.012322737
      4741.22      0.78731374     0.012274978
      4745.96      0.77127349     0.012232339
      4750.71      0.76307138     0.012190744
      4755.46      0.73381397     0.012150343
      4760.22      0.72243873     0.012014068
      4764.97      0.70534685     0.011976211
      4769.74      0.66845078     0.012025002
      4774.51      0.64693619     0.011986057
      4779.29      0.62063460     0.011852886
      4784.07      0.59497973     0.011816720
      4788.85      0.56690042     0.011782084
      4793.64      0.54556292     0.011735948
      4798.43      0.53436987     0.011700277
      4803.23      0.53225915     0.011666047
      4808.03      0.52451416     0.011633266
      4812.84      0.50926710     0.011589583
      4817.66      0.49805904     0.011555866
      4822.48      0.48554391     0.011523421
      4827.30      0.48553372     0.011399093
      4832.12      0.48057007     0.011366253
      4836.96      0.48342183     0.011419052
      4841.79      0.48425305     0.011389081
      4846.63      0.48426932     0.011267211
      4851.48      0.49319802     0.011236381
      4856.33      0.50036149     0.011290757
      4861.19      0.51314602     0.011172566
      4866.05      0.53708365     0.011142630
      4870.92      0.56155742     0.011114179
      4875.79      0.59880590     0.011082557
      4880.66      0.64237733     0.011053201
      4885.55      0.68843151     0.011025514
      4890.43      0.74061957     0.010915611
      4895.32      0.79806618     0.010968422
      4900.22      0.85597246     0.010941997
      4905.12      0.90408776     0.010833858
      4910.02      0.95382458     0.010888056
      4914.94       1.0009264     0.010862438
      4919.85       1.0520284     0.010756110
      4924.77       1.0885706     0.010811243
      4929.70       1.1229824     0.010704876
      4934.62       1.1543165     0.010682594
      4939.56       1.1814769     0.010662229
      4944.50       1.2021798     0.010634505
      4949.44       1.2235448     0.010613666
      4954.39       1.2167756     0.010594616
      4959.35       1.2165645     0.010568090
      4964.31       1.2147491     0.010548648
      4969.27       1.2060026     0.010448602
      4974.24       1.1862054     0.010505674
      4979.22       1.1683583     0.010487762
      4984.20       1.1370219     0.010388661
      4989.18       1.1175616     0.010447091
      4994.17       1.0997210     0.010351389
      4999.16       1.0642136     0.010333065
      5004.16       1.0283097     0.010393034
      5009.17       1.0068326     0.010297902
      5014.18      0.98135507     0.010281374
      5019.19      0.95475944     0.010265145
      5024.21      0.93754316     0.010248275
      5029.23      0.92069217     0.010234525
      5034.26      0.91146351     0.010217463
      5039.30      0.90162321     0.010202589
      5044.34      0.89680431     0.010188862
      5049.39      0.88084581     0.010174025
      5054.43      0.88682935     0.010087910
      5059.49      0.89556644     0.010147491
      5064.55      0.91476351     0.010061570
      5069.61      0.93243249     0.010122756
      5074.68      0.95377213     0.010037231
      5079.76      0.95242387     0.010027316
      5084.84      0.97074163     0.010014653
      5089.92      0.98312884     0.010004726
      5095.01      0.98560065    0.0099939442
      5100.11      0.98567858    0.0099843346
      5105.21      0.98333431    0.0099027802
      5110.31      0.98042653    0.0099656870
      5115.42      0.97263446    0.0098856478
      5120.54      0.96342005    0.0099487702
      5125.66      0.95341266    0.0098700168
      5130.79      0.94478285    0.0099333785
      5135.92      0.94043699    0.0098557795
      5141.05      0.93786447    0.0098472493
      5146.20      0.92745956    0.0098431059
      5151.34      0.92306765    0.0098351511
      5156.49      0.92951285    0.0098319628
      5161.65      0.92837855    0.0098246091
      5166.81      0.91880670    0.0098223545
      5171.98      0.91434949    0.0098154703
      5177.15      0.90544163    0.0098140343
      5182.33      0.90874623    0.0098076926
      5187.51      0.91263716    0.0098069737
      5192.70      0.91996159    0.0098011915
      5197.89      0.92894883    0.0098011920
      5203.09      0.94119865    0.0097963553
      5208.29      0.94416131    0.0097273158
      5213.50      0.95347653    0.0097257189
      5218.72      0.96011698    0.0097250243
      5223.93      0.97746185    0.0097238953
      5229.16      0.99378584    0.0097240784
      5234.39       1.0139717    0.0097233628
      5239.62       1.0285173    0.0097245057
      5244.86       1.0415610    0.0097241005
      5250.11       1.0473792    0.0097263293
      5255.36       1.0452625    0.0097264979
      5260.61       1.0435390    0.0097290502
      5265.87       1.0447421    0.0097304351
      5271.14       1.0533941    0.0097331617
      5276.41       1.0666782    0.0096680419
      5281.69       1.0786002    0.0097386854
      5286.97       1.0950110    0.0096734973
      5292.26       1.1164597    0.0097456172
      5297.55       1.1337222    0.0096802654
      5302.85       1.1503713    0.0096873433
      5308.15       1.1573150    0.0096885545
      5313.46       1.1735589    0.0096956751
      5318.77       1.1729512    0.0097047951
      5324.09       1.1834614    0.0097054692
      5329.42       1.1935899    0.0097143891
      5334.75       1.1987279    0.0097166532
      5340.08       1.1920233    0.0097253529
      5345.42       1.1919202    0.0096654396
      5350.77       1.1721529    0.0097379196
      5356.12       1.1494487    0.0097480957
      5361.48       1.1383937    0.0096880781
      5366.83       1.1316109    0.0097621364
      5372.20       1.1310629    0.0097040845
      5377.58       1.1303608    0.0097135914
      5382.95       1.1302337    0.0097889423
      5388.34       1.1334608    0.0097310402
      5393.72       1.1484590    0.0097417273
      5399.12       1.1667099    0.0097502462
      5404.52       1.1900083    0.0097604689
      5409.92       1.2127635    0.0097722048
      5415.33       1.2407458    0.0097158430
      5420.75       1.2750316    0.0097925490
      5426.17       1.3151117    0.0097353811
      5431.60       1.3491349    0.0097492372
      5437.03       1.3759075    0.0098269236
      5442.47       1.3967778    0.0097701183
      5447.91       1.4220628    0.0097846277
      5453.36       1.4217090    0.0098004737
      5458.81       1.4174673    0.0098072179
      5464.27       1.4113498    0.0098222048
      5469.73       1.4005774    0.0098384693
      5475.20       1.3789366    0.0098464380
      5480.68       1.3481644    0.0098619678
      5486.16       1.3131634    0.0098785955
      5491.65       1.2808250    0.0098254239
      5497.14       1.2512606    0.0099037885
      5502.64       1.2243978    0.0099206910
      5508.14       1.2052181    0.0098689382
      5513.65       1.1895524    0.0098849630
      5519.16       1.1867887    0.0099019759
      5524.68       1.1889748    0.0099146368
      5530.20       1.1850528    0.0099309076
      5535.73       1.1880146    0.0099480539
      5541.27       1.2085637    0.0099660462
      5546.81       1.2177816    0.0099790918
      5552.36       1.2353480    0.0099962558
      5557.91       1.2389894     0.010014275
      5563.47       1.2426022    0.0099627603
      5569.04       1.2421688    0.0099820884
      5574.60       1.2247830     0.010064988
      5580.18       1.2068996     0.010083656
      5585.76       1.1707126     0.010032217
      5591.35       1.1232034     0.010052042
      5596.94       1.0679656     0.010072494
      5602.53       1.0021078     0.010093549
      5608.14      0.95046415     0.010104420
      5613.75      0.88799948     0.010124488
      5619.36      0.82581713     0.010145355
      5624.98      0.75324657     0.010166710
      5630.60      0.68767243     0.010117444
      5636.23      0.62772145     0.010137811
      5641.87      0.58437163     0.010220923
      5647.51      0.55621761     0.010242338
      5653.16      0.52867887     0.010264170
      5658.82      0.51226249     0.010215436
      5664.47      0.49627891     0.010236389
      5670.14      0.49993061     0.010257785
      5675.81      0.51399919     0.010279541
      5681.48      0.52349265     0.010364754
      5687.17      0.55603558     0.010317416
      5692.85      0.58707350     0.010338756
      5698.55      0.63370808     0.010360428
      5704.25      0.68421184     0.010382423
      5709.95      0.74771513     0.010404704
      5715.66      0.81435400     0.010355749
      5721.38      0.88724668     0.010378560
      5727.10      0.96458420     0.010401670
      5732.83       1.0347387     0.010425568
      5738.56       1.1118784     0.010513395
      5744.30       1.1875900     0.010537507
      5750.04       1.2577192     0.010561251
      5755.79       1.3116009     0.010512401
      5761.55       1.3626303     0.010537774
      5767.31       1.4008661     0.010566233
      5773.08       1.4423037     0.010598083
      5778.85       1.4801998     0.010631434
      5784.63       1.5104376     0.010665072
      5790.41       1.5277461     0.010700180
      5796.21       1.5597127     0.010662042
      5802.00       1.5846702     0.010695147
      5807.81       1.6014948     0.010724491
      5813.61       1.6100507     0.010751802
      5819.43       1.6209735     0.010777727
      5825.25       1.6272135     0.010801742
      5831.07       1.6386422     0.010823871
      5836.90       1.6561033     0.010845069
      5842.74       1.6703783     0.010866843
      5848.58       1.6829099     0.010889329
      5854.43       1.6911965     0.010838258
      5860.29       1.6926778     0.010858811
      5866.15       1.6982525     0.010877907
      5872.01       1.7161157     0.010895807
      5877.89       1.7286456     0.010913533
      5883.76       1.7407396     0.010931489
      5889.65       1.7497403     0.010947896
      5895.54       1.7588786     0.010963126
      5901.43       1.7658522     0.010980349
      5907.34       1.7763493     0.010999886
      5913.24       1.7698782     0.011018667
      5919.16       1.7601597     0.011036128
      5925.08       1.7441919     0.011054996
      5931.00       1.7276849     0.011075425
      5936.93       1.7097611     0.011096804
      5942.87       1.6946185     0.011118479
      5948.81       1.6725864     0.011140594
      5954.76       1.6486996     0.011163281
      5960.72       1.6232032     0.011186058
      5966.68       1.5974901     0.011208752
      5972.64       1.5686315     0.011166497
      5978.62       1.5491322     0.011189124
      5984.60       1.5247082     0.011211779
      5990.58       1.5022072     0.011234509
      5996.57       1.4831108     0.011257202
      6002.57       1.4713344     0.011279843
      6008.57       1.4614821     0.011302438
      6014.58       1.4467370     0.011324993
      6020.60       1.4384117     0.011347507
      6026.62       1.4281689     0.011370050
      6032.65       1.4172715     0.011326434
      6038.68       1.3930131     0.011347851
      6044.72       1.3717121     0.011369339
      6050.76       1.3488080     0.011390760
      6056.81       1.3263726     0.011412144
      6062.87       1.3012264     0.011433530
      6068.93       1.2697529     0.011454811
      6075.00       1.2496279     0.011476194
      6081.08       1.2218256     0.011432319
      6087.16       1.1980543     0.011453407
      6093.25       1.1812350     0.011474547
      6099.34       1.1680332     0.011568021
      6105.44       1.1687814     0.011588254
      6111.54       1.1681063     0.011608940
      6117.66       1.1786313     0.011567255
      6123.78       1.1853625     0.011593750
      6129.90       1.1919559     0.011614957
      6136.03       1.2108288     0.011633885
      6142.17       1.2177128     0.011658452
      6148.31       1.2228091     0.011623444
      6154.46       1.2126387     0.011660188
      6160.61       1.2145483     0.011778168
      6166.77       1.2160306     0.011824217
      6172.94       1.2127713     0.011871089
      6179.11       1.2034406     0.011850023
      6185.29       1.1845132     0.011887462
      6191.48       1.1736142     0.011918008
      6197.67       1.1623018     0.011940277
      6203.87       1.1526840     0.011959455
      6210.07       1.1393772     0.011961442
      6216.28       1.1293029     0.011957668
      6222.50       1.1282776     0.011951283
      6228.72       1.1207951     0.011878683
      6234.95       1.1211384     0.011880185
      6241.19       1.1111327     0.011959821
      6247.42       1.1044629     0.011962924
      6253.67       1.1035242     0.011896543
      6259.93       1.0900285     0.011903136
      6266.19       1.0848991     0.011911409
      6272.46       1.0714681     0.011990467
      6278.73       1.0708298     0.011930963
      6285.01       1.0616932     0.011940561
      6291.29       1.0574472     0.011951156
      6297.58       1.0532351     0.011892897
      6303.88       1.0533044     0.011976782
      6310.19       1.0499542     0.011989303
      6316.50       1.0512692     0.011934410
      6322.81       1.0517253     0.011946013
      6329.14       1.0498324     0.012032153
      6335.47       1.0458112     0.011979981
      6341.80       1.0391353     0.011994935
      6348.14       1.0342560     0.012013459
      6354.49       1.0303621     0.012044750
      6360.85       1.0165164     0.012063390
      6367.21       1.0038890     0.012080498
      6373.57      0.99811853     0.012030971
      6379.95      0.98430328     0.012120588
      6386.33      0.97585173     0.012133578
      6392.72      0.95279854     0.012076989
      6399.11      0.91910402     0.012085232
      6405.51      0.89217541     0.012160280
      6411.92      0.85929823     0.012095628
      6418.32      0.82025407     0.012099420
      6424.74      0.78434667     0.012105224
      6431.17      0.74380582     0.012109992
      6437.60      0.71716880     0.012116471
      6444.04      0.67841585     0.012122592
      6450.48      0.66070338     0.012124793
      6456.94      0.66113391     0.012056789
      6463.39      0.66413858     0.012126353
      6469.85      0.68495376     0.012127020
      6476.33      0.71470923     0.012058682
      6482.80      0.75334763     0.012128103
      6489.28      0.80054587     0.012056932
      6495.77      0.85217863     0.012053833
      6502.27      0.91360148     0.012056972
      6508.77      0.96009287     0.012055494
      6515.28       1.0071849     0.012055601
      6521.80       1.0515573     0.012059100
      6528.32       1.1017041     0.012058509
      6534.85       1.1384660     0.011992674
      6541.38       1.1673182     0.012060405
      6547.92       1.2016489     0.011992878
      6554.47       1.2263085     0.012060113
      6561.03       1.2552433     0.011991221
      6567.59       1.2869758     0.011990336
      6574.16       1.3380813     0.011988313
      6580.73       1.3741555     0.011986045
      6587.31       1.3920300     0.011983287
      6593.90       1.4187916     0.011979784
      6600.50       1.4239300     0.011908282
      6607.10       1.4325622     0.011971231
      6613.70       1.4307412     0.011898767
      6620.32       1.4229628     0.011960413
      6626.94       1.4173519     0.011887221
      6633.57       1.4032857     0.011947497
      6640.20       1.3999153     0.011873300
      6646.84       1.3890516     0.011865139
      6653.49       1.3795429     0.011856989
      6660.14       1.3646156     0.011782692
      6666.80       1.3565315     0.011838138
      6673.47       1.3704449     0.011762806
      6680.14       1.3733062     0.011816977
      6686.82       1.3829051     0.011743334
      6693.51       1.3939327     0.011811248
      6700.20       1.4065814     0.011784840
      6706.90       1.4109217     0.011853840
      6713.61       1.4065987     0.011763322
      6720.32       1.4067845     0.011765253
      6727.05       1.3865819     0.011809252
      6733.77       1.3717409     0.011908499
      6740.51       1.3528408     0.012020470
      6747.25       1.3341897     0.012191705
      6754.00       1.3090161     0.012299736
      6760.75       1.2820969     0.012526055
      6767.51       1.2494557     0.012591627
      6774.28       1.1910536     0.012684962
      6781.05       1.1403507     0.012701683
      6787.84       1.0881928     0.012654961
      6794.62       1.0474126     0.012561220
      6801.42       1.0030194     0.012397545
      6808.22      0.94755228     0.012209396
      6815.03      0.90936273     0.012058603
      6821.85      0.87270690     0.011910138
      6828.67      0.84348169     0.011754554
      6835.50      0.83112038     0.011722671
      6842.33      0.82887369     0.011547702
      6849.17      0.82673841     0.011450567
      6856.02      0.84175505     0.011445481
      6862.88      0.87749273     0.011319436
      6869.74      0.92240006     0.011254399
      6876.61      0.96556760     0.011209570
      6883.49       1.0126471     0.011160237
      6890.37       1.0634960     0.011117880
      6897.27       1.1035041     0.011022876
      6904.16       1.1443883     0.011045448
      6911.07       1.1957405     0.010945228
      6917.98       1.2424489     0.010896636
      6924.89       1.2908365     0.010905946
      6931.82       1.3198121     0.010794831
      6938.75       1.3457668     0.010739947
      6945.69       1.3702554     0.010687817
      6952.64       1.3885950     0.010642695
      6959.59       1.3978673     0.010587737
      6966.55       1.4070171     0.010533751
      6973.52       1.4042088     0.010429745
      6980.49       1.3896650     0.010377976
      6987.47       1.3827908     0.010388883
      6994.46       1.3709099     0.010300172
      7001.46       1.3435365     0.010262005
      7008.46       1.3044946     0.010120150
      7015.46       1.2702088    0.0099356273
      7022.48       1.2380175    0.0098654619
      7029.51       1.1997784    0.0097590061
      7036.53       1.1727803    0.0096847661
      7043.57       1.1513167    0.0096798764
      7050.62       1.1397957    0.0095879719
      7057.66       1.1191598    0.0095281628
      7064.72       1.1060878    0.0094489228
      7071.79       1.1018051    0.0094013237
      7078.86       1.0880586    0.0092998360
      7085.94       1.0798922    0.0091476847
      7093.03       1.0882281    0.0090256417
      7100.12       1.0903444    0.0089396508
      7107.22       1.0957812    0.0088044978
      7114.33       1.1013789    0.0086633621
      7121.44       1.1045170    0.0085172606
      7128.56       1.1091143    0.0083477526
      7135.69       1.1161378    0.0082446294
      7142.83       1.1265665    0.0081058318
      7149.97       1.1397890    0.0079699202
      7157.12       1.1545233    0.0078347943
      7164.28       1.1554663    0.0076963562
      7171.44       1.1558600    0.0075334261
      7178.62       1.1467032    0.0073890053
      7185.80       1.1349536    0.0072762500
      7192.98       1.1293312    0.0071249496
      7200.17       1.1192065    0.0069737660
      7207.38       1.1071727    0.0068239960
      7214.58       1.1042123    0.0066668838
      7221.80       1.0944887    0.0065273966
      7229.02       1.0850059    0.0063939127
      7236.25       1.0760243    0.0062648993
      7243.49       1.0601152    0.0061381478
      7250.73       1.0465187    0.0060683906
      7257.98       1.0354725    0.0061195510
      7265.24       1.0267187    0.0061744836
      7272.51       1.0153413    0.0062608845
      7279.78       1.0052805    0.0063736899
      7287.06      0.99253739    0.0065208480
      7294.35      0.98344126    0.0067137699
      7301.64      0.97619495    0.0069673993
      7308.94      0.96793024    0.0073062764
      7316.25      0.95737157    0.0077572750
      7323.57      0.95143390    0.0084608234
      7330.89      0.94768665    0.0092721606
      7338.22      0.94451702     0.010323160
      7345.56      0.94504158     0.011665260
      7352.91      0.94870795     0.013372792
      7360.26      0.95454488     0.015529601
      7367.62      0.95368636     0.018241531
