# starting wavelength =        3664.0200
# ending wavelength =        7447.7200
# O2 telluric scale =        0
# O2 telluric shift =        0
# H2O telluric scale =        0
# H2O telluric shift =        0
      3667.14      0.37935216     0.069368192
      3670.80      0.35741062     0.058986448
      3674.48      0.34696788     0.049250575
      3678.15      0.33689691     0.043090411
      3681.83      0.33453837     0.038255937
      3685.51      0.32415357     0.035171996
      3689.20      0.31061221     0.032100821
      3692.88      0.29982947     0.029721705
      3696.58      0.27754883     0.027875688
      3700.27      0.27319728     0.026184244
      3703.98      0.26609063     0.025110064
      3707.68      0.25604456     0.024258596
      3711.39      0.24319937     0.023560948
      3715.10      0.23234265     0.022962510
      3718.81      0.21658334     0.022467107
      3722.53      0.20789943     0.021906107
      3726.26      0.19632548     0.021558269
      3729.98      0.18417852     0.021259814
      3733.71      0.16686611     0.021058601
      3737.45      0.14332560     0.021086529
      3741.18      0.14024512     0.021017337
      3744.93      0.14216953     0.020914309
      3748.67      0.14217402     0.020945150
      3752.42      0.13335874     0.020873218
      3756.17      0.13312366     0.020773317
      3759.93      0.13151655     0.020804580
      3763.69      0.12434232     0.020836560
      3767.45      0.11054532     0.020634526
      3771.22     0.095198282     0.020665491
      3774.99     0.095840514     0.020700640
      3778.77     0.084912200     0.020599516
      3782.54     0.089632798     0.020635374
      3786.33     0.096495898     0.020563649
      3790.11      0.11058296     0.020465252
      3793.90      0.13154982     0.020500932
      3797.70      0.13956977     0.020537460
      3801.50      0.14871274     0.020332638
      3805.30      0.15364068     0.020367908
      3809.10      0.16945367     0.020408523
      3812.91      0.18298625     0.020308071
      3816.73      0.18753658     0.020347819
      3820.54      0.21198805     0.020277550
      3824.36      0.23510795     0.020179327
      3828.19      0.26474622     0.020221532
      3832.02      0.27741417     0.020122324
      3835.85      0.29215746     0.020165082
      3839.68      0.30417378     0.020094552
      3843.52      0.32102635     0.019997426
      3847.37      0.33456174     0.020042249
      3851.22      0.33036286     0.020084877
      3855.07      0.33378396     0.019989124
      3858.92      0.33823656     0.020034967
      3862.78      0.35295657     0.019822359
      3866.64      0.35691658     0.019870369
      3870.51      0.36414412     0.019915436
      3874.38      0.36237823     0.019819951
      3878.26      0.36303299     0.019869480
      3882.13      0.36970392     0.019772539
      3886.02      0.37784114     0.019824322
      3889.90      0.38255335     0.019753605
      3893.79      0.37983426     0.019657899
      3897.69      0.38637800     0.019712100
      3901.59      0.40012729     0.019614777
      3905.49      0.41573436     0.019668554
      3909.39      0.41845196     0.019725856
      3913.30      0.43681612     0.019629125
      3917.22      0.45295686     0.019687010
      3921.13      0.47352410     0.019466518
      3925.06      0.49778713     0.019521758
      3928.98      0.52616060     0.019585879
      3932.91      0.54697402     0.019487588
      3936.84      0.56643438     0.019546780
      3940.78      0.58014181     0.019453610
      3944.72      0.59497203     0.019516673
      3948.67      0.60308975     0.019421255
      3952.61      0.60216412     0.019486777
      3956.57      0.61657759     0.019554936
      3960.52      0.63284857     0.019459433
      3964.48      0.65021208     0.019529369
      3968.45      0.66177397     0.019298017
      3972.42      0.66576945     0.019364255
      3976.39      0.67477883     0.019271789
      3980.37      0.68303330     0.019345040
      3984.35      0.68455243     0.019415632
      3988.33      0.67233998     0.019322425
      3992.32      0.66716217     0.019402278
      3996.31      0.67870474     0.019305698
      4000.31      0.68851524     0.019382522
      4004.31      0.68959185     0.019291198
      4008.31      0.69503351     0.019373301
      4012.32      0.70401176     0.019278816
      4016.33      0.71332119     0.019362147
      4020.35      0.71585319     0.019453560
      4024.37      0.72768529     0.019357169
      4028.40      0.72847273     0.019445118
      4032.42      0.72425563     0.019353595
      4036.46      0.71811080     0.019447940
      4040.50      0.70858452     0.019352368
      4044.54      0.71402421     0.019447181
      4048.58      0.72361497     0.019194014
      4052.63      0.71309519     0.019098438
      4056.68      0.70195116     0.019005427
      4060.74      0.69169352     0.018914915
      4064.80      0.68773842     0.018850182
      4068.86      0.68086218     0.018756828
      4072.93      0.68594131     0.018665650
      4077.01      0.69582154     0.018418872
      4081.08      0.69839497     0.018513589
      4085.17      0.68673830     0.018421307
      4089.25      0.67265873     0.018331026
      4093.34      0.65858178     0.018088115
      4097.43      0.64909311     0.018003384
      4101.53      0.64843745     0.018092082
      4105.63      0.63933867     0.018003133
      4109.74      0.61708319     0.017764654
      4113.85      0.60873828     0.017680788
      4117.96      0.59819774     0.017598844
      4122.08      0.59743669     0.017683469
      4126.20      0.58920909     0.017448314
      4130.33      0.58076655     0.017364942
      4134.46      0.58566860     0.017283310
      4138.59      0.59719199     0.017203011
      4142.73      0.60682259     0.016978253
      4146.88      0.61424453     0.017054995
      4151.02      0.62320568     0.016973625
      4155.18      0.61436376     0.016894065
      4159.33      0.60819367     0.016815834
      4163.49      0.59696147     0.016597493
      4167.65      0.58378130     0.016517670
      4171.82      0.58224003     0.016593540
      4175.99      0.57458024     0.016515424
      4180.17      0.58203561     0.016438630
      4184.35      0.57850142     0.016227681
      4188.54      0.57486794     0.016149069
      4192.72      0.58062179     0.016071723
      4196.92      0.58376100     0.015995299
      4201.11      0.57972142     0.016069781
      4205.31      0.57866588     0.015868103
      4209.52      0.59211315     0.015791071
      4213.73      0.60135706     0.015714944
      4217.94      0.60682864     0.015640105
      4222.16      0.61100143     0.015566335
      4226.38      0.61560490     0.015493556
      4230.61      0.60564813     0.015295080
      4234.84      0.60232995     0.015224092
      4239.08      0.59685555     0.015297057
      4243.32      0.58238133     0.015223912
      4247.56      0.57126402     0.015151412
      4251.81      0.57312786     0.015080172
      4256.06      0.57168921     0.014886829
      4260.32      0.57319765     0.014817678
      4264.58      0.56778664     0.014749094
      4268.84      0.55854093     0.014681459
      4273.11      0.55860645     0.014614688
      4277.38      0.55147140     0.014548597
      4281.66      0.54188796     0.014482893
      4285.94      0.53169648     0.014427489
      4290.23      0.51411786     0.014360606
      4294.52      0.50156632     0.014294053
      4298.81      0.48570786     0.014227973
      4303.11      0.47606218     0.014162804
      4307.42      0.46463080     0.014098365
      4311.72      0.44409157     0.014034319
      4316.04      0.44502030     0.013970712
      4320.35      0.43513836     0.013798228
      4324.67      0.43507848     0.013734738
      4329.00      0.44874609     0.013671878
      4333.33      0.46621544     0.013609365
      4337.66      0.48319845     0.013547393
      4342.00      0.49718666     0.013486014
      4346.34      0.50961433     0.013424982
      4350.69      0.52351877     0.013364243
      4355.04      0.54445896     0.013304011
      4359.39      0.55552302     0.013244297
      4363.75      0.56769672     0.013185185
      4368.12      0.57075584     0.013126369
      4372.48      0.57534040     0.012964398
      4376.86      0.59150742     0.012907066
      4381.23      0.59612611     0.012850197
      4385.61      0.59702992     0.012793524
      4390.00      0.59533768     0.012737315
      4394.39      0.59361632     0.012681294
      4398.79      0.60030875     0.012625746
      4403.18      0.60514707     0.012570446
      4407.59      0.61358598     0.012515558
      4412.00      0.61543829     0.012460826
      4416.41      0.61636087     0.012406828
      4420.82      0.62438717     0.012353075
      4425.25      0.62106969     0.012299603
      4429.67      0.62371976     0.012246806
      4434.10      0.62913292     0.012194144
      4438.54      0.62866397     0.012141928
      4442.97      0.63355969     0.012089900
      4447.42      0.64483705     0.012038282
      4451.86      0.65636378     0.011986864
      4456.32      0.67159299     0.011935860
      4460.77      0.68180035     0.011885065
      4465.24      0.68941894     0.011834672
      4469.70      0.70121825     0.011784762
      4474.17      0.71456241     0.011735332
      4478.65      0.71725025     0.011686186
      4483.12      0.73641409     0.011637473
      4487.61      0.74884275     0.011589196
      4492.09      0.76265826     0.011541091
      4496.59      0.77000103     0.011493451
      4501.08      0.78198598     0.011347077
      4505.58      0.79433414     0.011300629
      4510.09      0.80170660     0.011254429
      4514.60      0.81394934     0.011208471
      4519.12      0.82808857     0.011163221
      4523.63      0.83833651     0.011118297
      4528.16      0.85348256     0.011073888
      4532.69      0.86833429     0.011030011
      4537.22      0.88171466     0.010986387
      4541.76      0.89406970     0.010943279
      4546.30      0.90887669     0.010900676
      4550.85      0.91515553     0.010764327
      4555.40      0.92836931     0.010721613
      4559.95      0.92693213     0.010679228
      4564.51      0.93669052     0.010637491
      4569.08      0.95230234     0.010596087
      4573.65      0.96710868     0.010555236
      4578.22      0.98414199     0.010514774
      4582.80      0.99593539     0.010474918
      4587.38      0.99698306     0.010348650
      4591.97       1.0078665     0.010310230
      4596.56       1.0167335     0.010350234
      4601.16       1.0263429     0.010310794
      4605.76       1.0347454     0.010271757
      4610.37       1.0447591     0.010233472
      4614.98       1.0571280     0.010195601
      4619.59       1.0759250     0.010073706
      4624.21       1.0879980     0.010037258
      4628.84       1.0946678     0.010001465
      4633.47       1.1092255    0.0099662460
      4638.10       1.1093311    0.0099316772
      4642.74       1.1167167    0.0099696106
      4647.38       1.1156223    0.0098515458
      4652.03       1.1076982    0.0098167760
      4656.68       1.1020010    0.0097826840
      4661.34       1.1001833    0.0097492758
      4666.00       1.1024488    0.0097164157
      4670.67       1.0901617    0.0096841130
      4675.33       1.0752179    0.0095689725
      4680.01       1.0654148    0.0095365375
      4684.69       1.0542641    0.0095768806
      4689.38       1.0342394    0.0095454071
      4694.07       1.0173941    0.0095147127
      4698.76       1.0023259    0.0094044962
      4703.46      0.98737352    0.0093732485
      4708.16      0.96725180    0.0093425578
      4712.87      0.93924502    0.0093837414
      4717.58      0.91245919    0.0092785815
      4722.30      0.89199655    0.0092479222
      4727.03      0.87030533    0.0092179732
      4731.75      0.84589490    0.0091888440
      4736.48      0.81443379    0.0091606127
      4741.22      0.78669338    0.0091287901
      4745.96      0.77303606    0.0090997997
      4750.71      0.75367949    0.0090715466
      4755.46      0.73657703    0.0090441573
      4760.22      0.71449360    0.0089457659
      4764.97      0.69176311    0.0089201093
      4769.74      0.66992010    0.0089594112
      4774.51      0.64965142    0.0089329103
      4779.29      0.62365764    0.0088365244
      4784.07      0.60868557    0.0088119803
      4788.85      0.59675044    0.0087885359
      4793.64      0.58584786    0.0087572485
      4798.43      0.57087682    0.0087329385
      4803.23      0.55975395    0.0087096636
      4808.03      0.55111977    0.0086874299
      4812.84      0.54640581    0.0086577443
      4817.66      0.54423616    0.0086347200
      4822.48      0.53722179    0.0086126068
      4827.30      0.53076063    0.0085221045
      4832.12      0.53067736    0.0084995949
      4836.96      0.52813051    0.0085414370
      4841.79      0.52277781    0.0085210046
      4846.63      0.52917230    0.0084320785
      4851.48      0.54098999    0.0084109062
      4856.33      0.55061180    0.0084538034
      4861.19      0.56857414    0.0083674367
      4866.05      0.59708087    0.0083468089
      4870.92      0.62985216    0.0083272538
      4875.79      0.67522488    0.0083058534
      4880.66      0.72282349    0.0082855349
      4885.55      0.77082720    0.0082664303
      4890.43      0.82340662    0.0081858953
      4895.32      0.87142547    0.0082273442
      4900.22      0.92570620    0.0082090658
      4905.12      0.98240244    0.0081296792
      4910.02       1.0358760    0.0081720706
      4914.94       1.0812918    0.0081542791
      4919.85       1.1310090    0.0080760796
      4924.77       1.1723507    0.0081190741
      4929.70       1.1982742    0.0080407281
      4934.62       1.2259339    0.0080252770
      4939.56       1.2527223    0.0080112333
      4944.50       1.2583708    0.0079920262
      4949.44       1.2651662    0.0079775480
      4954.39       1.2661824    0.0079643819
      4959.35       1.2616845    0.0079459313
      4964.31       1.2552300    0.0079323957
      4969.27       1.2345860    0.0078583723
      4974.24       1.2138923    0.0079024848
      4979.22       1.1875384    0.0078899945
      4984.20       1.1579248    0.0078165344
      4989.18       1.1225857    0.0078615711
      4994.17       1.0889509    0.0077905691
      4999.16       1.0633481    0.0077776218
      5004.16       1.0373983    0.0078237220
      5009.17       1.0109369    0.0077530121
      5014.18      0.99179662    0.0077413177
      5019.19      0.97616071    0.0077300531
      5024.21      0.96024732    0.0077180334
      5029.23      0.95264033    0.0077085469
      5034.26      0.94809691    0.0076963150
      5039.30      0.93983264    0.0076857037
      5044.34      0.95058013    0.0076761108
      5049.39      0.95487031    0.0076654628
      5054.43      0.95738316    0.0076011542
      5059.49      0.96765184    0.0076466009
      5064.55      0.96830003    0.0075823604
      5069.61      0.97801752    0.0076289573
      5074.68      0.98604811    0.0075649318
      5079.76      0.99227138    0.0075578083
      5084.84      0.99513638    0.0075486904
      5089.92      0.99385910    0.0075414996
      5095.01      0.99817748    0.0075337232
      5100.11      0.99600945    0.0075267137
      5105.21      0.99582358    0.0074654684
      5110.31      0.99545169    0.0075131116
      5115.42      0.99871140    0.0074529411
      5120.54      0.99511162    0.0075006855
      5125.66      0.98910598    0.0074415371
      5130.79      0.98432260    0.0074892829
      5135.92      0.98692347    0.0074308276
      5141.05      0.98669724    0.0074244188
      5146.20      0.98219596    0.0074212933
      5151.34      0.97569239    0.0074152705
      5156.49      0.97260096    0.0074127962
      5161.65      0.97148179    0.0074071800
      5166.81      0.97939354    0.0074053483
      5171.98      0.99136007    0.0074000367
      5177.15       1.0037067    0.0073987614
      5182.33       1.0122054    0.0073938284
      5187.51       1.0135281    0.0073930167
      5192.70       1.0185247    0.0073884460
      5197.89       1.0280173    0.0073881342
      5203.09       1.0364496    0.0073842330
      5208.29       1.0436487    0.0073318711
      5213.50       1.0550587    0.0073302744
      5218.72       1.0655806    0.0073294369
      5223.93       1.0798166    0.0073281418
      5229.16       1.0897648    0.0073279261
      5234.39       1.1102320    0.0073268906
      5239.62       1.1192539    0.0073273611
      5244.86       1.1253414    0.0073265123
      5250.11       1.1296755    0.0073276171
      5255.36       1.1359644    0.0073272994
      5260.61       1.1496008    0.0073286043
      5265.87       1.1618199    0.0073291623
      5271.14       1.1673357    0.0073305586
      5276.41       1.1856073    0.0072809139
      5281.69       1.1992603    0.0073335029
      5286.97       1.2116738    0.0072837806
      5292.26       1.2250728    0.0073374858
      5297.55       1.2414675    0.0072875680
      5302.85       1.2544097    0.0072921192
      5308.15       1.2676419    0.0072924358
      5313.46       1.2832993    0.0072969835
      5318.77       1.2892253    0.0073030152
      5324.09       1.2903575    0.0073028879
      5329.42       1.2879304    0.0073087364
      5334.75       1.2925712    0.0073097821
      5340.08       1.2816541    0.0073154342
      5345.42       1.2708956    0.0072695788
      5350.77       1.2533868    0.0073232878
      5356.12       1.2364761    0.0073300062
      5361.48       1.2293079    0.0072840520
      5366.83       1.2204339    0.0073388955
      5372.20       1.2083272    0.0072944091
      5377.58       1.2230824    0.0073005804
      5382.95       1.2325652    0.0073563450
      5388.34       1.2418364    0.0073119591
      5393.72       1.2500236    0.0073189844
      5399.12       1.2682474    0.0073246253
      5404.52       1.2874096    0.0073312831
      5409.92       1.3082322    0.0073390726
      5415.33       1.3206424    0.0072958367
      5420.75       1.3332675    0.0073525242
      5426.17       1.3521767    0.0073086895
      5431.60       1.3797353    0.0073180429
      5437.03       1.3986697    0.0073754284
      5442.47       1.4188250    0.0073318690
      5447.91       1.4434244    0.0073416970
      5453.36       1.4419935    0.0073525209
      5458.81       1.4393105    0.0073567812
      5464.27       1.4376764    0.0073669551
      5469.73       1.4282212    0.0073780825
      5475.20       1.4100117    0.0073832548
      5480.68       1.3973455    0.0073938276
      5486.16       1.3692747    0.0074052210
      5491.65       1.3392706    0.0073644340
      5497.14       1.3097398    0.0074222319
      5502.64       1.2892150    0.0074338296
      5508.14       1.2695850    0.0073941266
      5513.65       1.2525175    0.0074050758
      5519.16       1.2393771    0.0074167685
      5524.68       1.2321210    0.0074254645
      5530.20       1.2371609    0.0074366050
      5535.73       1.2382468    0.0074484047
      5541.27       1.2397370    0.0074608398
      5546.81       1.2455518    0.0074698388
      5552.36       1.2453465    0.0074816641
      5557.91       1.2210677    0.0074941370
      5563.47       1.2006310    0.0074547140
      5569.04       1.1796164    0.0074681853
      5574.60       1.1509277    0.0075293388
      5580.18       1.1032359    0.0075423232
      5585.76       1.0485526    0.0075030081
      5591.35      0.98583921    0.0075168814
      5596.94      0.93038701    0.0075312330
      5602.53      0.86761076    0.0075460455
      5608.14      0.81066809    0.0075534835
      5613.75      0.75471122    0.0075675791
      5619.36      0.70184495    0.0075822816
      5624.98      0.65065801    0.0075973634
      5630.60      0.61055076    0.0075598004
      5636.23      0.57425189    0.0075741733
      5641.87      0.54058898    0.0076355313
      5647.51      0.52096130    0.0076507093
      5653.16      0.51879221    0.0076662128
      5658.82      0.52213912    0.0076291349
      5664.47      0.53411750    0.0076440182
      5670.14      0.55218434    0.0076592486
      5675.81      0.58153338    0.0076747652
      5681.48      0.62183911    0.0077377556
      5687.17      0.65686609    0.0077018143
      5692.85      0.70588415    0.0077170718
      5698.55      0.76217200    0.0077325962
      5704.25      0.82632071    0.0077483822
      5709.95      0.89033887    0.0077644026
      5715.66      0.95166252    0.0077273645
      5721.38       1.0254831    0.0077438242
      5727.10       1.0924218    0.0077605297
      5732.83       1.1473486    0.0077778452
      5738.56       1.2136198    0.0078429310
      5744.30       1.2673703    0.0078604483
      5750.04       1.3217551    0.0078777135
      5755.79       1.3799340    0.0078409156
      5761.55       1.4346942    0.0078594474
      5767.31       1.4804753    0.0078803071
      5773.08       1.5230023    0.0079037220
      5778.85       1.5574851    0.0079282825
      5784.63       1.5933422    0.0079530837
      5790.41       1.6240953    0.0079790085
      5796.21       1.6470298    0.0079503771
      5802.00       1.6687101    0.0079748625
      5807.81       1.6737688    0.0079965730
      5813.61       1.6810536    0.0080167990
      5819.43       1.6857138    0.0080360222
      5825.25       1.6843293    0.0080538530
      5831.07       1.6874778    0.0080703089
      5836.90       1.6776695    0.0080861076
      5842.74       1.6688803    0.0081023671
      5848.58       1.6636450    0.0081191901
      5854.43       1.6646801    0.0080811966
      5860.29       1.6777312    0.0080966452
      5866.15       1.6849682    0.0081110394
      5872.01       1.6743569    0.0081245792
      5877.89       1.6684247    0.0081380242
      5883.76       1.6679829    0.0081516789
      5889.65       1.6605330    0.0081642148
      5895.54       1.6561561    0.0081759101
      5901.43       1.6496639    0.0081891293
      5907.34       1.6398211    0.0082041149
      5913.24       1.6269242    0.0082185740
      5919.16       1.6063110    0.0082320850
      5925.08       1.5995462    0.0082466879
      5931.00       1.5840438    0.0082624954
      5936.93       1.5681330    0.0082790538
      5942.87       1.5518784    0.0082958771
      5948.81       1.5373245    0.0083130673
      5954.76       1.5188813    0.0083307313
      5960.72       1.5023869    0.0083484980
      5966.68       1.4951883    0.0083662325
      5972.64       1.4823614    0.0083356921
      5978.62       1.4645274    0.0083534889
      5984.60       1.4338538    0.0083713508
      5990.58       1.4195926    0.0083893164
      5996.57       1.4061127    0.0084073017
      6002.57       1.3945951    0.0084252947
      6008.57       1.3891769    0.0084432902
      6014.58       1.3750915    0.0084613293
      6020.60       1.3652209    0.0084793730
      6026.62       1.3540834    0.0084974891
      6032.65       1.3381763    0.0084663788
      6038.68       1.3221014    0.0084837525
      6044.72       1.2987463    0.0085012287
      6050.76       1.2778823    0.0085187093
      6056.81       1.2593624    0.0085362121
      6062.87       1.2369857    0.0085537474
      6068.93       1.2124115    0.0085713046
      6075.00       1.1960564    0.0085889691
      6081.08       1.1789954    0.0085580599
      6087.16       1.1707108    0.0085756093
      6093.25       1.1683747    0.0085932528
      6099.34       1.1614810    0.0086653683
      6105.44       1.1607981    0.0086824639
      6111.54       1.1695674    0.0086999549
      6117.66       1.1909212    0.0086710026
      6123.78       1.2038011    0.0086929402
      6129.90       1.2086820    0.0087109912
      6136.03       1.2157515    0.0087274047
      6142.17       1.2223731    0.0087480942
      6148.31       1.2200415    0.0087244126
      6154.46       1.2185562    0.0087543492
      6160.61       1.2068726    0.0088456657
      6166.77       1.1949924    0.0088827686
      6172.94       1.1851559    0.0089205798
      6179.11       1.1680459    0.0089077662
      6185.29       1.1556615    0.0089386740
      6191.48       1.1472971    0.0089644755
      6197.67       1.1363605    0.0089841424
      6203.87       1.1264944    0.0090022886
      6210.07       1.1163155    0.0090068057
      6216.28       1.1085595    0.0090070255
      6222.50       1.0992698    0.0090053178
      6228.72       1.0981254    0.0089541552
      6234.95       1.0950026    0.0089585083
      6241.19       1.0863340    0.0090222895
      6247.42       1.0833718    0.0090279933
      6253.67       1.0795824    0.0089817271
      6259.93       1.0791893    0.0089901793
      6266.19       1.0679409    0.0089999722
      6272.46       1.0592969    0.0090637827
      6278.73       1.0499306    0.0090229630
      6285.01       1.0382653    0.0090339861
      6291.29       1.0298856    0.0090458348
      6297.58       1.0243141    0.0090061182
      6303.88       1.0229120    0.0090741176
      6310.19       1.0246236    0.0090876656
      6316.50       1.0211818    0.0090506970
      6322.81       1.0176934    0.0090636855
      6329.14       1.0105218    0.0091338747
      6335.47       1.0075073    0.0090991864
      6341.80      0.99892655    0.0091149843
      6348.14      0.99566344    0.0091335717
      6354.49      0.98638904    0.0091631133
      6360.85      0.97463596    0.0091820048
      6367.21      0.96499384    0.0091998430
      6373.57      0.94948901    0.0091676288
      6379.95      0.92702249    0.0092415407
      6386.33      0.89994492    0.0092565340
      6392.72      0.87040736    0.0092191676
      6399.11      0.84216513    0.0092306997
      6405.51      0.80193427    0.0092940329
      6411.92      0.77061482    0.0092507107
      6418.32      0.73835151    0.0092591038
      6424.74      0.70512480    0.0092705281
      6431.17      0.68317939    0.0092798705
      6437.60      0.66107985    0.0092906188
      6444.04      0.64477800    0.0093026592
      6450.48      0.63459251    0.0093103181
      6456.94      0.63850902    0.0092648968
      6463.39      0.65749618    0.0093252693
      6469.85      0.67842073    0.0093320572
      6476.33      0.70918605    0.0092866260
      6482.80      0.74629842    0.0093473523
      6489.28      0.79499387    0.0092998414
      6495.77      0.84823669    0.0093040636
      6502.27      0.90014916    0.0093149073
      6508.77      0.96092586    0.0093206081
      6515.28       1.0154101    0.0093276351
      6521.80       1.0797346    0.0093391705
      6528.32       1.1384639    0.0093458880
      6534.85       1.1990040    0.0093030315
      6541.38       1.2457723    0.0093638862
      6547.92       1.2929489    0.0093198909
      6554.47       1.3380867    0.0093807245
      6561.03       1.3663509    0.0093358489
      6567.59       1.3934577    0.0093430059
      6574.16       1.4074960    0.0093513940
      6580.73       1.4187916    0.0093577212
      6587.31       1.4265976    0.0093658482
      6593.90       1.4182328    0.0093714625
      6600.50       1.4133232    0.0093250322
      6607.10       1.3969267    0.0093839883
      6613.70       1.3817934    0.0093369902
      6620.32       1.3620462    0.0093952989
      6626.94       1.3448225    0.0093479470
      6633.57       1.3353148    0.0094056239
      6640.20       1.3220876    0.0093576421
      6646.84       1.3164549    0.0093605880
      6653.49       1.3137253    0.0093660654
      6660.14       1.3108266    0.0093182307
      6666.80       1.3085549    0.0093731079
      6673.47       1.3194471    0.0093246524
      6680.14       1.3238162    0.0093789624
      6686.82       1.3266912    0.0093320041
      6693.51       1.3283170    0.0093973847
      6700.20       1.3318712    0.0093873132
      6706.90       1.3318938    0.0094539747
      6713.61       1.3289860    0.0093944858
      6720.32       1.3101001    0.0094097658
      6727.05       1.2937648    0.0094556362
      6733.77       1.2661639    0.0095486201
      6740.51       1.2399743    0.0096495321
      6747.25       1.2000810    0.0098015874
      6754.00       1.1633048    0.0099024114
      6760.75       1.1232608     0.010099658
      6767.51       1.0756329     0.010168671
      6774.28       1.0206524     0.010263140
      6781.05      0.97676120     0.010292518
      6787.84      0.93126960     0.010274573
      6794.62      0.89605415     0.010214096
      6801.42      0.86154200     0.010099731
      6808.22      0.82696812    0.0099642499
      6815.03      0.80595382    0.0098551278
      6821.85      0.79304855    0.0097517879
      6828.67      0.80087200    0.0096416091
      6835.50      0.81217919    0.0096322333
      6842.33      0.83970276    0.0095043951
      6849.17      0.86582282    0.0094425561
      6856.02      0.89631697    0.0094551927
      6862.88      0.93454573    0.0093680368
      6869.74      0.97400310    0.0093330895
      6876.61       1.0089892    0.0093112816
      6883.49       1.0457492    0.0092899528
      6890.37       1.0812862    0.0092749181
      6897.27       1.1194926    0.0092142972
      6904.16       1.1552492    0.0092520558
      6911.07       1.1867654    0.0091873330
      6917.98       1.2141288    0.0091681023
      6924.89       1.2412385    0.0091955264
      6931.82       1.2597514    0.0091217725
      6938.75       1.2724973    0.0090978593
      6945.69       1.2897251    0.0090766000
      6952.64       1.3087996    0.0090568365
      6959.59       1.3298889    0.0090335159
      6966.55       1.3465045    0.0090112776
      6973.52       1.3494391    0.0089440716
      6980.49       1.3402976    0.0089240786
      6987.47       1.3240537    0.0089555915
      6994.46       1.3034264    0.0089013666
      7001.46       1.2684574    0.0088934900
      7008.46       1.2331680    0.0088865940
      7015.46       1.2010737    0.0088826027
      7022.48       1.1695711    0.0088839095
      7029.51       1.1514213    0.0089000295
      7036.53       1.1427150    0.0089360891
      7043.57       1.1293339    0.0089493504
      7050.62       1.1251110    0.0090651167
      7057.66       1.1205112    0.0091525842
      7064.72       1.1132036    0.0091681415
      7071.79       1.1159280    0.0092117920
      7078.86       1.1261911    0.0091277436
      7085.94       1.1409633    0.0090286913
      7093.03       1.1511879    0.0089219688
      7100.12       1.1589841    0.0088029201
      7107.22       1.1632833    0.0086810067
      7114.33       1.1608994    0.0085589737
      7121.44       1.1641752    0.0084827136
      7128.56       1.1568198    0.0083650492
      7135.69       1.1581822    0.0082548307
      7142.83       1.1582488    0.0081194524
      7149.97       1.1583723    0.0080216828
      7157.12       1.1547294    0.0079581494
      7164.28       1.1471722    0.0078499342
      7171.44       1.1425867    0.0077317987
      7178.62       1.1318564    0.0076056586
      7185.80       1.1258444    0.0074755347
      7192.98       1.1182116    0.0073223516
      7200.17       1.1085092    0.0071959923
      7207.38       1.0935087    0.0071117202
      7214.58       1.0759624    0.0069991244
      7221.80       1.0532232    0.0068909966
      7229.02       1.0354379    0.0067844830
      7236.25       1.0165625    0.0066796507
      7243.49      0.99754420    0.0065783600
      7250.73      0.98530013    0.0064812095
      7257.98      0.97227799    0.0063711065
      7265.24      0.95583406    0.0062822178
      7272.51      0.93704851    0.0061962422
      7279.78      0.92601692    0.0061120190
      7287.06      0.91477457    0.0060535033
      7294.35      0.90360023    0.0059734687
      7301.64      0.89561242    0.0058948784
      7308.94      0.88413752    0.0058174817
      7316.25      0.88134724    0.0057409831
      7323.57      0.87830714    0.0056651074
      7330.89      0.87479954    0.0056771694
      7338.22      0.87298987    0.0057301509
      7345.56      0.86895917    0.0058131123
      7352.91      0.86877535    0.0059169679
      7360.26      0.86493446    0.0060481177
      7367.62      0.86110742    0.0062162048
      7374.99      0.85715173    0.0064337835
      7382.37      0.85704076    0.0067192805
      7389.75      0.85704978    0.0070950006
      7397.14      0.85544203    0.0075930246
      7404.53      0.85418056    0.0082502937
      7411.94      0.85481007    0.0091144092
      7419.35      0.85351368     0.010235070
      7426.77      0.85073610     0.011676483
      7434.20      0.84738312     0.013509855
      7441.63      0.84174967     0.016034857
