# starting wavelength =        3409.5700
# ending wavelength =        7268.7700
# O2 telluric scale =        0
# O2 telluric shift =        0
# H2O telluric scale =        0
# H2O telluric shift =        0
      3412.49      0.64154095      0.17656753
      3415.91      0.60170162      0.15043300
      3419.32      0.56442249      0.12957489
      3422.74      0.54502893      0.11308920
      3426.17      0.51927443     0.097852013
      3429.59      0.50179222     0.088309997
      3433.02      0.50868066     0.080909652
      3436.45      0.52327644     0.075182409
      3439.89      0.53210574     0.070755022
      3443.33      0.54709386     0.067808731
      3446.78      0.56395775     0.064897254
      3450.22      0.57832969     0.062585586
      3453.67      0.61212331     0.060723915
      3457.13      0.65019887     0.058773685
      3460.58      0.64832539     0.057537426
      3464.04      0.65833576     0.056489732
      3467.51      0.66070305     0.055592895
      3470.98      0.66169921     0.054818952
      3474.45      0.67650954     0.054063037
      3477.92      0.71155982     0.054202082
      3481.40      0.73225910     0.054348254
      3484.88      0.72886185     0.054215833
      3488.37      0.71878061     0.054017640
      3491.86      0.73715123     0.053883565
      3495.35      0.76043554     0.054027438
      3498.84      0.72972692     0.054181068
      3502.34      0.67368114     0.053699998
      3505.84      0.64837396     0.053850870
      3509.35      0.63170782     0.053719063
      3512.86      0.60496160     0.053865867
      3516.37      0.56652848     0.053682290
      3519.89      0.52133899     0.053539654
      3523.41      0.50042096     0.053699485
      3526.93      0.49583083     0.053571567
      3530.46      0.44552918     0.053371412
      3533.99      0.38400579     0.053533252
      3537.53      0.36952504     0.053392908
      3541.06      0.34630869     0.053207450
      3544.60      0.29889922     0.053369669
      3548.15      0.28654950     0.053237477
      3551.70      0.27273095     0.053398944
      3555.25      0.24342656     0.053217987
      3558.80      0.22169548     0.053073739
      3562.36      0.20784124     0.053249604
      3565.92      0.21064589     0.053422791
      3569.49      0.22967317     0.052923562
      3573.06      0.22364483     0.053097186
      3576.64      0.21594283     0.053279970
      3580.21      0.26025799     0.052773233
      3583.79      0.29237842     0.052953620
      3587.38      0.33260211     0.053138037
      3590.96      0.35343178     0.052630585
      3594.55      0.36843294     0.052814004
      3598.15      0.37083360     0.053001814
      3601.75      0.38345279     0.052874635
      3605.35      0.40517812     0.052678474
      3608.96      0.37661770     0.052870978
      3612.56      0.34082588     0.052730803
      3616.18      0.35206205     0.052546962
      3619.79      0.35906119     0.052744703
      3623.41      0.35704671     0.052945740
      3627.04      0.39937830     0.052420152
      3630.66      0.42902171     0.052621081
      3634.29      0.43026918     0.052830315
      3637.93      0.40734350     0.052297661
      3641.57      0.38027610     0.052506336
      3645.21      0.37505109     0.052715214
      3648.86      0.36042595     0.052937951
      3652.50      0.37799331     0.052390690
      3656.16      0.36760926     0.052614638
      3659.81      0.35824228     0.052829853
      3663.47      0.37134460     0.052652829
      3667.14      0.41445521     0.052505795
      3670.80      0.42560962     0.052746359
      3674.48      0.44939176     0.052551344
      3678.15      0.49365767     0.052787152
      3681.83      0.51873195     0.052645553
      3685.51      0.50026465     0.052459627
      3689.20      0.51018041     0.052704202
      3692.88      0.52317675     0.052517828
      3696.58      0.52959617     0.052383605
      3700.27      0.52814340     0.052618648
      3703.98      0.52231297     0.052441212
      3707.68      0.50333712     0.052692040
      3711.39      0.52812655     0.052949606
      3715.10      0.52458029     0.052368786
      3718.81      0.51263823     0.052622095
      3722.53      0.52995235     0.052899209
      3726.26      0.49172562     0.052705281
      3729.98      0.48902571     0.052982457
      3733.71      0.46302219     0.052836312
      3737.45      0.50468160     0.052652503
      3741.18      0.51967046     0.052941477
      3744.93      0.50938318     0.052750749
      3748.67      0.51735950     0.053042984
      3752.42      0.55510651     0.052895117
      3756.17      0.56005363     0.052710270
      3759.93      0.56614686     0.053015179
      3763.69      0.54778149     0.052824509
      3767.45      0.55434930     0.053132944
      3771.22      0.52319089     0.053447386
      3774.99      0.52688833     0.052797337
      3778.77      0.50273158     0.053126056
      3782.54      0.47688614     0.053435779
      3786.33      0.46604550     0.053252799
      3790.11      0.44336623     0.053594728
      3793.90      0.43091599     0.053404873
      3797.70      0.43631232     0.053275256
      3801.50      0.41595439     0.053075171
      3805.30      0.40776435     0.052891007
      3809.10      0.41080139     0.052758095
      3812.91      0.40135213     0.052561779
      3816.73      0.41331891     0.052381834
      3820.54      0.41028382     0.052247266
      3824.36      0.42077469     0.052055644
      3828.19      0.42572177     0.051407824
      3832.02      0.43494668     0.051743035
      3835.85      0.43074265     0.051556685
      3839.68      0.45571751     0.050914151
      3843.52      0.47738193     0.051243803
      3847.37      0.47433077     0.051060037
      3851.22      0.49792573     0.050423696
      3855.07      0.50387841     0.050749316
      3858.92      0.48147622     0.050568203
      3862.78      0.53610690     0.049938270
      3866.64      0.58143721     0.049776195
      3870.51      0.63958158     0.050081110
      3874.38      0.67513104     0.049458036
      3878.26      0.74984618     0.049295120
      3882.13      0.78208630     0.049150575
      3886.02      0.81029144     0.048982123
      3889.90      0.84673005     0.048819467
      3893.79      0.85809126     0.048222896
      3897.69      0.89683931     0.048510108
      3901.59      0.91861747     0.048347637
      3905.49      0.95609222     0.048190601
      3909.39      0.96630795     0.048043015
      3913.30      0.98452704     0.047880132
      3917.22      0.99976804     0.047722408
      3921.13       1.0383999     0.047136898
      3925.06       1.0511915     0.047418442
      3928.98       1.0305993     0.047259886
      3932.91       1.0398130     0.046689724
      3936.84       1.0890662     0.046522842
      3940.78       1.1311174     0.046803504
      3944.72       1.1385437     0.046251318
      3948.67       1.1534379     0.046081514
      3952.61       1.1770800     0.045920122
      3956.57       1.1780589     0.045761515
      3960.52       1.2015858     0.045649288
      3964.48       1.2036506     0.045484035
      3968.45       1.2234040     0.045325485
      3972.42       1.2312215     0.045168908
      3976.39       1.2205758     0.045059356
      3980.37       1.1970472     0.044897469
      3984.35       1.1581833     0.044737430
      3988.33       1.1723025     0.044194778
      3992.32       1.1908600     0.044048135
      3996.31       1.1840419     0.044317794
      4000.31       1.1503861     0.044159502
      4004.31       1.1442471     0.043624005
      4008.31       1.1027801     0.043478151
      4012.32       1.0658217     0.043334186
      4016.33       1.0518660     0.043592753
      4020.35       1.0170131     0.043063940
      4024.37       1.0074680     0.042916398
      4028.40      0.97529605     0.042772860
      4032.42      0.95179361     0.042634527
      4036.46      0.92635601     0.042497686
      4040.50      0.89117997     0.042363915
      4044.54      0.88769429     0.042220363
      4048.58      0.86195494     0.042080796
      4052.63      0.81687016     0.041942149
      4056.68      0.80934666     0.041444536
      4060.74      0.78633861     0.041301729
      4064.80      0.81765453     0.041538149
      4068.86      0.80790803     0.041399349
      4072.93      0.79899583     0.041264790
      4077.01      0.79818947     0.040780514
      4081.08      0.77025733     0.040638293
      4085.17      0.71105824     0.040499977
      4089.25      0.71116559     0.040363279
      4093.34      0.74293103     0.040596823
      4097.43      0.77228243     0.040130845
      4101.53      0.79499313     0.039991738
      4105.63      0.77758078     0.039852597
      4109.74      0.76905255     0.039716505
      4113.85      0.78379637     0.039583863
      4117.96      0.80110006     0.039119604
      4122.08      0.79370052     0.038990257
      4126.20      0.79268098     0.039224618
      4130.33      0.77735023     0.039089190
      4134.46      0.77885359     0.038955122
      4138.59      0.75046588     0.038824205
      4142.73      0.76431650     0.038694187
      4146.88      0.73821279     0.038240835
      4151.02      0.70948247     0.038115202
      4155.18      0.67120208     0.037990649
      4159.33      0.62949511     0.037867416
      4163.49      0.63420701     0.037745715
      4167.65      0.64421005     0.037960762
      4171.82      0.67015978     0.037514419
      4175.99      0.68380722     0.037389043
      4180.17      0.70254391     0.037265848
      4184.35      0.70325033     0.037143027
      4188.54      0.70036876     0.037021073
      4192.72      0.69095255     0.036901230
      4196.92      0.68980135     0.036781731
      4201.11      0.67203308     0.036662848
      4205.31      0.68618694     0.036545957
      4209.52      0.70404867     0.036126840
      4213.73      0.70286406     0.036007290
      4217.94      0.70759984     0.035889046
      4222.16      0.72721786     0.035771446
      4226.38      0.72970293     0.035654535
      4230.61      0.72818600     0.035538805
      4234.84      0.70450058     0.035423677
      4239.08      0.70666932     0.035309055
      4243.32      0.70218205     0.035195440
      4247.56      0.70195972     0.035393627
      4251.81      0.71204825     0.035005845
      4256.06      0.71150244     0.034891031
      4260.32      0.70624312     0.034777902
      4264.58      0.69083706     0.034664763
      4268.84      0.67919761     0.034552172
      4273.11      0.65626809     0.034441173
      4277.38      0.68186656     0.034330165
      4281.66      0.70998994     0.034219558
      4285.94      0.73122289     0.034110432
      4290.23      0.76780003     0.034001201
      4294.52      0.77949134     0.033893177
      4298.81      0.80270764     0.033786007
      4303.11      0.83424674     0.033679085
      4307.42      0.85763039     0.033572582
      4311.72      0.86035909     0.033466962
      4316.04      0.84360961     0.033361601
      4320.35      0.85848228     0.033256639
      4324.67      0.86084825     0.032872381
      4329.00      0.87765695     0.032501454
      4333.33      0.86025545     0.032400917
      4337.66      0.84442332     0.032300300
      4342.00      0.82494038     0.032199766
      4346.34      0.82460763     0.032100714
      4350.69      0.80307226     0.032001683
      4355.04      0.77445437     0.031902791
      4359.39      0.76049496     0.031805412
      4363.75      0.72187540     0.031708113
      4368.12      0.66928067     0.031610970
      4372.48      0.63720110     0.031515314
      4376.86      0.61747813     0.031419762
      4381.23      0.61691267     0.031324352
      4385.61      0.60984240     0.031230368
      4390.00      0.61234174     0.031137311
      4394.39      0.59044324     0.031044408
      4398.79      0.58321406     0.030952157
      4403.18      0.59010372     0.030587697
      4407.59      0.58174433     0.030494787
      4412.00      0.56738415     0.030403145
      4416.41      0.58284800     0.030552846
      4420.82      0.60203936     0.030461021
      4425.25      0.61932295     0.030370793
      4429.67      0.64663791     0.030281365
      4434.10      0.64662650     0.030192250
      4438.54      0.65442730     0.030103992
      4442.97      0.67155663     0.030016779
      4447.42      0.67551847     0.029677756
      4451.86      0.69238844     0.029589398
      4456.32      0.69227230     0.029501843
      4460.77      0.73196261     0.029414202
      4465.24      0.78818489     0.029328070
      4469.70      0.82729019     0.029242957
      4474.17      0.85985189     0.029158183
      4478.65      0.87884428     0.029074224
      4483.12      0.89596295     0.028754910
      4487.61      0.91395513     0.028673265
      4492.09      0.92226112     0.028814681
      4496.59      0.95041694     0.028730760
      4501.08       1.0008098     0.028647026
      4505.58       1.0367534     0.028564957
      4510.09       1.0581972     0.028484111
      4514.60       1.0925336     0.028171138
      4519.12       1.0970186     0.028093220
      4523.63       1.1065997     0.028016984
      4528.16       1.1063821     0.027940686
      4532.69       1.0941484     0.027866127
      4537.22       1.1024178     0.027996819
      4541.76       1.0929569     0.027690014
      4546.30       1.1171229     0.027614315
      4550.85       1.1279579     0.027539889
      4555.40       1.1288044     0.027465654
      4559.95       1.1087410     0.027393842
      4564.51       1.0877459     0.027092961
      4569.08       1.0884039     0.027017888
      4573.65       1.1013462     0.027153322
      4578.22       1.0998545     0.027081331
      4582.80       1.1355179     0.027010500
      4587.38       1.1446391     0.026719278
      4591.97       1.1542581     0.026646513
      4596.56       1.1594192     0.026574751
      4601.16       1.1859931     0.026505651
      4605.76       1.1909402     0.026430159
      4610.37       1.2175414     0.026356916
      4614.98       1.2309377     0.026286272
      4619.59       1.2336090     0.026216970
      4624.21       1.2424822     0.026148952
      4628.84       1.2243631     0.025877994
      4633.47       1.1970424     0.026005509
      4638.10       1.1827446     0.025936581
      4642.74       1.1463001     0.025870632
      4647.38       1.1257967     0.025601623
      4652.03       1.0966025     0.025539561
      4656.68       1.0537836     0.025665809
      4661.34       1.0339106     0.025599446
      4666.00       1.0036368     0.025334923
      4670.67      0.99855566     0.025274910
      4675.33      0.97845597     0.025215721
      4680.01      0.96591067     0.025137000
      4684.69      0.96985647     0.025075712
      4689.38      0.98693049     0.025016002
      4694.07       1.0032699     0.024959439
      4698.76       1.0094089     0.024697530
      4703.46       1.0055336     0.024823014
      4708.16       1.0176852     0.024766309
      4712.87       1.0282263     0.024511912
      4717.58       1.0298800     0.024452194
      4722.30       1.0333618     0.024579447
      4727.03       1.0412416     0.024331733
      4731.75       1.0087163     0.024271926
      4736.48       1.0038389     0.024215561
      4741.22      0.97132153     0.024342750
      4745.96      0.94794623     0.024096152
      4750.71      0.94091110     0.024040008
      4755.46      0.91954359     0.023985254
      4760.22      0.89640365     0.023924402
      4764.97      0.88769050     0.023868162
      4769.74      0.84561097     0.023814046
      4774.51      0.82055144     0.023756803
      4779.29      0.80619947     0.023700596
      4784.07      0.78492473     0.023647299
      4788.85      0.76465129     0.023418620
      4793.64      0.74415922     0.023537240
      4798.43      0.73672964     0.023306542
      4803.23      0.73182454     0.023258635
      4808.03      0.73914135     0.023377677
      4812.84      0.72764247     0.023149583
      4817.66      0.72272301     0.023103000
      4822.48      0.73780744     0.023059500
      4827.30      0.75124928     0.022996666
      4832.12      0.79097400     0.022951402
      4836.96      0.84037840     0.022727752
      4841.79      0.86476833     0.022847273
      4846.63      0.86435684     0.022803667
      4851.48      0.87278695     0.022581458
      4856.33      0.89215700     0.022702228
      4861.19      0.88285723     0.022486130
      4866.05      0.89611783     0.022439214
      4870.92      0.89588778     0.022561204
      4875.79      0.89364963     0.022345376
      4880.66      0.87220365     0.022301069
      4885.55      0.84457958     0.022254856
      4890.43      0.83726014     0.022208682
      4895.32      0.84329373     0.022330500
      4900.22      0.84673050     0.022119583
      4905.12      0.82444650     0.022076346
      4910.02      0.83810303     0.022032780
      4914.94      0.86152995     0.021988533
      4919.85      0.87686151     0.021787699
      4924.77      0.91635325     0.021903116
      4929.70      0.93742614     0.021701847
      4934.62      0.95590237     0.021820102
      4939.56      0.96373686     0.021778402
      4944.50      0.98487658     0.021581977
      4949.44       1.0124961     0.021696517
      4954.39       1.0281214     0.021500242
      4959.35       1.0253817     0.021616483
      4964.31       1.0152717     0.021420219
      4969.27       1.0010693     0.021387602
      4974.24      0.96663385     0.021342575
      4979.22      0.95016079     0.021309237
      4984.20      0.90494864     0.021266313
      4989.18      0.87975960     0.021233092
      4994.17      0.85651400     0.021041021
      4999.16      0.81674927     0.021158620
      5004.16      0.80557297     0.020968744
      5009.17      0.78405222     0.021086059
      5014.18      0.76023034     0.020898393
      5019.19      0.76032716     0.021015140
      5024.21      0.75778704     0.020829169
      5029.23      0.77761868     0.020946189
      5034.26      0.77825101     0.020761708
      5039.30      0.80391343     0.020729084
      5044.34      0.81803749     0.020695004
      5049.39      0.84624960     0.020663473
      5054.43      0.84240146     0.020630371
      5059.49      0.84881515     0.020453058
      5064.55      0.85458111     0.020566777
      5069.61      0.85637102     0.020390968
      5074.68      0.87866559     0.020504710
      5079.76      0.87523756     0.020330637
      5084.84      0.90028606     0.020443739
      5089.92      0.92350067     0.020271700
      5095.01      0.94669764     0.020384668
      5100.11      0.96378956     0.020213925
      5105.21      0.97194244     0.020183138
      5110.31      0.97776504     0.020158005
      5115.42      0.99933473     0.020127161
      5120.54       1.0101143     0.020103976
      5125.66       1.0176764     0.020072475
      5130.79       1.0240520     0.019906349
      5135.92       1.0433754     0.020019880
      5141.05       1.0360025     0.019853165
      5146.20       1.0497054     0.019968995
      5151.34       1.0202655     0.019801926
      5156.49       1.0286527     0.019779169
      5161.65       1.0154851     0.019752649
      5166.81       1.0000734     0.019728729
      5171.98      0.99257542     0.019843911
      5177.15      0.96659688     0.019680177
      5182.33      0.96723963     0.019659708
      5187.51      0.96515873     0.019634190
      5192.70      0.96825260     0.019612158
      5197.89      0.96994966     0.019455820
      5203.09      0.98622251     0.019566699
      5208.29       1.0033746     0.019547595
      5213.50       1.0132445     0.019523519
      5218.72       1.0485116     0.019502773
      5223.93       1.0748108     0.019349225
      5229.16       1.1127296     0.019460603
      5234.39       1.1353309     0.019310603
      5239.62       1.1709871     0.019288467
      5244.86       1.1955906     0.019400770
      5250.11       1.2078447     0.019251349
      5255.36       1.2469314     0.019230347
      5260.61       1.2432032     0.019217043
      5265.87       1.2597640     0.019195377
      5271.14       1.2659628     0.019175617
      5276.41       1.2820352     0.019027966
      5281.69       1.2908531     0.019141935
      5286.97       1.2912904     0.019123388
      5292.26       1.3026179     0.018977166
      5297.55       1.3135170     0.019091212
      5302.85       1.3237947     0.019073995
      5308.15       1.3146414     0.018928145
      5313.46       1.3050002     0.018915056
      5318.77       1.3096352     0.018896698
      5324.09       1.3123013     0.018881942
      5329.42       1.2976835     0.018869597
      5334.75       1.2889564     0.018852596
      5340.08       1.2886890     0.018838179
      5345.42       1.2852415     0.018826455
      5350.77       1.2727585     0.018686757
      5356.12       1.2783080     0.018797090
      5361.48       1.2627261     0.018784975
      5366.83       1.2606824     0.018648235
      5372.20       1.2554810     0.018634837
      5377.58       1.2683954     0.018746062
      5382.95       1.2623589     0.018735643
      5388.34       1.2625204     0.018599407
      5393.72       1.2664402     0.018587047
      5399.12       1.2714638     0.018576675
      5404.52       1.2715379     0.018567264
      5409.92       1.2651816     0.018555057
      5415.33       1.2702250     0.018544042
      5420.75       1.2825099     0.018409922
      5426.17       1.3081319     0.018401666
      5431.60       1.3282838     0.018514658
      5437.03       1.3475560     0.018504628
      5442.47       1.3626569     0.018371420
      5447.91       1.3674393     0.018363372
      5453.36       1.3761910     0.018356800
      5458.81       1.3863777     0.018468869
      5464.27       1.3706241     0.018336538
      5469.73       1.3611850     0.018329031
      5475.20       1.3562596     0.018322430
      5480.68       1.3477822     0.018317191
      5486.16       1.3287706     0.018188474
      5491.65       1.3105616     0.018298489
      5497.14       1.2987867     0.018291917
      5502.64       1.2794768     0.018286314
      5508.14       1.2634865     0.018281549
      5513.65       1.2476884     0.018154949
      5519.16       1.2406796     0.018148722
      5524.68       1.2387646     0.018143060
      5530.20       1.2406006     0.018254827
      5535.73       1.2232230     0.018133808
      5541.27       1.2129249     0.018127379
      5546.81       1.2067275     0.018121936
      5552.36       1.1820102     0.018116619
      5557.91       1.1681284     0.018112221
      5563.47       1.1434367     0.018108115
      5569.04       1.1167881     0.017985673
      5574.60       1.0795357     0.017982555
      5580.18       1.0547766     0.018095604
      5585.76       1.0273446     0.018091476
      5591.35      0.99606737     0.018087607
      5596.94      0.96979027     0.018084195
      5602.53      0.93760010     0.017962279
      5608.14      0.90794660     0.017959649
      5613.75      0.88085712     0.017957308
      5619.36      0.86153302     0.017955416
      5624.98      0.84882423     0.017953747
      5630.60      0.84348416     0.017952406
      5636.23      0.84314396     0.017951388
      5641.87      0.84196889     0.017832667
      5647.51      0.86957656     0.017830653
      5653.16      0.89961304     0.017828818
      5658.82      0.91732919     0.017827482
      5664.47      0.94133033     0.017826146
      5670.14      0.95734945     0.017825211
      5675.81      0.98264258     0.017935429
      5681.48      0.98614405     0.017934806
      5687.17       1.0071254     0.017934126
      5692.85       1.0272761     0.017821737
      5698.55       1.0299390     0.017820961
      5704.25       1.0432684     0.017820926
      5709.95       1.0386145     0.017822119
      5715.66       1.0410189     0.017824374
      5721.38       1.0257732     0.017825630
      5727.10       1.0251037     0.017827102
      5732.83       1.0219598     0.017829939
      5738.56       1.0299030     0.017836572
      5744.30       1.0510302     0.017849154
      5750.04       1.0570667     0.017759209
      5755.79       1.0843486     0.017775741
      5761.55       1.1078865     0.017793787
      5767.31       1.1180167     0.017814400
      5773.08       1.1441835     0.017831970
      5778.85       1.1629865     0.017843269
      5784.63       1.1824529     0.017735209
      5790.41       1.1968237     0.017740549
      5796.21       1.2281693     0.017743645
      5802.00       1.2407474     0.017742989
      5807.81       1.2487659     0.017740650
      5813.61       1.2681372     0.017737923
      5819.43       1.2807157     0.017736835
      5825.25       1.2717308     0.017735676
      5831.07       1.2733379     0.017732788
      5836.90       1.2942899     0.017727807
      5842.74       1.3031273     0.017720621
      5848.58       1.3014995     0.017601162
      5854.43       1.2949899     0.017592984
      5860.29       1.2696063     0.017584325
      5866.15       1.2548741     0.017572609
      5872.01       1.2364650     0.017672718
      5877.89       1.2232276     0.017667079
      5883.76       1.2412110     0.017661721
      5889.65       1.2472140     0.017654331
      5895.54       1.2521265     0.017648079
      5901.43       1.2572036     0.017539220
      5907.34       1.2754077     0.017536535
      5913.24       1.2745362     0.017535303
      5919.16       1.2745626     0.017534131
      5925.08       1.2761662     0.017534464
      5931.00       1.2796318     0.017535608
      5936.93       1.2661722     0.017433248
      5942.87       1.2844794     0.017434889
      5948.81       1.2977118     0.017436214
      5954.76       1.2806414     0.017438603
      5960.72       1.2531176     0.017440679
      5966.68       1.2268599     0.017548105
      5972.64       1.1837823     0.017445482
      5978.62       1.1549185     0.017446829
      5984.60       1.1294456     0.017448346
      5990.58       1.1159800     0.017450100
      5996.57       1.1159941     0.017452608
      6002.57       1.1113437     0.017350254
      6008.57       1.1080133     0.017351251
      6014.58       1.0995783     0.017351835
      6020.60       1.1053398     0.017460372
      6026.62       1.1043259     0.017461665
      6032.65       1.0928188     0.017360953
      6038.68       1.1056601     0.017360644
      6044.72       1.1130794     0.017360927
      6050.76       1.1260434     0.017361717
      6056.81       1.1341866     0.017262845
      6062.87       1.1495424     0.017369031
      6068.93       1.1480406     0.017368162
      6075.00       1.1486462     0.017368417
      6081.08       1.1449745     0.017269456
      6087.16       1.1383731     0.017274467
      6093.25       1.1439319     0.017285223
      6099.34       1.1409442     0.017392060
      6105.44       1.1391154     0.017290129
      6111.54       1.1398179     0.017295149
      6117.66       1.1354968     0.017310423
      6123.78       1.1249848     0.017334618
      6129.90       1.1154217     0.017374244
      6136.03       1.1261332     0.017411890
      6142.17       1.1217190     0.017452423
      6148.31       1.1222989     0.017392275
      6154.46       1.1233066     0.017530294
      6160.61       1.1178008     0.017550832
      6166.77       1.1160990     0.017456703
      6172.94       1.0955878     0.017449287
      6179.11       1.0910172     0.017431399
      6185.29       1.0730154     0.017401798
      6191.48       1.0554859     0.017366140
      6197.67       1.0439404     0.017332307
      6203.87       1.0346851     0.017206509
      6210.07       1.0195955     0.017289598
      6216.28       1.0056240     0.017271526
      6222.50      0.98710881     0.017150294
      6228.72      0.96468940     0.017232507
      6234.95      0.94564751     0.017217756
      6241.19      0.92856238     0.017106160
      6247.42      0.92768385     0.017095800
      6253.67      0.93385757     0.017182095
      6259.93      0.92455953     0.017074835
      6266.19      0.93099229     0.017067715
      6272.46      0.93561657     0.017060595
      6278.73      0.93839518     0.017055145
      6285.01      0.95026543     0.017052210
      6291.29      0.95595406     0.017047926
      6297.58      0.97067548     0.017044003
      6303.88      0.97257374     0.016944873
      6310.19      0.98072398     0.017043394
      6316.50      0.98578227     0.016954330
      6322.81      0.99223357     0.016961415
      6329.14       1.0000046     0.017070403
      6335.47       1.0031152     0.016980307
      6341.80       1.0073564     0.016982745
      6348.14       1.0002507     0.016990968
      6354.49      0.99570947     0.016989233
      6360.85      0.99194171     0.016891647
      6367.21      0.99902654     0.016979915
      6373.57      0.98404240     0.016872706
      6379.95      0.97525869     0.016860296
      6386.33      0.98680012     0.016938887
      6392.72      0.99399693     0.016831253
      6399.11      0.99442431     0.016913874
      6405.51       1.0049438     0.016808745
      6411.92       1.0099393     0.016799811
      6418.32       1.0191656     0.016783995
      6424.74       1.0124077     0.016770021
      6431.17       1.0053831     0.016750050
      6437.60       1.0079029     0.016734458
      6444.04       1.0123040     0.016623548
      6450.48       1.0277063     0.016701988
      6456.94       1.0251931     0.016587426
      6463.39       1.0233382     0.016662005
      6469.85       1.0217390     0.016550934
      6476.33       1.0303246     0.016537798
      6482.80       1.0345080     0.016521974
      6489.28       1.0485347     0.016509968
      6495.77       1.0532678     0.016494608
      6502.27       1.0769053     0.016391089
      6508.77       1.0983495     0.016467029
      6515.28       1.1132074     0.016363065
      6521.80       1.1145718     0.016437760
      6528.32       1.1170553     0.016333704
      6534.85       1.1246572     0.016317546
      6541.38       1.1285685     0.016303668
      6547.92       1.1240148     0.016286234
      6554.47       1.1277527     0.016272162
      6561.03       1.1398701     0.016253403
      6567.59       1.1425762     0.016147432
      6574.16       1.1529838     0.016219066
      6580.73       1.1506278     0.016112015
      6587.31       1.1539723     0.016183228
      6593.90       1.1527149     0.016075128
      6600.50       1.1597402     0.016056327
      6607.10       1.1606656     0.016036611
      6613.70       1.1607375     0.016016123
      6620.32       1.1492690     0.016083971
      6626.94       1.1529543     0.015974355
      6633.57       1.1582799     0.015953229
      6640.20       1.1551939     0.015931107
      6646.84       1.1429317     0.015908291
      6653.49       1.1316110     0.015801971
      6660.14       1.1319379     0.015876086
      6666.80       1.1221700     0.015906792
      6673.47       1.1082992     0.015851796
      6680.14       1.1038543     0.015892206
      6686.82       1.0966683     0.015785325
      6693.51       1.0891936     0.015832757
      6700.20       1.0888698     0.015919387
      6706.90       1.0827207     0.016079052
      6713.61       1.0758036     0.016290624
      6720.32       1.0711224     0.016426689
      6727.05       1.0582554     0.016722808
      6733.77       1.0443851     0.016932467
      6740.51       1.0211728     0.016964646
      6747.25       1.0129350     0.017118193
      6754.00       1.0007920     0.016981157
      6760.75      0.98779813     0.016852929
      6767.51      0.97920284     0.016647963
      6774.28      0.98002069     0.016448939
      6781.05      0.97591702     0.016199941
      6787.84      0.98120152     0.015988876
      6794.62      0.98859372     0.015772459
      6801.42      0.99729372     0.015742487
      6808.22      0.99610375     0.015577157
      6815.03      0.99676991     0.015372541
      6821.85       1.0068143     0.015272806
      6828.67       1.0168060     0.015269020
      6835.50       1.0269611     0.015112829
      6842.33       1.0371057     0.015037860
      6849.17       1.0475300     0.014975675
      6856.02       1.0393530     0.014923540
      6862.88       1.0394232     0.014884847
      6869.74       1.0261835     0.014837559
      6876.61       1.0202557     0.014786044
      6883.49       1.0012925     0.014656654
      6890.37      0.99394647     0.014444768
      6897.27      0.98039678     0.014312617
      6904.16      0.97785506     0.014104633
      6911.07      0.97494095     0.013904859
      6917.98      0.97685881     0.013783712
      6924.89      0.98240820     0.013595471
      6931.82      0.98702037     0.013355578
      6938.75      0.98253590     0.013180032
      6945.69      0.97596695     0.013078858
      6952.64      0.97966928     0.012929469
      6959.59      0.98003531     0.012782308
      6966.55      0.98683527     0.012634437
      6973.52      0.99262167     0.012545780
      6980.49      0.99654275     0.012407288
      6987.47       1.0051936     0.012290337
      6994.46       1.0086332     0.012212685
      7001.46       1.0142625     0.012116727
      7008.46       1.0141685     0.012108743
      7015.46       1.0095639     0.012049815
      7022.48       1.0182354     0.011980647
      7029.51       1.0272505     0.011905812
      7036.53       1.0332828     0.011825583
      7043.57       1.0311849     0.011778481
      7050.62       1.0289894     0.011677947
      7057.66       1.0214328     0.011568841
      7064.72       1.0172326     0.011450820
      7071.79       1.0084705     0.011321652
      7078.86       1.0024658     0.011183814
      7085.94      0.99347178     0.011043171
      7093.03      0.99569031     0.010900151
      7100.12      0.99519087     0.010768901
      7107.22      0.99109184     0.010622035
      7114.33      0.99062821     0.010471889
      7121.44      0.97851062     0.010319845
      7128.56      0.98329911     0.010169117
      7135.69      0.98351236     0.010020774
      7142.83      0.98607419    0.0098739005
      7149.97      0.98678380    0.0097667338
      7157.12      0.98372104    0.0098693701
      7164.28      0.98387113    0.0099934080
      7171.44      0.98724499     0.010143582
      7178.62      0.98899499     0.010328517
      7185.80      0.98921649     0.010561401
      7192.98      0.99441999     0.010860560
      7200.17      0.99947955     0.011259483
      7207.38       1.0031751     0.011801447
      7214.58       1.0095274     0.012535859
      7221.80       1.0159449     0.013515548
      7229.02       1.0223507     0.014790764
      7236.25       1.0290641     0.016437784
      7243.49       1.0366640     0.018555390
      7250.73       1.0382535     0.021261488
      7257.98       1.0346698     0.024695036
      7265.24       1.0310914     0.029012525
