# starting wavelength =        3723.4942
# ending wavelength =        7279.5200
# O2 telluric scale =        0
# O2 telluric shift =        0
# H2O telluric scale =        0
# H2O telluric shift =        0
      3726.26      0.50468734     0.078817507
      3729.98      0.50569557     0.077994251
      3733.71      0.48021169     0.077945416
      3737.45      0.46402546     0.077424566
      3741.18      0.43906022     0.076617487
      3744.93      0.39140195     0.076561363
      3748.67      0.36413215     0.075758867
      3752.42      0.33877531     0.075259368
      3756.17      0.30348271     0.074908434
      3759.93      0.26972714     0.074409508
      3763.69      0.24786420     0.073632456
      3767.45      0.24578074     0.073567366
      3771.22      0.22897795     0.072802997
      3774.99      0.21505371     0.072307997
      3778.77      0.23427447     0.072244222
      3782.54      0.22233730     0.071487040
      3786.33      0.25565189     0.071000476
      3790.11      0.29212823     0.070675047
      3793.90      0.29719799     0.070188866
      3797.70      0.31920750     0.069450749
      3801.50      0.33283837     0.069385513
      3805.30      0.32646746     0.068907080
      3809.10      0.29807565     0.068181508
      3812.91      0.26032523     0.068113293
      3816.73      0.27012712     0.067391179
      3820.54      0.23198716     0.066927790
      3824.36      0.23077681     0.066857190
      3828.19      0.23703619     0.066146996
      3832.02      0.26581440     0.065690145
      3835.85      0.32910550     0.064995010
      3839.68      0.35971924     0.064918544
      3843.52      0.39377040     0.064468049
      3847.37      0.39609911     0.063783213
      3851.22      0.41069688     0.063706054
      3855.07      0.43070178     0.063034403
      3858.92      0.48908002     0.062586652
      3862.78      0.50481749     0.062144571
      3866.64      0.50431691     0.061848040
      3870.51      0.51875506     0.061406108
      3874.38      0.54531522     0.060750351
      3878.26      0.56316901     0.060320511
      3882.13      0.57274252     0.060241312
      3886.02      0.57991220     0.059595554
      3889.90      0.57715175     0.059170653
      3893.79      0.58399480     0.058750298
      3897.69      0.59840718     0.058455709
      3901.59      0.62120808     0.058035848
      3905.49      0.64457010     0.057620332
      3909.39      0.67204180     0.057000602
      3913.30      0.69946554     0.056916339
      3917.22      0.71316342     0.056505334
      3921.13      0.72642052     0.055897952
      3925.06      0.74159747     0.055489575
      3928.98      0.75681513     0.055405572
      3932.91      0.78225328     0.054810932
      3936.84      0.81446411     0.054406975
      3940.78      0.80609155     0.054006841
      3944.72      0.82510456     0.053739815
      3948.67      0.84534114     0.053340002
      3952.61      0.86117783     0.052944343
      3956.57      0.86700365     0.052370599
      3960.52      0.87889226     0.051983561
      3964.48      0.89404022     0.051897755
      3968.45      0.90093570     0.051331788
      3972.42      0.91688250     0.050948997
      3976.39      0.94181724     0.050569218
      3980.37      0.95155258     0.050020320
      3984.35      0.97882691     0.049930016
      3988.33       1.0015904     0.049554314
      3992.32      0.99260290     0.049181888
      3996.31       1.0110331     0.048646095
      4000.31       1.0035054     0.048276364
      4004.31       1.0221943     0.047909521
      4008.31       1.0368310     0.047665230
      4012.32       1.0337456     0.047299313
      4016.33       1.0665210     0.066858878
      4020.35       1.0600281     0.065816244
      4024.37       1.0791119     0.065318703
      4028.40       1.0635712     0.064829415
      4032.42       1.0336597     0.064348016
      4036.46       1.0513303     0.063970311
      4040.50       1.0168434     0.063479289
      4044.54       1.0231551     0.062995974
      4048.58       1.0231430     0.062519041
      4052.63      0.98584761     0.062047751
      4056.68      0.98339884     0.061680797
      4060.74      0.98867219     0.061201137
      4064.80      0.96251575     0.060729310
      4068.86      0.93488083     0.060263129
      4072.93      0.92067069     0.059333263
      4077.01      0.91459293     0.058864926
      4081.08      0.87404802     0.058401355
      4085.17      0.87455080     0.058519167
      4089.25      0.87586160     0.058062871
      4093.34      0.88081770     0.057173991
      4097.43      0.90186747     0.056714161
      4101.53      0.89450703     0.056260873
      4105.63      0.88731516     0.055812447
      4109.74      0.87421536     0.055368337
      4113.85      0.88132539     0.055075867
      4117.96      0.85840675     0.054626326
      4122.08      0.88146792     0.054182786
      4126.20      0.88771513     0.053743474
      4130.33      0.89441127     0.053308467
      4134.46      0.87636133     0.052876668
      4138.59      0.85343592     0.052049243
      4142.73      0.84845924     0.051629011
      4146.88      0.84521047     0.051213537
      4151.02      0.84257744     0.051311356
      4155.18      0.83865717     0.050888565
      4159.33      0.80182835     0.050470657
      4163.49      0.80452191     0.050056049
      4167.65      0.78730182     0.049265596
      4171.82      0.78161679     0.048860857
      4175.99      0.77257363     0.048459641
      4180.17      0.74722387     0.048061612
      4184.35      0.76223048     0.047666294
      4188.54      0.76497852     0.047274998
      4192.72      0.79218965     0.046886127
      4196.92      0.77994211     0.046145281
      4201.11      0.78652189     0.045757796
      4205.31      0.80073507     0.045816791
      4209.52      0.82920296     0.045432561
      4213.73      0.83321488     0.045051539
      4217.94      0.84386825     0.044672713
      4222.16      0.84517131     0.044297547
      4226.38      0.82910289     0.043924838
      4230.61      0.80737914     0.043554401
      4234.84      0.81867169     0.042876426
      4239.08      0.81417764     0.042508828
      4243.32      0.80500863     0.042144651
      4247.56      0.79413084     0.041783193
      4251.81      0.77769692     0.041424471
      4256.06      0.75600856     0.041068268
      4260.32      0.75132610     0.040714328
      4264.58      0.75426126     0.040362727
      4268.84      0.72970363     0.040014010
      4273.11      0.71580125     0.039667728
      4277.38      0.72177458     0.039323966
      4281.66      0.72004850     0.038983163
      4285.94      0.72038766     0.038364283
      4290.23      0.73670018     0.038029822
      4294.52      0.70713182     0.037697936
      4298.81      0.69501654     0.037368710
      4303.11      0.67709827     0.037040914
      4307.42      0.65806058     0.036715848
      4311.72      0.66406048     0.036392990
      4316.04      0.70472259     0.036072254
      4320.35      0.72258353     0.035753419
      4324.67      0.72078046     0.035436842
      4329.00      0.72016424     0.035122437
      4333.33      0.71612094     0.034810333
      4337.66      0.70528705     0.034500785
      4342.00      0.71643548     0.034193416
      4346.34      0.69309650     0.033887515
      4350.69      0.66485604     0.033583968
      4355.04      0.66226415     0.033283197
      4359.39      0.64688996     0.032983776
      4363.75      0.61092373     0.032687032
      4368.12      0.56245463     0.032392565
      4372.48      0.53584930     0.032100251
      4376.86      0.50829982     0.031809335
      4381.23      0.48850030     0.031221544
      4385.61      0.47113623     0.030938235
      4390.00      0.48928624     0.030657192
      4394.39      0.52480620     0.030378076
      4398.79      0.55646110     0.030101204
      4403.18      0.58151481     0.029826439
      4407.59      0.59946963     0.029554100
      4412.00      0.63277734     0.029284308
      4416.41      0.67299616     0.029016180
      4420.82      0.70923302     0.028750093
      4425.25      0.75381398     0.028486956
      4429.67      0.75489531     0.028226075
      4434.10      0.77557371     0.027966902
      4438.54      0.78749955     0.027440246
      4442.97      0.78308407     0.027185708
      4447.42      0.77796409     0.026933414
      4451.86      0.76701024     0.026683268
      4456.32      0.79145809     0.026435218
      4460.77      0.78717841     0.026189513
      4465.24      0.77483621     0.025946209
      4469.70      0.78060937     0.025704995
      4474.17      0.78269685     0.025403802
      4478.65      0.78467335     0.025164349
      4483.12      0.78648424     0.024927322
      4487.61      0.78545959     0.024692465
      4492.09      0.79107643     0.024459978
      4496.59      0.81774167     0.024229780
      4501.08      0.81584837     0.024002399
      4505.58      0.79826120     0.023777402
      4510.09      0.78771295     0.023335000
      4514.60      0.78340524     0.023116434
      4519.12      0.80385388     0.022900736
      4523.63      0.81972387     0.022687454
      4528.16      0.83322241     0.022619036
      4532.69      0.83664561     0.022404592
      4537.22      0.87606780     0.021986451
      4541.76      0.91005925     0.021779518
      4546.30      0.92915679     0.021575026
      4550.85      0.95514446     0.021372572
      4555.40      0.97131137     0.021173095
      4559.95      0.98037404     0.020774285
      4564.51       1.0116069     0.020577423
      4569.08       1.0125318     0.020517770
      4573.65       1.0124072     0.020324687
      4578.22       1.0060406     0.020133943
      4582.80      0.99385188     0.019758993
      4587.38      0.97462948     0.019570709
      4591.97      0.95563968     0.019385333
      4596.56      0.94660270     0.019202847
      4601.16      0.93260993     0.019148585
      4605.76      0.93895388     0.018793945
      4610.37      0.92713441     0.018614903
      4614.98      0.90931403     0.018438802
      4619.59      0.90711010     0.018265041
      4624.21      0.95571460     0.018094032
      4628.84      0.99015088     0.017877891
      4633.47       1.0195493     0.017708075
      4638.10       1.0478265     0.017541115
      4642.74       1.0661436     0.017376929
      4647.38       1.0904213     0.017059358
      4652.03       1.1199274     0.016902120
      4656.68       1.1081887     0.016850176
      4661.34       1.1226787     0.016692838
      4666.00       1.1299863     0.016388471
      4670.67       1.1293084     0.016238116
      4675.33       1.1424709     0.016090396
      4680.01       1.1308065     0.015894826
      4684.69       1.1126267     0.015748482
      4689.38       1.0880899     0.015605211
      4694.07       1.0806338     0.015464507
      4698.76       1.0552385     0.015278769
      4703.46       1.0431633     0.015139522
      4708.16       1.0413933     0.015003190
      4712.87       1.0531436     0.014869858
      4717.58       1.0371549     0.014599397
      4722.30       1.0217901     0.014561404
      4727.03       1.0153034     0.014432226
      4731.75       1.0136720     0.014173896
      4736.48       1.0080803     0.014047130
      4741.22       1.0046749     0.014013179
      4745.96      0.98658472     0.013765979
      4750.71      0.98999602     0.013643548
      4755.46      0.99064924     0.013524009
      4760.22      0.98336977     0.013374773
      4764.97      0.98904523     0.013256871
      4769.74      0.97247671     0.013142010
      4774.51      0.95382522     0.012916795
      4779.29      0.93565660     0.012887197
      4784.07      0.92504973     0.012776971
      4788.85      0.91206224     0.012559982
      4793.64      0.88346776     0.012534168
      4798.43      0.85909339     0.012428666
      4803.23      0.82660888     0.012219555
      4808.03      0.78316405     0.012121177
      4812.84      0.74601954     0.012096352
      4817.66      0.71731189     0.011895576
      4822.48      0.69594050     0.011801721
      4827.30      0.65703080     0.011679071
      4832.12      0.62566519     0.011587024
      4836.96      0.60627598     0.011498025
      4841.79      0.58973053     0.011381372
      4846.63      0.57391854     0.011294522
      4851.48      0.55311903     0.011210618
      4856.33      0.54422387     0.011099447
      4861.19      0.52683742     0.011017481
      4866.05      0.53013353     0.010842938
      4870.92      0.52849804     0.010832902
      4875.79      0.53949878     0.010756586
      4880.66      0.54171141     0.010591162
      4885.55      0.53543159     0.010587753
      4890.43      0.54408539     0.010429121
      4895.32      0.54938131     0.010359941
      4900.22      0.56934529     0.010280042
      4905.12      0.59068504     0.010218698
      4910.02      0.60662129     0.010164700
      4914.94      0.62410625     0.010107100
      4919.85      0.63704958     0.010067147
      4924.77      0.65082798     0.010031738
      4929.70      0.67799186     0.010005943
      4934.62      0.70780163    0.0099155832
      4939.56      0.72556402    0.0099755968
      4944.50      0.75965587    0.0098951694
      4949.44      0.79738007    0.0098909465
      4954.39      0.83941547    0.0099585465
      4959.35      0.90658336    0.0098845535
      4964.31      0.96586024    0.0099535189
      4969.27       1.0437310    0.0098801807
      4974.24       1.0985179    0.0098808052
      4979.22       1.1661942    0.0098801859
      4984.20       1.2238615    0.0098804417
      4989.18       1.3019947    0.0098804609
      4994.17       1.3671639    0.0098802380
      4999.16       1.4237492    0.0098808173
      5004.16       1.4606990    0.0098800954
      5009.17       1.4891165    0.0098082521
      5014.18       1.5090899    0.0098801416
      5019.19       1.5137835    0.0098085381
      5024.21       1.5169013    0.0098801392
      5029.23       1.5088107    0.0098087906
      5034.26       1.4731553    0.0098800349
      5039.30       1.4339047    0.0098089117
      5044.34       1.3855103    0.0098071951
      5049.39       1.3235307    0.0098089523
      5054.43       1.2686937    0.0098071652
      5059.49       1.2115714    0.0098089385
      5064.55       1.1681810    0.0097398499
      5069.61       1.0948546    0.0098089656
      5074.68       1.0357830    0.0097398645
      5079.76      0.97652669    0.0098086990
      5084.84      0.95406757    0.0097399002
      5089.92      0.91861963    0.0098084640
      5095.01      0.90129438    0.0097398457
      5100.11      0.88307486    0.0098083097
      5105.21      0.86981362    0.0097398614
      5110.31      0.86664138    0.0097405638
      5115.42      0.87207004    0.0097399551
      5120.54      0.88336292    0.0097402769
      5125.66      0.89274856    0.0097401475
      5130.79      0.89777980    0.0097400448
      5135.92      0.91567143    0.0097404295
      5141.05      0.92984573    0.0097399423
      5146.20      0.93516304    0.0096713977
      5151.34      0.94252874    0.0097398422
      5156.49      0.95657432    0.0096707644
      5161.65      0.96832146    0.0097399817
      5166.81      0.95919962    0.0096703363
      5171.98      0.96885021    0.0096722797
      5177.15      0.97297899    0.0097398652
      5182.33      0.97996819    0.0096712598
      5187.51      0.96382288    0.0096742517
      5192.70      0.95577670    0.0096705325
      5197.89      0.94332096    0.0096726990
      5203.09      0.93125226    0.0096700776
      5208.29      0.92819216    0.0096713393
      5213.50      0.92638094    0.0096053887
      5218.72      0.91693996    0.0096704879
      5223.93      0.90160508    0.0096723506
      5229.16      0.89462933    0.0096054436
      5234.39      0.89621864    0.0096710816
      5239.62      0.88570717    0.0096055096
      5244.86      0.88069603    0.0096055564
      5250.11      0.88530413    0.0096715604
      5255.36      0.88781058    0.0096055101
      5260.61      0.90093499    0.0096057394
      5265.87      0.91655318    0.0096059795
      5271.14      0.94219768    0.0096054660
      5276.41      0.95176271    0.0096058976
      5281.69      0.96848482    0.0096058533
      5286.97      0.97523582    0.0096053513
      5292.26      0.99723000    0.0095390973
      5297.55       1.0180097    0.0096058217
      5302.85       1.0473586    0.0096053606
      5308.15       1.0725374    0.0095390182
      5313.46       1.0821802    0.0095406188
      5318.77       1.0903389    0.0096054108
      5324.09       1.0880310    0.0095390173
      5329.42       1.0942582    0.0095403864
      5334.75       1.0872504    0.0095426491
      5340.08       1.0761080    0.0095388141
      5345.42       1.0733408    0.0095398430
      5350.77       1.0645941    0.0095417797
      5356.12       1.0617012    0.0095385931
      5361.48       1.0628024    0.0095393486
      5366.83       1.0665931    0.0095408382
      5372.20       1.0702758    0.0094763162
      5377.58       1.0712884    0.0095388089
      5382.95       1.0698035    0.0095398224
      5388.34       1.0705904    0.0094770239
      5393.72       1.0905674    0.0094788089
      5399.12       1.1030750    0.0094815146
      5404.52       1.1168488    0.0094833597
      5409.92       1.1236770    0.0094857861
      5415.33       1.1292641    0.0094908594
      5420.75       1.1183382    0.0094999147
      5426.17       1.1032370    0.0095096516
      5431.60       1.0878353    0.0095272316
      5437.03       1.0697297    0.0095523416
      5442.47       1.0630031    0.0095172468
      5447.91       1.0580662    0.0095573342
      5453.36       1.0549623    0.0096602702
      5458.81       1.0643943    0.0097119801
      5464.27       1.0792420    0.0096970224
      5469.73       1.1074909    0.0097574770
      5475.20       1.1336280    0.0098207569
      5480.68       1.1625336    0.0098857579
      5486.16       1.1882597    0.0099305083
      5491.65       1.2334468    0.0099962936
      5497.14       1.2933450     0.010065129
      5502.64       1.3436590     0.010135368
      5508.14       1.3967696     0.010206772
      5513.65       1.4393816     0.010199784
      5519.16       1.4605757     0.010271003
      5524.68       1.4718686     0.010400403
      5530.20       1.4764075     0.010473955
      5535.73       1.4677547     0.010469912
      5541.27       1.4631492     0.010543385
      5546.81       1.4445077     0.010617742
      5552.36       1.4150745     0.010692908
      5557.91       1.3850635     0.010769161
      5563.47       1.3470142     0.010764983
      5569.04       1.3152286     0.010902949
      5574.60       1.2694329     0.010980021
      5580.18       1.2234756     0.011058038
      5585.76       1.1772316     0.011136789
      5591.35       1.1302579     0.011216206
      5596.94       1.1088337     0.011211875
      5602.53       1.1029932     0.011292233
      5608.14       1.1059236     0.011373261
      5613.75       1.1155528     0.011454893
      5619.36       1.1276981     0.011537351
      5624.98       1.1340996     0.011620155
      5630.60       1.1492393     0.011677568
      5636.23       1.1549533     0.011760444
      5641.87       1.1722069     0.011843925
      5647.51       1.1890326     0.011927754
      5653.16       1.1988633     0.012012379
      5658.82       1.1920812     0.012097287
      5664.47       1.1717231     0.012182718
      5670.14       1.1203812     0.012268548
      5675.81       1.0734854     0.012265104
      5681.48      0.99756789     0.012350438
      5687.17      0.92754950     0.012436243
      5692.85      0.85004484     0.012522552
      5698.55      0.76855499     0.012609273
      5704.25      0.70458084     0.012696270
      5709.95      0.65759462     0.012783729
      5715.66      0.60239755     0.012871990
      5721.38      0.56313861     0.012961278
      5727.10      0.52941213     0.013051052
      5732.83      0.50844686     0.013140508
      5738.56      0.51427944     0.013133601
      5744.30      0.52366053     0.013224148
      5750.04      0.53887451     0.013318136
      5755.79      0.55494395     0.013416253
      5761.55      0.59094293     0.013516780
      5767.31      0.62543264     0.013618226
      5773.08      0.66873643     0.013721231
      5778.85      0.71205390     0.013826325
      5784.63      0.76828463     0.013929922
      5790.41      0.83047323     0.014029280
      5796.21      0.91200721     0.014125188
      5802.00      0.99524945     0.014219089
      5807.81       1.0724118     0.014310661
      5813.61       1.1623390     0.014399716
      5819.43       1.2586043     0.014410234
      5825.25       1.3482534     0.014497335
      5831.07       1.4420112     0.014585616
      5836.90       1.5155742     0.014673654
      5842.74       1.5943701     0.014760012
      5848.58       1.6546620     0.014844111
      5854.43       1.6995600     0.014926627
      5860.29       1.7226970     0.015008370
      5866.15       1.7372333     0.015090684
      5872.01       1.7543671     0.015171104
      5877.89       1.7624620     0.015249078
      5883.76       1.7671770     0.015244665
      5889.65       1.7616115     0.015326845
      5895.54       1.7476572     0.015408959
      5901.43       1.7312694     0.015488661
      5907.34       1.7228351     0.015569171
      5913.24       1.7114691     0.015652063
      5919.16       1.6940410     0.015736432
      5925.08       1.6801041     0.015821319
      5931.00       1.6659163     0.015823186
      5936.93       1.6646662     0.016018996
      5942.87       1.6510064     0.016104131
      5948.81       1.6316138     0.016188912
      5954.76       1.6153689     0.016273868
      5960.72       1.5876493     0.016358814
      5966.68       1.5607022     0.016357116
      5972.64       1.5246929     0.016441896
      5978.62       1.4901994     0.016526350
      5984.60       1.4540662     0.016610938
      5990.58       1.4257633     0.016695367
      5996.57       1.4038453     0.016779517
      6002.57       1.3724373     0.016883317
      6008.57       1.3342351     0.016965464
      6014.58       1.3039226     0.017047352
      6020.60       1.2791886     0.017129416
      6026.62       1.2475017     0.017211180
      6032.65       1.2039923     0.017198336
      6038.68       1.1776476     0.017277432
      6044.72       1.1541063     0.017356399
      6050.76       1.1330809     0.017552844
      6056.81       1.1085783     0.017538440
      6062.87       1.0915881     0.017614671
      6068.93       1.0921399     0.017690836
      6075.00       1.0803879     0.017767027
      6081.08       1.0836956     0.017749480
      6087.16       1.0812705     0.017942769
      6093.25       1.0947481     0.018016649
      6099.34       1.1057606     0.018093016
      6105.44       1.1305479     0.018082150
      6111.54       1.1573976     0.018158578
      6117.66       1.1685208     0.018229460
      6123.78       1.1690162     0.018422251
      6129.90       1.1620659     0.018413321
      6136.03       1.1507234     0.018508872
      6142.17       1.1358627     0.018613290
      6148.31       1.1074923     0.018627614
      6154.46       1.0917739     0.018861950
      6160.61       1.0695169     0.018970634
      6166.77       1.0514050     0.018973142
      6172.94       1.0412202     0.019060281
      6179.11       1.0349121     0.019261229
      6185.29       1.0382862     0.019321602
      6191.48       1.0474516     0.019256636
      6197.67       1.0723330     0.019288357
      6203.87       1.0970399     0.019435020
      6210.07       1.1195084     0.019350209
      6216.28       1.1385798     0.019382162
      6222.50       1.1589365     0.019320772
      6228.72       1.1716269     0.019481234
      6234.95       1.1660623     0.019512676
      6241.19       1.1455781     0.019446246
      6247.42       1.1331776     0.019488653
      6253.67       1.1203720     0.019648171
      6259.93       1.0916761     0.019583882
      6266.19       1.0655509     0.019627139
      6272.46       1.0325903     0.019788951
      6278.73       1.0067898     0.019725420
      6285.01      0.98833565     0.019770356
      6291.29      0.97512766     0.019706906
      6297.58      0.95951660     0.019872554
      6303.88      0.94361218     0.019918017
      6310.19      0.94715431     0.019851542
      6316.50      0.94307753     0.020018483
      6322.81      0.93525057     0.019958168
      6329.14      0.92619995     0.020007638
      6335.47      0.92680656     0.020081944
      6341.80      0.92785125     0.020132709
      6348.14      0.92422895     0.020181032
      6354.49      0.91789326     0.020243123
      6360.85      0.90508001     0.020285504
      6367.21      0.90600108     0.020341701
      6373.57      0.91218612     0.020373380
      6379.95      0.91710003     0.020292013
      6386.33      0.91943536     0.020434036
      6392.72      0.92196868     0.020341823
      6399.11      0.93783764     0.020360392
      6405.51      0.96143360     0.020383834
      6411.92      0.97574482     0.020402598
      6418.32      0.98396297     0.020540625
      6424.74      0.98495914     0.020445433
      6431.17      0.99495463     0.020460808
      6437.60       1.0018459     0.020472284
      6444.04       1.0166845     0.020480255
      6450.48       1.0314463     0.020488173
      6456.94       1.0385764     0.020382522
      6463.39       1.0300565     0.020384589
      6469.85       1.0168904     0.020387891
      6476.33      0.99453274     0.020383834
      6482.80      0.96953263     0.020389166
      6489.28      0.94121607     0.020387631
      6495.77      0.91407491     0.020393535
      6502.27      0.87518793     0.020390555
      6508.77      0.83361037     0.020394114
      6515.28      0.79617209     0.020388686
      6521.80      0.76367210     0.020388239
      6528.32      0.73982826     0.020379444
      6534.85      0.71287835     0.020261735
      6541.38      0.69615402     0.020251626
      6547.92      0.70354714     0.020242505
      6554.47      0.73476075     0.020227919
      6561.03      0.77561162     0.020215714
      6567.59      0.83514753     0.020196219
      6574.16      0.90133994     0.020180986
      6580.73      0.97908334     0.020156512
      6587.31       1.0620270     0.020022261
      6593.90       1.1328859     0.020109034
      6600.50       1.2120665     0.020079324
      6607.10       1.2851296     0.019940489
      6613.70       1.3537096     0.020018027
      6620.32       1.4100561     0.019874593
      6626.94       1.4580476     0.019948461
      6633.57       1.4979965     0.019800076
      6640.20       1.5136324     0.019758572
      6646.84       1.5314885     0.019717358
      6653.49       1.5398888     0.019669931
      6660.14       1.5453223     0.019517078
      6666.80       1.5432892     0.019574374
      6673.47       1.5322341     0.019542499
      6680.14       1.5224228     0.019462430
      6686.82       1.5124726     0.019553839
      6693.51       1.5021787     0.019375867
      6700.20       1.4867363     0.019317969
      6706.90       1.4765831     0.019342228
      6713.61       1.4569544     0.019440460
      6720.32       1.4264486     0.019609345
      6727.05       1.4046639     0.019784718
      6733.77       1.3831027     0.020029065
      6740.51       1.3600005     0.020267531
      6747.25       1.3494184     0.020325859
      6754.00       1.3277721     0.020535480
      6760.75       1.3070317     0.020408325
      6767.51       1.2846035     0.020285380
      6774.28       1.2765038     0.020198099
      6781.05       1.2717886     0.019786966
      6787.84       1.2560233     0.019429123
      6794.62       1.2441777     0.019071661
      6801.42       1.2366443     0.018813130
      6808.22       1.2230694     0.018568263
      6815.03       1.2036913     0.018337502
      6821.85       1.1832068     0.018000693
      6828.67       1.1686309     0.017768271
      6835.50       1.1493133     0.017688050
      6842.33       1.1109013     0.017424051
      6849.17       1.0735579     0.017242379
      6856.02       1.0339839     0.017072738
      6862.88      0.99626970     0.016945047
      6869.74      0.95195715     0.016790156
      6876.61      0.90546032     0.016638523
      6883.49      0.84678746     0.016484943
      6890.37      0.80672779     0.016252229
      6897.27      0.77128562     0.016083988
      6904.16      0.74526325     0.015676298
      6911.07      0.74405056     0.015432310
      6917.98      0.74793841     0.015096975
      6924.89      0.77055785     0.014770123
      6931.82      0.80564485     0.014538416
      6938.75      0.84974925     0.014220560
      6945.69      0.90171514     0.013907650
      6952.64      0.94457969     0.013602588
      6959.59       1.0073399     0.013389563
      6966.55       1.0670388     0.013072851
      6973.52       1.1373214     0.012797199
      6980.49       1.1930072     0.012517906
      6987.47       1.2422165     0.012307516
      6994.46       1.2782248     0.012037515
      7001.46       1.3194492     0.011791088
      7008.46       1.3538301     0.011584578
      7015.46       1.3870001     0.011400784
      7022.48       1.4100494     0.011258406
      7029.51       1.4166917     0.011042312
      7036.53       1.4267427     0.010780641
      7043.57       1.4289767     0.010540448
      7050.62       1.4188080     0.010292836
      7057.66       1.4091882     0.010099834
      7064.72       1.3889837    0.0098489900
      7071.79       1.3714293    0.0095911704
      7078.86       1.3436956    0.0093263629
      7085.94       1.3215629    0.0090550236
      7093.03       1.2817093    0.0087850567
      7100.12       1.2446038    0.0085256994
      7107.22       1.2231521    0.0082801383
      7114.33       1.2025235    0.0080497991
      7121.44       1.1827929    0.0078719989
      7128.56       1.1592427    0.0076696427
      7135.69       1.1456319    0.0074768075
      7142.83       1.1235962    0.0073070346
      7149.97       1.1005156    0.0071543184
      7157.12       1.0868928    0.0070174269
      7164.28       1.0721110    0.0070101133
      7171.44       1.0615711    0.0070795566
      7178.62       1.0481970    0.0071721900
      7185.80       1.0391034    0.0072923458
      7192.98       1.0324839    0.0074476098
      7200.17       1.0279477    0.0076490327
      7207.38       1.0270957    0.0079128700
      7214.58       1.0337111    0.0082654511
      7221.80       1.0412260    0.0087422273
      7229.02       1.0490857    0.0093826082
      7236.25       1.0613854     0.010224464
      7243.49       1.0738880     0.011306208
      7250.73       1.0873780     0.012677009
      7257.98       1.1019079     0.014416057
      7265.24       1.1168732     0.016605937
      7272.51       1.1278142     0.019352962
