# starting wavelength =        3458.6100
# ending wavelength =        7372.2100
# O2 telluric scale =        0
# O2 telluric shift =        0
# H2O telluric scale =        0
# H2O telluric shift =        0
      3460.58      0.68149117      0.28505127
      3464.04      0.69657022      0.24185234
      3467.51      0.67208660      0.21307431
      3470.98      0.67016498      0.18537218
      3474.45      0.67817558      0.16351828
      3477.92      0.69127892      0.14644699
      3481.40      0.70141933      0.13311701
      3484.88      0.68786131      0.12099950
      3488.37      0.76160605      0.11338996
      3491.86      0.85265235      0.10746705
      3495.35      0.79797587      0.10282641
      3498.84      0.82763289     0.099148386
      3502.34      0.78569306     0.096204995
      3505.84      0.84115814     0.093606355
      3509.35      0.86181363     0.091452124
      3512.86      0.85021150     0.089636399
      3516.37      0.88320612     0.087506106
      3519.89      0.85884465     0.086193626
      3523.41      0.83042426     0.085467507
      3526.93      0.84728807     0.085189786
      3530.46      0.86214291     0.084811035
      3533.99      0.88011829     0.084531557
      3537.53      0.89964504     0.084690888
      3541.06      0.93955554     0.084850084
      3544.60       1.0653824     0.084031561
      3548.15       1.0560158     0.084192927
      3551.70       1.0763902     0.083915855
      3555.25       1.1013394     0.084087964
      3558.80       1.1219796     0.083696444
      3562.36       1.1545921     0.083427633
      3565.92       1.1964677     0.083593167
      3569.49       1.2539798     0.083319299
      3573.06       1.2857838     0.082940570
      3576.64       1.2593561     0.083110223
      3580.21       1.2581425     0.082846522
      3583.79       1.2279543     0.083012975
      3587.38       1.1645823     0.082641821
      3590.96       1.1902155     0.082360547
      3594.55       1.1522511     0.082546383
      3598.15       1.1254492     0.082729370
      3601.75       1.0871089     0.081893564
      3605.35       1.0645437     0.082075841
      3608.96       1.0422497     0.081803124
      3612.56       1.0365054     0.081427531
      3616.18      0.90910770     0.081614606
      3619.79      0.91456255     0.081356181
      3623.41      0.86736567     0.081537357
      3627.04      0.83598593     0.081163444
      3630.66      0.76079395     0.080886601
      3634.29      0.74054474     0.081098858
      3637.93      0.69391943     0.080709567
      3641.57      0.68444257     0.080922058
      3645.21      0.68380842     0.080641529
      3648.86      0.70379879     0.080864240
      3652.50      0.67808864     0.080477016
      3656.16      0.70486831     0.080214996
      3659.81      0.72073986     0.080419679
      3663.47      0.74626998     0.080052366
      3667.14      0.77533550     0.079771671
      3670.80      0.77554775     0.080006178
      3674.48      0.77331263     0.079618704
      3678.15      0.76619309     0.079853427
      3681.83      0.72356257     0.079572326
      3685.51      0.70763401     0.079203866
      3689.20      0.61677164     0.079433457
      3692.88      0.59421068     0.079177218
      3696.58      0.63333333     0.078786768
      3700.27      0.63853692     0.079027322
      3703.98      0.62783622     0.079274275
      3707.68      0.67694016     0.078379626
      3711.39      0.68559963     0.078627680
      3715.10      0.70523781     0.078875791
      3718.81      0.76490100     0.078518545
      3722.53      0.82185458     0.078227385
      3726.26      0.87654146     0.078498916
      3729.98      0.88158658     0.078115546
      3733.71      0.92292625     0.078388194
      3737.45      0.95857670     0.078106060
      3741.18      0.99752387     0.077737031
      3744.93       1.0108524     0.078010036
      3748.67       1.0653523     0.078291084
      3752.42       1.1458474     0.077368063
      3756.17       1.1776114     0.077638662
      3759.93       1.1949538     0.077945563
      3763.69       1.1540150     0.077559300
      3767.45       1.1499149     0.077862272
      3771.22       1.1153669     0.077580308
      3774.99       1.0973717     0.077206722
      3778.77       1.0958516     0.077522213
      3782.54       1.1060320     0.077141854
      3786.33       1.1754718     0.077463656
      3790.11       1.1887603     0.077174572
      3793.90       1.2093034     0.076806282
      3797.70       1.2325951     0.077135897
      3801.50       1.1922289     0.077459134
      3805.30       1.1966229     0.077100878
      3809.10       1.1610964     0.077438699
      3812.91       1.1330834     0.076439073
      3816.73       1.0796951     0.076791359
      3820.54       1.0817820     0.077132052
      3824.36       1.0995594     0.076770711
      3828.19       1.0615696     0.077133256
      3832.02       1.1342221     0.077507327
      3835.85       1.1570779     0.076485833
      3839.68       1.1217162     0.076842811
      3843.52       1.1677227     0.076475612
      3847.37       1.1612611     0.076870375
      3851.22       1.1609253     0.076490862
      3855.07       1.2145824     0.076228258
      3858.92       1.2350739     0.075836427
      3862.78       1.2420450     0.075466652
      3866.64       1.3104575     0.075200102
      3870.51       1.2924844     0.074815091
      3874.38       1.3016713     0.073792587
      3878.26       1.2660673     0.074180662
      3882.13       1.2509917     0.073802637
      3886.02       1.1898428     0.072793658
      3889.90       1.1865242     0.073173240
      3893.79       1.1616186     0.072801722
      3897.69       1.1444676     0.071806156
      3901.59       1.1361274     0.072178476
      3905.49       1.1619561     0.071810664
      3909.39       1.1884019     0.070829265
      3913.30       1.1403220     0.071196084
      3917.22       1.1436666     0.070832544
      3921.13       1.1424147     0.069861000
      3925.06       1.1967511     0.069528538
      3928.98       1.2169249     0.069246632
      3932.91       1.1893141     0.068900362
      3936.84       1.1352784     0.068567305
      3940.78       1.1305017     0.068295149
      3944.72       1.1072524     0.067950471
      3948.67       1.0818362     0.067617219
      3952.61       1.0503956     0.066705976
      3956.57       1.0102833     0.067012429
      3960.52      0.94265930     0.066679532
      3964.48      0.94960657     0.066358201
      3968.45      0.94570644     0.065446405
      3972.42      0.95547780     0.065752282
      3976.39      0.95116868     0.065428315
      3980.37      0.98701888     0.064540452
      3984.35      0.97811403     0.064208007
      3988.33      0.98678320     0.064509779
      3992.32       1.0379429     0.063647844
      3996.31       1.0704743     0.063314586
      4000.31       1.1216511     0.062988088
      4004.31       1.1418401     0.063286683
      4008.31       1.1256611     0.062436622
      4012.32       1.1048546     0.062108334
      4016.33       1.1372097     0.061789893
      4020.35       1.1281532     0.061574812
      4024.37       1.0961986     0.061243224
      4028.40       1.0882959     0.060921107
      4032.42       1.0927677     0.060605001
      4036.46       1.0841783     0.059789242
      4040.50       1.0994204     0.060070066
      4044.54       1.1035876     0.059750569
      4048.58       1.1117966     0.058940189
      4052.63       1.0855107     0.058637785
      4056.68       1.0647075     0.058342544
      4060.74       1.0202693     0.058603334
      4064.80      0.96720443     0.057802742
      4068.86      0.93271410     0.057504580
      4072.93      0.89486533     0.057209924
      4077.01      0.89367721     0.056921642
      4081.08      0.86800263     0.057167843
      4085.17      0.85250754     0.056386976
      4089.25      0.85202835     0.056095227
      4093.34      0.84550473     0.055808020
      4097.43      0.83113874     0.055525242
      4101.53      0.84741101     0.054774921
      4105.63      0.88111713     0.055001341
      4109.74      0.92585356     0.054715298
      4113.85      0.93168514     0.054434217
      4117.96      0.96125263     0.054154971
      4122.08      0.98535469     0.053425305
      4126.20      0.99570862     0.053139543
      4130.33      0.98506039     0.053361125
      4134.46      0.97753916     0.053083771
      4138.59      0.96372086     0.052386365
      4142.73      0.95261299     0.052103602
      4146.88      0.94363602     0.051822985
      4151.02      0.92192625     0.051546740
      4155.18      0.91014461     0.051275733
      4159.33      0.92684292     0.051489566
      4163.49      0.93578248     0.050816384
      4167.65      0.96139707     0.050540077
      4171.82      0.95709104     0.050266557
      4175.99       1.0228812     0.049997975
      4180.17       1.0516434     0.049729392
      4184.35       1.0685368     0.049066080
      4188.54       1.0942979     0.048805740
      4192.72       1.0809213     0.048548642
      4196.92       1.1054933     0.048754379
      4201.11       1.1072268     0.048488250
      4205.31       1.0845842     0.048227453
      4209.52       1.1017826     0.047968506
      4213.73       1.1052610     0.047325466
      4217.94       1.1022630     0.047074331
      4222.16       1.0732632     0.046822126
      4226.38       1.0340080     0.046574243
      4230.61       1.0154656     0.046326779
      4234.84       1.0122290     0.046081658
      4239.08       1.0225430     0.045839740
      4243.32       1.0065374     0.045640673
      4247.56       1.0345019     0.045394585
      4251.81       1.0442779     0.045150358
      4256.06       1.0899925     0.044906837
      4260.32       1.0730192     0.044667037
      4264.58       1.0699044     0.044425959
      4268.84       1.0398331     0.044188720
      4273.11       1.0351193     0.043951694
      4277.38       1.0504324     0.043379753
      4281.66       1.0558215     0.043143652
      4285.94       1.0322142     0.042907466
      4290.23       1.0591701     0.042674636
      4294.52       1.0681430     0.042442673
      4298.81       1.0414573     0.042211950
      4303.11       1.0293330     0.041983638
      4307.42       1.0267917     0.041754977
      4311.72       1.0176093     0.041529477
      4316.04      0.98805066     0.041303511
      4320.35      0.96863464     0.041079977
      4324.67      0.98487266     0.040857288
      4329.00      0.96556268     0.040319822
      4333.33      0.95573298     0.040101588
      4337.66      0.95223986     0.039884358
      4342.00      0.94551518     0.039668687
      4346.34      0.93465658     0.039453654
      4350.69      0.92384202     0.039239782
      4355.04      0.92592982     0.039026985
      4359.39      0.92571859     0.038815386
      4363.75      0.91535463     0.038605481
      4368.12      0.88350292     0.038395451
      4372.48      0.90050714     0.038186709
      4376.86      0.89974250     0.037978929
      4381.23      0.86901393     0.037772399
      4385.61      0.86841056     0.037566817
      4390.00      0.84663392     0.037362337
      4394.39      0.82569479     0.037159167
      4398.79      0.83642576     0.036956666
      4403.18      0.87124421     0.036755295
      4407.59      0.88791150     0.036554941
      4412.00      0.88201925     0.036355832
      4416.41      0.89562960     0.036158536
      4420.82      0.91776214     0.035961152
      4425.25      0.93619221     0.035765264
      4429.67      0.94714627     0.035570470
      4434.10      0.96492809     0.035376148
      4438.54      0.97024887     0.035183509
      4442.97      0.96945105     0.034991354
      4447.42      0.95395154     0.034492354
      4451.86      0.93451909     0.034304655
      4456.32      0.95485151     0.034117961
      4460.77      0.94045790     0.033932486
      4465.24      0.93405538     0.033748273
      4469.70      0.93462746     0.033565307
      4474.17      0.92979860     0.033383615
      4478.65      0.93464268     0.033203440
      4483.12      0.94169790     0.033024140
      4487.61      0.96244160     0.032846178
      4492.09      0.95845043     0.032669504
      4496.59      0.98867429     0.032203665
      4501.08       1.0242266     0.032027898
      4505.58       1.0396645     0.031853679
      4510.09       1.0480307     0.031680552
      4514.60       1.0658337     0.031508173
      4519.12       1.0793613     0.031337806
      4523.63       1.0770877     0.031168087
      4528.16       1.0633639     0.031000466
      4532.69       1.0756693     0.030833765
      4537.22       1.0672079     0.030632666
      4541.76       1.0730763     0.030465197
      4546.30       1.0700819     0.030298698
      4550.85       1.0612172     0.030134230
      4555.40       1.0438857     0.029970663
      4559.95       1.0109885     0.029809319
      4564.51       1.0023586     0.029649082
      4569.08       1.0131787     0.029236933
      4573.65       1.0282985     0.029081157
      4578.22       1.0284170     0.028927241
      4582.80       1.0451616     0.028775437
      4587.38       1.0541198     0.028826153
      4591.97       1.0314311     0.028671534
      4596.56       1.0187563     0.028272577
      4601.16       1.0041100     0.028122911
      4605.76       1.0109973     0.027974215
      4610.37       1.0054845     0.027827540
      4614.98       1.0017034     0.027683142
      4619.59       1.0111985     0.027294794
      4624.21       1.0196808     0.027149885
      4628.84       1.0081855     0.027202447
      4633.47       1.0188945     0.027060375
      4638.10       1.0133588     0.026919185
      4642.74       1.0195877     0.026548711
      4647.38       1.0311289     0.026407411
      4652.03       1.0327064     0.026267780
      4656.68       1.0365250     0.026131012
      4661.34       1.0356755     0.026184954
      4666.00       1.0322533     0.025828548
      4670.67       1.0237115     0.025690634
      4675.33       1.0072001     0.025556124
      4680.01       1.0079562     0.025422695
      4684.69      0.97998546     0.025081266
      4689.38      0.96078120     0.025131367
      4694.07      0.94852486     0.024998893
      4698.76      0.92273309     0.024869485
      4703.46      0.90027499     0.024535093
      4708.16      0.88978494     0.024411569
      4712.87      0.90627379     0.024459532
      4717.58      0.89565597     0.024332809
      4722.30      0.90273341     0.024005924
      4727.03      0.88451190     0.023885114
      4731.75      0.86988055     0.023766312
      4736.48      0.88002333     0.023811566
      4741.22      0.85980016     0.023493221
      4745.96      0.84630046     0.023375552
      4750.71      0.84033843     0.023261392
      4755.46      0.82020039     0.023148655
      4760.22      0.83082213     0.022997516
      4764.97      0.83695959     0.022883046
      4769.74      0.84089383     0.022772321
      4774.51      0.82882905     0.022469291
      4779.29      0.81203885     0.022516365
      4784.07      0.81010295     0.022406314
      4788.85      0.81250233     0.022113459
      4793.64      0.81827662     0.022003440
      4798.43      0.81842073     0.021895548
      4803.23      0.83838927     0.021946603
      4808.03      0.83674477     0.021658443
      4812.84      0.82313303     0.021552981
      4817.66      0.80014761     0.021449886
      4822.48      0.78242156     0.021323375
      4827.30      0.77564481     0.021218968
      4832.12      0.74589942     0.021118166
      4836.96      0.73947269     0.020996510
      4841.79      0.73809952     0.020894322
      4846.63      0.72830838     0.020795847
      4851.48      0.72730985     0.020533809
      4856.33      0.72613150     0.020578706
      4861.19      0.72273373     0.020317511
      4866.05      0.72188188     0.020225379
      4870.92      0.71153668     0.020270874
      4875.79      0.72738880     0.020015320
      4880.66      0.72214737     0.019925453
      4885.55      0.74359432     0.019839423
      4890.43      0.76401625     0.019721462
      4895.32      0.78190831     0.019634771
      4900.22      0.79151259     0.019551516
      4905.12      0.80227432     0.019436570
      4910.02      0.81167423     0.019352872
      4914.94      0.84434860     0.019111563
      4919.85      0.86757119     0.019159958
      4924.77      0.90025339     0.019079032
      4929.70      0.92883030     0.018841349
      4934.62      0.93996713     0.018891392
      4939.56      0.95028272     0.018660608
      4944.50      0.95357067     0.018579873
      4949.44      0.96748465     0.018485231
      4954.39      0.96515754     0.018404229
      4959.35      0.96782448     0.018327188
      4964.31      0.94842945     0.018233237
      4969.27      0.93062459     0.018156108
      4974.24      0.91579546     0.018066957
      4979.22      0.91608821     0.017989805
      4984.20      0.89865232     0.017778581
      4989.18      0.86899892     0.017827983
      4994.17      0.84832385     0.017755054
      4999.16      0.85019053     0.017549914
      5004.16      0.85838845     0.017597351
      5009.17      0.87127212     0.017394188
      5014.18      0.86335498     0.017444170
      5019.19      0.85540751     0.017242716
      5024.21      0.83886310     0.017179513
      5029.23      0.83663294     0.017095282
      5034.26      0.83353322     0.017032842
      5039.30      0.83119536     0.016951809
      5044.34      0.83619609     0.016889890
      5049.39      0.83972672     0.016697960
      5054.43      0.84631116     0.016750856
      5059.49      0.83406754     0.016562588
      5064.55      0.82213638     0.016615556
      5069.61      0.83705630     0.016430740
      5074.68      0.83298901     0.016483855
      5079.76      0.83653370     0.016302198
      5084.84      0.84073632     0.016244474
      5089.92      0.84999751     0.016177422
      5095.01      0.87324387     0.016120723
      5100.11      0.88111574     0.016055820
      5105.21      0.87444213     0.016000360
      5110.31      0.87238946     0.015937503
      5115.42      0.86780489     0.015883310
      5120.54      0.86763472     0.015822307
      5125.66      0.87097297     0.015769555
      5130.79      0.87939552     0.015710265
      5135.92      0.88904538     0.015659222
      5141.05      0.89232035     0.015601702
      5146.20      0.89892884     0.015552255
      5151.34      0.90576488     0.015496221
      5156.49      0.90731503     0.015335339
      5161.65      0.89961472     0.015393855
      5166.81      0.91255260     0.015235784
      5171.98      0.90842125     0.015294631
      5177.15      0.90972553     0.015139415
      5182.33      0.90799157     0.015198502
      5187.51      0.91061111     0.015046439
      5192.70      0.90624507     0.014995734
      5197.89      0.89467269     0.014956855
      5203.09      0.89491757     0.014907114
      5208.29      0.89696073     0.014870546
      5213.50      0.90695288     0.014821701
      5218.72      0.92417699     0.014677359
      5223.93      0.93060747     0.014739582
      5229.16      0.94858381     0.014596360
      5234.39      0.96315775     0.014660746
      5239.62      0.96892429     0.014518549
      5244.86      0.96747479     0.014478950
      5250.11      0.96863419     0.014444288
      5255.36      0.97149200     0.014405177
      5260.61      0.96343269     0.014369925
      5265.87      0.98829185     0.014334702
      5271.14      0.99047144     0.014299808
      5276.41       1.0048947     0.014267629
      5281.69       1.0233437     0.014233052
      5286.97       1.0257764     0.014104791
      5292.26       1.0257804     0.014169709
      5297.55       1.0264970     0.014138034
      5302.85       1.0267591     0.014011909
      5308.15       1.0219384     0.014078642
      5313.46       1.0304473     0.013956581
      5318.77       1.0262226     0.013925452
      5324.09       1.0343765     0.013994704
      5329.42       1.0351997     0.013873960
      5334.75       1.0288946     0.013846172
      5340.08       1.0182969     0.013826390
      5345.42       1.0110802     0.013798520
      5350.77       1.0036077     0.013772731
      5356.12       1.0103221     0.013657048
      5361.48       1.0147660     0.013729159
      5366.83       1.0297971     0.013706147
      5372.20       1.0257855     0.013592581
      5377.58       1.0318704     0.013666767
      5382.95       1.0390033     0.013553112
      5388.34       1.0494037     0.013534383
      5393.72       1.0642073     0.013517341
      5399.12       1.0734797     0.013498688
      5404.52       1.0650024     0.013481606
      5409.92       1.0512318     0.013466692
      5415.33       1.0531854     0.013360802
      5420.75       1.0501267     0.013435069
      5426.17       1.0520509     0.013421559
      5431.60       1.0312338     0.013319001
      5437.03       1.0183911     0.013394136
      5442.47       1.0091875     0.013382353
      5447.91       1.0073987     0.013283221
      5453.36       1.0083980     0.013271174
      5458.81       1.0121906     0.013260712
      5464.27       1.0136949     0.013339839
      5469.73       1.0225081     0.013242710
      5475.20       1.0245907     0.013233407
      5480.68       1.0497676     0.013225625
      5486.16       1.0741374     0.013220257
      5491.65       1.1161906     0.013212320
      5497.14       1.1480300     0.013205740
      5502.64       1.1652192     0.013200592
      5508.14       1.1769323     0.013108090
      5513.65       1.1837671     0.013191920
      5519.16       1.1986215     0.013187734
      5524.68       1.2089978     0.013096025
      5530.20       1.1900824     0.013094327
      5535.73       1.1600901     0.013093783
      5541.27       1.1379727     0.013094368
      5546.81       1.1103954     0.013089052
      5552.36       1.0794272     0.013089393
      5557.91       1.0467112     0.013090706
      5563.47       1.0088382     0.013093260
      5569.04      0.97299871     0.013096761
      5574.60      0.92942332     0.013011129
      5580.18      0.88855750     0.013096949
      5585.76      0.86466960     0.013101053
      5591.35      0.85356703     0.013106024
      5596.94      0.85098368     0.013024765
      5602.53      0.84590598     0.013029562
      5608.14      0.83923891     0.013035034
      5613.75      0.83769204     0.013041662
      5619.36      0.83245980     0.013048869
      5624.98      0.83456072     0.013054134
      5630.60      0.83093412     0.013061102
      5636.23      0.81312762     0.013069121
      5641.87      0.80264645     0.013077659
      5647.51      0.79070195     0.013087242
      5653.16      0.77046064     0.013097343
      5658.82      0.76885609     0.013020530
      5664.47      0.76214448     0.013031974
      5670.14      0.74311674     0.013044008
      5675.81      0.72250618     0.013056898
      5681.48      0.70411162     0.013150298
      5687.17      0.70088436     0.013163115
      5692.85      0.69987677     0.013087798
      5698.55      0.70117215     0.013101734
      5704.25      0.68390721     0.013115853
      5709.95      0.67620350     0.013130980
      5715.66      0.66109458     0.013146264
      5721.38      0.65257210     0.013162452
      5727.10      0.65251053     0.013178873
      5732.83      0.64332946     0.013108741
      5738.56      0.64746292     0.013125080
      5744.30      0.65387178     0.013142004
      5750.04      0.66652909     0.013159484
      5755.79      0.68236292     0.013177243
      5761.55      0.69985871     0.013195838
      5767.31      0.73133303     0.013214373
      5773.08      0.75754634     0.013233851
      5778.85      0.78229474     0.013253491
      5784.63      0.82264543     0.013274237
      5790.41      0.86349939     0.013208003
      5796.21      0.90765783     0.013230423
      5802.00      0.94775145     0.013252449
      5807.81      0.98991891     0.013274962
      5813.61       1.0191429     0.013299173
      5819.43       1.0572335     0.013326469
      5825.25       1.0898836     0.013358685
      5831.07       1.1405138     0.013392905
      5836.90       1.1677419     0.013428075
      5842.74       1.1972157     0.013464461
      5848.58       1.2382617     0.013503164
      5854.43       1.2560426     0.013540516
      5860.29       1.2813269     0.013573241
      5866.15       1.2983386     0.013603108
      5872.01       1.3119092     0.013630936
      5877.89       1.3426816     0.013657416
      5883.76       1.3575072     0.013681163
      5889.65       1.3720422     0.013704049
      5895.54       1.3941076     0.013727050
      5901.43       1.4012630     0.013751718
      5907.34       1.4044600     0.013695883
      5913.24       1.3980012     0.013718704
      5919.16       1.3928765     0.013740344
      5925.08       1.3702931     0.013760359
      5931.00       1.3553265     0.013780501
      5936.93       1.3398239     0.013800893
      5942.87       1.3250899     0.013820431
      5948.81       1.2896881     0.013838090
      5954.76       1.2825206     0.013857595
      5960.72       1.2560569     0.013880606
      5966.68       1.2331018     0.013822991
      5972.64       1.2130480     0.013843907
      5978.62       1.1835356     0.013865904
      5984.60       1.1660221     0.013890516
      5990.58       1.1565940     0.013916571
      5996.57       1.1318546     0.013943685
      6002.57       1.1154480     0.013971405
      6008.57       1.0999002     0.013921190
      6014.58       1.0672240     0.013950538
      6020.60       1.0472888     0.013980203
      6026.62       1.0200219     0.014099992
      6032.65      0.99138294     0.014129157
      6038.68      0.96678558     0.014158992
      6044.72      0.95147084     0.014189103
      6050.76      0.93964404     0.014139496
      6056.81      0.92550406     0.014170049
      6062.87      0.92275088     0.014201059
      6068.93      0.92099560     0.014232310
      6075.00      0.91961673     0.014264021
      6081.08      0.91906462     0.014212519
      6087.16      0.91345660     0.014334528
      6093.25      0.91227042     0.014365516
      6099.34      0.92006964     0.014396868
      6105.44      0.92212035     0.014428747
      6111.54      0.91881591     0.014378156
      6117.66      0.91678735     0.014408682
      6123.78      0.91423171     0.014439579
      6129.90      0.91260975     0.014470749
      6136.03      0.92002533     0.014514803
      6142.17      0.91816229     0.014544740
      6148.31      0.91759744     0.014575194
      6154.46      0.91665964     0.014606073
      6160.61      0.92492508     0.014557289
      6166.77      0.92889413     0.014589767
      6172.94      0.93683254     0.014714977
      6179.11      0.96799238     0.014752706
      6185.29       1.0135499     0.014708300
      6191.48       1.0559650     0.014737868
      6197.67       1.0902579     0.014773494
      6203.87       1.1227138     0.014908328
      6210.07       1.1628085     0.014880345
      6216.28       1.1952394     0.014938854
      6222.50       1.2165370     0.015003408
      6228.72       1.2447202     0.014989556
      6234.95       1.2592302     0.015149900
      6241.19       1.2705126     0.015209201
      6247.42       1.2910145     0.015176299
      6253.67       1.3022860     0.015214225
      6259.93       1.3161542     0.015338518
      6266.19       1.3008205     0.015267042
      6272.46       1.2841348     0.015272785
      6278.73       1.2760308     0.015274139
      6285.01       1.2612387     0.015282910
      6291.29       1.2586527     0.015290394
      6297.58       1.2530565     0.015307489
      6303.88       1.2359187     0.015240579
      6310.19       1.2155588     0.015343616
      6316.50       1.1977573     0.015359295
      6322.81       1.1721848     0.015294283
      6329.14       1.1725385     0.015314945
      6335.47       1.1508215     0.015426673
      6341.80       1.1352857     0.015364053
      6348.14       1.1295794     0.015387886
      6354.49       1.1094341     0.015418920
      6360.85       1.0978195     0.015443786
      6367.21       1.1010406     0.015471206
      6373.57       1.1017033     0.015506023
      6379.95       1.1050486     0.015533365
      6386.33       1.0921633     0.015476041
      6392.72       1.0907883     0.015598394
      6399.11       1.0875394     0.015630117
      6405.51       1.0816627     0.015580439
      6411.92       1.0859814     0.015714490
      6418.32       1.0796899     0.015671007
      6424.74       1.0775426     0.015705115
      6431.17       1.0845551     0.015753267
      6437.60       1.0845547     0.015784042
      6444.04       1.0859931     0.015815022
      6450.48       1.0923914     0.015853603
      6456.94       1.0898844     0.015875465
      6463.39       1.0911492     0.015811250
      6469.85       1.0960164     0.015920782
      6476.33       1.0929299     0.015852329
      6482.80       1.0859866     0.015963151
      6489.28       1.0848060     0.015895804
      6495.77       1.0785062     0.015917444
      6502.27       1.0576921     0.015943389
      6508.77       1.0501230     0.015961320
      6515.28       1.0198102     0.015982053
      6521.80      0.99614998     0.015995778
      6528.32      0.97349246     0.015922044
      6534.85      0.95478088     0.016031162
      6541.38      0.94301431     0.015957925
      6547.92      0.93720575     0.016061165
      6554.47      0.93780040     0.015985231
      6561.03      0.93398089     0.016091425
      6567.59      0.94267461     0.016019516
      6574.16      0.95192604     0.016034425
      6580.73      0.97749446     0.016057076
      6587.31       1.0000193     0.016072038
      6593.90       1.0151550     0.016094606
      6600.50       1.0303715     0.016023997
      6607.10       1.0387183     0.016130168
      6613.70       1.0496977     0.016058672
      6620.32       1.0561080     0.016163957
      6626.94       1.0617807     0.016092035
      6633.57       1.0654602     0.016196519
      6640.20       1.0460370     0.016123524
      6646.84       1.0446260     0.016140589
      6653.49       1.0308684     0.016152766
      6660.14       1.0226315     0.016168245
      6666.80       1.0283477     0.016180059
      6673.47       1.0252378     0.016193511
      6680.14       1.0238930     0.016116710
      6686.82       1.0181887     0.016216689
      6693.51       1.0150494     0.016137702
      6700.20       1.0168236     0.016151707
      6706.90       1.0228284     0.016156748
      6713.61       1.0249371     0.016168555
      6720.32       1.0069955     0.016173708
      6727.05       1.0079870     0.016183087
      6733.77      0.98988272     0.016193421
      6740.51      0.98157244     0.016195480
      6747.25      0.96583276     0.016204464
      6754.00      0.95111656     0.016139528
      6760.75      0.92991618     0.016274193
      6767.51      0.91286000     0.016249614
      6774.28      0.89322235     0.016235703
      6781.05      0.86744593     0.016322540
      6787.84      0.85835387     0.016309291
      6794.62      0.84377238     0.016450955
      6801.42      0.82330098     0.016608983
      6808.22      0.81910899     0.016852792
      6815.03      0.80795963     0.017131375
      6821.85      0.80276900     0.017295113
      6828.67      0.80509888     0.017610561
      6835.50      0.80296365     0.017679396
      6842.33      0.79888320     0.017775161
      6849.17      0.78315358     0.017880734
      6856.02      0.78404924     0.017678715
      6862.88      0.76837895     0.017499039
      6869.74      0.76554869     0.017273207
      6876.61      0.74951781     0.017081865
      6883.49      0.75040154     0.016881997
      6890.37      0.74950501     0.016759327
      6897.27      0.75990578     0.016572181
      6904.16      0.76268378     0.016523163
      6911.07      0.77009694     0.016403267
      6917.98      0.80430601     0.016245633
      6924.89      0.83123456     0.016172584
      6931.82      0.85906037     0.016107482
      6938.75      0.89239737     0.016063799
      6945.69      0.92763376     0.016020150
      6952.64      0.95556829     0.015987523
      6959.59      0.97396527     0.015961044
      6966.55      0.99206161     0.015853681
      6973.52       1.0098288     0.015908887
      6980.49       1.0042619     0.015870896
      6987.47       1.0262328     0.015661734
      6994.46       1.0338912     0.015379760
      7001.46       1.0439908     0.015260762
      7008.46       1.0473886     0.015065327
      7015.46       1.0528646     0.014877931
      7022.48       1.0669824     0.014768155
      7029.51       1.0777183     0.014588537
      7036.53       1.1004723     0.014415266
      7043.57       1.1179838     0.014257502
      7050.62       1.1302798     0.014175802
      7057.66       1.1495786     0.013971539
      7064.72       1.1771031     0.013827293
      7071.79       1.1829602     0.013685275
      7078.86       1.1932753     0.013611184
      7085.94       1.1981563     0.013496987
      7093.03       1.1931059     0.013424621
      7100.12       1.1870558     0.013385132
      7107.22       1.1867833     0.013348143
      7114.33       1.1807328     0.013345415
      7121.44       1.1784975     0.013284314
      7128.56       1.1774653     0.013215989
      7135.69       1.1675699     0.013141113
      7142.83       1.1717583     0.012999289
      7149.97       1.1742154     0.012952346
      7157.12       1.1844321     0.012846071
      7164.28       1.1891169     0.012729324
      7171.44       1.2052887     0.012599708
      7178.62       1.2312974     0.012459474
      7185.80       1.2500127     0.012315142
      7192.98       1.2874850     0.012167419
      7200.17       1.3210824     0.012016765
      7207.38       1.3491043     0.011862561
      7214.58       1.3897576     0.011751697
      7221.80       1.4167641     0.011590596
      7229.02       1.4342130     0.011430600
      7236.25       1.4438174     0.011272874
      7243.49       1.4543976     0.011115717
      7250.73       1.4651416     0.010956762
      7257.98       1.4717379     0.011069771
      7265.24       1.4717579     0.011178357
      7272.51       1.4711224     0.011340704
      7279.78       1.4610174     0.011538975
      7287.06       1.4499417     0.011786447
      7294.35       1.4323012     0.012103662
      7301.64       1.4075855     0.012523893
      7308.94       1.3823624     0.013093112
      7316.25       1.3499182     0.013863476
      7323.57       1.3133139     0.014894364
      7330.89       1.2711461     0.016242870
      7338.22       1.2204103     0.017983047
      7345.56       1.1645083     0.020229414
      7352.91       1.1041888     0.023108950
      7360.26       1.0416709     0.026768764
      7367.62      0.98017559     0.031378237
