# starting wavelength =        3461.1329
# ending wavelength =        7288.6100
# O2 telluric scale =        0
# O2 telluric shift =        0
# H2O telluric scale =        0
# H2O telluric shift =        0
      3464.04      0.95087088     0.034985735
      3467.51      0.95955181     0.034208417
      3470.98      0.96107006     0.033325203
      3474.45      0.97156314     0.032774662
      3477.92      0.96697388     0.032298608
      3481.40      0.99379606     0.032034004
      3484.88       1.0025706     0.031899616
      3488.37      0.97535191     0.031799210
      3491.86      0.95790101     0.031865233
      3495.35      0.93568459     0.031772542
      3498.84      0.91827167     0.031630392
      3502.34      0.88734073     0.031698834
      3505.84      0.83658455     0.031599289
      3509.35      0.80343067     0.031670278
      3512.86      0.77137153     0.031367150
      3516.37      0.76156077     0.031435995
      3519.89      0.75660795     0.031506247
      3523.41      0.75165894     0.031408001
      3526.93      0.80103652     0.031275006
      3530.46      0.80321443     0.031176247
      3533.99      0.81403363     0.031250974
      3537.53      0.82875504     0.031322047
      3541.06      0.82394283     0.031019184
      3544.60      0.82052663     0.031091082
      3548.15      0.85297976     0.031167578
      3551.70      0.84145946     0.030861297
      3555.25      0.85173275     0.030936273
      3558.80      0.85793509     0.031015147
      3562.36      0.85240241     0.030917080
      3565.92      0.83895876     0.030785402
      3569.49      0.83738367     0.030863028
      3573.06      0.82625070     0.030770237
      3576.64      0.81699538     0.030847817
      3580.21      0.81899781     0.030718714
      3583.79      0.80156044     0.030618725
      3587.38      0.79459642     0.030705089
      3590.96      0.78586090     0.030570230
      3594.55      0.77988804     0.030476154
      3598.15      0.78250643     0.030559834
      3601.75      0.76652385     0.030432804
      3605.35      0.76493240     0.030331709
      3608.96      0.76158208     0.030421779
      3612.56      0.76161550     0.030510383
      3616.18      0.77089688     0.030194891
      3619.79      0.79325434     0.030282468
      3623.41      0.81294707     0.030378323
      3627.04      0.83775592     0.030056113
      3630.66      0.86764636     0.030151106
      3634.29      0.90915180     0.030243387
      3637.93      0.91083322     0.030117258
      3641.57      0.91330999     0.030016554
      3645.21      0.90520279     0.030118171
      3648.86      0.90291551     0.029983857
      3652.50      0.91623689     0.029892805
      3656.16      0.92517188     0.029987876
      3659.81      0.93225725     0.029860826
      3663.47      0.91432184     0.029961562
      3667.14      0.89455038     0.029872471
      3670.80      0.87143981     0.029736593
      3674.48      0.84265514     0.029841789
      3678.15      0.82404089     0.029951529
      3681.83      0.81781969     0.029616437
      3685.51      0.81550173     0.029727247
      3689.20      0.81671838     0.029835670
      3692.88      0.82143894     0.029711563
      3696.58      0.82686959     0.029822052
      3700.27      0.82138346     0.029732150
      3703.98      0.81171928     0.029597405
      3707.68      0.80222001     0.029715054
      3711.39      0.80010521     0.029837752
      3715.10      0.77723201     0.029489042
      3718.81      0.74180880     0.029613973
      3722.53      0.72603324     0.029734453
      3726.26      0.69543688     0.029609970
      3729.98      0.65715968     0.029736551
      3733.71      0.62834512     0.029649925
      3737.45      0.57262808     0.029512577
      3741.18      0.54507143     0.029641366
      3744.93      0.51762569     0.029518652
      3748.67      0.47270512     0.029651015
      3752.42      0.42238535     0.029563102
      3756.17      0.39792172     0.029427079
      3759.93      0.38053166     0.029563567
      3763.69      0.36033906     0.029715561
      3767.45      0.35686169     0.029581420
      3771.22      0.35299263     0.029731351
      3774.99      0.35465058     0.029357868
      3778.77      0.36993381     0.029502638
      3782.54      0.38950088     0.029665428
      3786.33      0.40466192     0.029530725
      3790.11      0.41861888     0.029688729
      3793.90      0.43392319     0.029569003
      3797.70      0.44388486     0.029459466
      3801.50      0.46962109     0.029636519
      3805.30      0.46219717     0.029498663
      3809.10      0.46203535     0.029663322
      3812.91      0.46334954     0.029279352
      3816.73      0.45825672     0.029145121
      3820.54      0.47088260     0.029309295
      3824.36      0.46069419     0.028927096
      3828.19      0.45696031     0.028797246
      3832.02      0.48228579     0.028417420
      3835.85      0.50951073     0.028580687
      3839.68      0.52426976     0.028452019
      3843.52      0.55760736     0.028078361
      3847.37      0.59372556     0.028238436
      3851.22      0.64357241     0.028111607
      3855.07      0.69326289     0.027742328
      3858.92      0.74217988     0.027899932
      3862.78      0.79124399     0.027775645
      3866.64      0.84999070     0.027409369
      3870.51      0.89490920     0.027566930
      3874.38      0.94258625     0.027198118
      3878.26      0.98806981     0.027081256
      3882.13       1.0520374     0.026969357
      3886.02       1.1270125     0.026873108
      3889.90       1.2000992     0.026756426
      3893.79       1.2880098     0.026644555
      3897.69       1.3749270     0.026551709
      3901.59       1.4581619     0.026435027
      3905.49       1.5591857     0.026323624
      3909.39       1.6511918     0.025984186
      3913.30       1.7342052     0.026118277
      3917.22       1.8043074     0.026006075
      3921.13       1.8566326     0.025899086
      3925.06       1.8965894     0.025559674
      3928.98       1.9244087     0.025693740
      3932.91       1.9430603     0.025585523
      3936.84       1.9290886     0.025255878
      3940.78       1.9191801     0.025144130
      3944.72       1.8991329     0.025277263
      3948.67       1.8938826     0.024957695
      3952.61       1.8691156     0.024844392
      3956.57       1.8566465     0.024734787
      3960.52       1.8320872     0.024866798
      3964.48       1.8196879     0.024550772
      3968.45       1.8080882     0.024440339
      3972.42       1.8020934     0.024333443
      3976.39       1.7923944     0.024263666
      3980.37       1.7962474     0.024152591
      3984.35       1.8002385     0.024043903
      3988.33       1.7920335     0.023938674
      3992.32       1.7683877     0.023631955
      3996.31       1.7637778     0.023761788
      4000.31       1.7595749     0.023655494
      4004.31       1.7406564     0.023551311
      4008.31       1.7264564     0.023248921
      4012.32       1.6997076     0.023150808
      4016.33       1.6948841     0.023273698
      4020.35       1.6776786     0.023170496
      4024.37       1.6474536     0.022872592
      4028.40       1.6188908     0.022775465
      4032.42       1.5749177     0.022680017
      4036.46       1.5167755     0.022586933
      4040.50       1.4756549     0.022503800
      4044.54       1.4235100     0.022406627
      4048.58       1.3666344     0.022311654
      4052.63       1.3192418     0.022218798
      4056.68       1.2563826     0.021938329
      4060.74       1.2006928     0.022046269
      4064.80       1.1447392     0.021951129
      4068.86       1.0834001     0.021858049
      4072.93       1.0500509     0.021766836
      4077.01       1.0189472     0.021494477
      4081.08      0.99295411     0.021400773
      4085.17      0.96875568     0.021308328
      4089.25      0.95593304     0.021415250
      4093.34      0.94176437     0.021325345
      4097.43      0.91439947     0.021063275
      4101.53      0.89654505     0.020970344
      4105.63      0.87766527     0.020879500
      4109.74      0.87348276     0.020789678
      4113.85      0.87551644     0.020701447
      4117.96      0.87334269     0.020443818
      4122.08      0.86510841     0.020552601
      4126.20      0.85283654     0.020462478
      4130.33      0.85913256     0.020374239
      4134.46      0.85902148     0.020286862
      4138.59      0.86576156     0.020200637
      4142.73      0.87238395     0.019948952
      4146.88      0.89285341     0.019865636
      4151.02      0.91845368     0.019782993
      4155.18      0.95152234     0.019701794
      4159.33      0.97349758     0.019800811
      4163.49      0.98833451     0.019716264
      4167.65       1.0000486     0.019632350
      4171.82       1.0051007     0.019388267
      4175.99       1.0121522     0.019306913
      4180.17       1.0132055     0.019226808
      4184.35       1.0159783     0.019146884
      4188.54       1.0295834     0.019067953
      4192.72       1.0372065     0.018989999
      4196.92       1.0268007     0.018912980
      4201.11       1.0156747     0.018681279
      4205.31       1.0160017     0.018603221
      4209.52       1.0137237     0.018525574
      4213.73       1.0068735     0.018614759
      4217.94       1.0043914     0.018537990
      4222.16      0.99692965     0.018461649
      4226.38       1.0098413     0.018385602
      4230.61       1.0019045     0.018310609
      4234.84       1.0036069     0.018235846
      4239.08      0.99923537     0.018162003
      4243.32      0.99713802     0.017945693
      4247.56      0.99338687     0.017871291
      4251.81      0.99287558     0.017797721
      4256.06      0.98697246     0.017724919
      4260.32      0.98684210     0.017652491
      4264.58      0.98461198     0.017580756
      4268.84       1.0001199     0.017509335
      4273.11       1.0143413     0.017438244
      4277.38       1.0240526     0.017367728
      4281.66       1.0451844     0.017297799
      4285.94       1.0612310     0.017228121
      4290.23       1.0782300     0.017159099
      4294.52       1.1038454     0.017090411
      4298.81       1.1321629     0.016885990
      4303.11       1.1552257     0.016818804
      4307.42       1.1770649     0.016751912
      4311.72       1.1963669     0.016685208
      4316.04       1.2242925     0.016619487
      4320.35       1.2391680     0.016554058
      4324.67       1.2384137     0.016489082
      4329.00       1.2462437     0.016423993
      4333.33       1.2417081     0.016359532
      4337.66       1.2238929     0.016295559
      4342.00       1.2107946     0.016232046
      4346.34       1.1812400     0.016168414
      4350.69       1.1532585     0.016105760
      4355.04       1.1031804     0.016043421
      4359.39       1.0563399     0.015981538
      4363.75       1.0038192     0.015919615
      4368.12      0.94207810     0.015858548
      4372.48      0.89200390     0.015662125
      4376.86      0.85053713     0.015602179
      4381.23      0.80194226     0.015542573
      4385.61      0.75505806     0.015483826
      4390.00      0.72063649     0.015425368
      4394.39      0.68652393     0.015367069
      4398.79      0.66185309     0.015309104
      4403.18      0.63468669     0.015251971
      4407.59      0.61123697     0.015195147
      4412.00      0.60631669     0.015138881
      4416.41      0.59817236     0.015082960
      4420.82      0.59289842     0.015027511
      4425.25      0.59973081     0.014972482
      4429.67      0.59952482     0.014787660
      4434.10      0.61122481     0.014732794
      4438.54      0.61849250     0.014678482
      4442.97      0.63668735     0.014624419
      4447.42      0.65297201     0.014570987
      4451.86      0.66944746     0.014517999
      4456.32      0.69081659     0.014465364
      4460.77      0.71797912     0.014413459
      4465.24      0.73434379     0.014474731
      4469.70      0.75869293     0.014423606
      4474.17      0.78836518     0.014251349
      4478.65      0.81022516     0.014199941
      4483.12      0.83831243     0.014148982
      4487.61      0.86755291     0.014098380
      4492.09      0.89282089     0.014048652
      4496.59      0.92745665     0.013999236
      4501.08      0.96235334     0.013950394
      4505.58      0.99499191     0.013787070
      4510.09       1.0352692     0.013740164
      4514.60       1.0769900     0.013693462
      4519.12       1.1209845     0.013647596
      4523.63       1.1751023     0.013702653
      4528.16       1.2249421     0.013655625
      4532.69       1.2761516     0.013496438
      4537.22       1.3262427     0.013451165
      4541.76       1.3734940     0.013406752
      4546.30       1.4202633     0.013362675
      4550.85       1.4700938     0.013319642
      4555.40       1.5214064     0.013277218
      4559.95       1.5707348     0.013120596
      4564.51       1.6158146     0.013176907
      4569.08       1.6552234     0.013134348
      4573.65       1.7055540     0.013092216
      4578.22       1.7438151     0.013051084
      4582.80       1.7800705     0.012901186
      4587.38       1.8046869     0.012859250
      4591.97       1.8274570     0.012818051
      4596.56       1.8484446     0.012875447
      4601.16       1.8557075     0.012836032
      4605.76       1.8452696     0.012691074
      4610.37       1.8423607     0.012650567
      4614.98       1.8295020     0.012610801
      4619.59       1.8064311     0.012572348
      4624.21       1.7877032     0.012529682
      4628.84       1.7656023     0.012489682
      4633.47       1.7328928     0.012450567
      4638.10       1.7107218     0.012412586
      4642.74       1.6814395     0.012277109
      4647.38       1.6470726     0.012241547
      4652.03       1.6243355     0.012296304
      4656.68       1.6061352     0.012259019
      4661.34       1.5897478     0.012126045
      4666.00       1.5689128     0.012091191
      4670.67       1.5463423     0.012057787
      4675.33       1.5275072     0.012111589
      4680.01       1.5169461     0.011980693
      4684.69       1.4951909     0.011947101
      4689.38       1.4714427     0.011914972
      4694.07       1.4369420     0.011883976
      4698.76       1.4221780     0.011841177
      4703.46       1.3912566     0.011808885
      4708.16       1.3570236     0.011777764
      4712.87       1.3281828     0.011652018
      4717.58       1.2871504     0.011706986
      4722.30       1.2328823     0.011676136
      4727.03       1.1797067     0.011646547
      4731.75       1.1169883     0.011522492
      4736.48       1.0519952     0.011492185
      4741.22      0.99242977     0.011549014
      4745.96      0.92642499     0.011428337
      4750.71      0.86063252     0.011398213
      4755.46      0.79879132     0.011369780
      4760.22      0.74411895     0.011337378
      4764.97      0.69809140     0.011307817
      4769.74      0.65940223     0.011279687
      4774.51      0.62220121     0.011249709
      4779.29      0.60303329     0.011220552
      4784.07      0.58575779     0.011192895
      4788.85      0.58485246     0.011081606
      4793.64      0.58163942     0.011136166
      4798.43      0.59280763     0.011109088
      4803.23      0.60940024     0.010999087
      4808.03      0.62042929     0.011054306
      4812.84      0.63049220     0.011028113
      4817.66      0.64326797     0.010919714
      4822.48      0.66232729     0.010897179
      4827.30      0.67516462     0.010866740
      4832.12      0.68009296     0.010843442
      4836.96      0.68672187     0.010822060
      4841.79      0.68702657     0.010792298
      4846.63      0.68325691     0.010770031
      4851.48      0.67841827     0.010665627
      4856.33      0.67139081     0.010720643
      4861.19      0.66484209     0.010699529
      4866.05      0.65836963     0.010595763
      4870.92      0.66087870     0.010651768
      4875.79      0.66275892     0.010551088
      4880.66      0.67375038     0.010528869
      4885.55      0.68253032     0.010585933
      4890.43      0.70120354     0.010485610
      4895.32      0.71915569     0.010464907
      4900.22      0.74649713     0.010444283
      4905.12      0.79134552     0.010423059
      4910.02      0.83703975     0.010404022
      4914.94      0.89855262     0.010382885
      4919.85      0.95945041     0.010363333
      4924.77       1.0271134     0.010344361
      4929.70       1.0870565     0.010324397
      4934.62       1.1442249     0.010231178
      4939.56       1.1923156     0.010286958
      4944.50       1.2327105     0.010193851
      4949.44       1.2581290     0.010178256
      4954.39       1.2722763     0.010232753
      4959.35       1.2639954     0.010142182
      4964.31       1.2503705     0.010198003
      4969.27       1.2080068     0.010107681
      4974.24       1.1598306     0.010094345
      4979.22       1.0848549     0.010074682
      4984.20       1.0120706     0.010061238
      4989.18      0.93266712     0.010042783
      4994.17      0.86897903     0.010029258
      4999.16      0.80344428     0.010012159
      5004.16      0.74444100    0.0099988939
      5009.17      0.70002277    0.0099112792
      5014.18      0.66890798    0.0099695025
      5019.19      0.64900020    0.0098828910
      5024.21      0.63499242    0.0099413135
      5029.23      0.63293478    0.0098557826
      5034.26      0.64164343    0.0099142633
      5039.30      0.65827641    0.0098297174
      5044.34      0.67547710    0.0098884475
      5049.39      0.69242710    0.0098046827
      5054.43      0.71591526    0.0097925852
      5059.49      0.74101816    0.0097806238
      5064.55      0.76501883    0.0097004943
      5069.61      0.79132196    0.0097576382
      5074.68      0.81119882    0.0096781337
      5079.76      0.83370516    0.0097356749
      5084.84      0.86202863    0.0096568783
      5089.92      0.88225060    0.0097144912
      5095.01      0.90117454    0.0096364845
      5100.11      0.91518931    0.0096942576
      5105.21      0.92897210    0.0096173035
      5110.31      0.94590707    0.0096074178
      5115.42      0.95262616    0.0095992873
      5120.54      0.95830422    0.0095894427
      5125.66      0.95757911    0.0095822676
      5130.79      0.95704903    0.0095726126
      5135.92      0.95153349    0.0095662901
      5141.05      0.94190542    0.0095567996
      5146.20      0.92683062    0.0094820502
      5151.34      0.91916827    0.0095418176
      5156.49      0.90781850    0.0094670093
      5161.65      0.90260231    0.0095279235
      5166.81      0.90231968    0.0094532914
      5171.98      0.90218904    0.0094478272
      5177.15      0.90654566    0.0095078091
      5182.33      0.91245313    0.0094351183
      5187.51      0.92822227    0.0094315371
      5192.70      0.94627847    0.0094234766
      5197.89      0.96476608    0.0094195024
      5203.09      0.98785017    0.0094128007
      5208.29       1.0160453    0.0094084829
      5213.50       1.0566883    0.0093398375
      5218.72       1.0964578    0.0093987030
      5223.93       1.1345640    0.0093958101
      5229.16       1.1792992    0.0093268850
      5234.39       1.2138896    0.0093868209
      5239.62       1.2516789    0.0093197564
      5244.86       1.2929433    0.0093161591
      5250.11       1.3370465    0.0093771009
      5255.36       1.3799142    0.0093101333
      5260.61       1.4241567    0.0093073946
      5265.87       1.4678675    0.0093055388
      5271.14       1.5158116    0.0093022957
      5276.41       1.5440750    0.0093003937
      5281.69       1.5691758    0.0092986294
      5286.97       1.5904591    0.0092962377
      5292.26       1.6055019    0.0092305924
      5297.55       1.6129570    0.0092937392
      5302.85       1.6187223    0.0092920203
      5308.15       1.6223341    0.0092269402
      5313.46       1.6281792    0.0092275991
      5318.77       1.6257879    0.0092895337
      5324.09       1.6248553    0.0092249712
      5329.42       1.6205142    0.0092260766
      5334.75       1.6073785    0.0092888072
      5340.08       1.6020643    0.0092244205
      5345.42       1.5943561    0.0092257243
      5350.77       1.5807109    0.0092281746
      5356.12       1.5676679    0.0092253889
      5361.48       1.5602152    0.0092269960
      5366.83       1.5543294    0.0092294653
      5372.20       1.5415965    0.0091680517
      5377.58       1.5187074    0.0092297611
      5382.95       1.5005734    0.0092323143
      5388.34       1.4737898    0.0091724171
      5393.72       1.4516914    0.0091743374
      5399.12       1.4259784    0.0091769438
      5404.52       1.4041888    0.0091785844
      5409.92       1.3806138    0.0091805702
      5415.33       1.3693087    0.0091830932
      5420.75       1.3645148    0.0091864028
      5426.17       1.3656556    0.0091883747
      5431.60       1.3651687    0.0091909168
      5437.03       1.3622887    0.0091941602
      5442.47       1.3700022    0.0091351147
      5447.91       1.3742240    0.0091394170
      5453.36       1.3838610    0.0092035928
      5458.81       1.3982741    0.0092072601
      5464.27       1.4190447    0.0091485603
      5469.73       1.4364152    0.0091533630
      5475.20       1.4547913    0.0091585651
      5480.68       1.4741778    0.0091642795
      5486.16       1.4883125    0.0091642448
      5491.65       1.4919458    0.0091690849
      5497.14       1.4993783    0.0091745089
      5502.64       1.4988438    0.0091802893
      5508.14       1.4940699    0.0091243264
      5513.65       1.4883215    0.0091292710
      5519.16       1.4868391    0.0091922797
      5524.68       1.4808637    0.0091980613
      5530.20       1.4660765    0.0092043600
      5535.73       1.4457650    0.0091493756
      5541.27       1.4256711    0.0091547268
      5546.81       1.4116081    0.0091605708
      5552.36       1.3860345    0.0091665415
      5557.91       1.3639059    0.0091728449
      5563.47       1.3436078    0.0091774255
      5569.04       1.3282789    0.0091830718
      5574.60       1.3094993    0.0091889953
      5580.18       1.2914397    0.0091951175
      5585.76       1.2794806    0.0092016482
      5591.35       1.2639323    0.0092083327
      5596.94       1.2531583    0.0091535913
      5602.53       1.2386408    0.0091606557
      5608.14       1.2271368    0.0091679391
      5613.75       1.2226498    0.0091753186
      5619.36       1.2158153    0.0091828969
      5624.98       1.2121233    0.0092468747
      5630.60       1.2058691    0.0091919894
      5636.23       1.1954511    0.0091990307
      5641.87       1.1878321    0.0092062927
      5647.51       1.1805309    0.0092137223
      5653.16       1.1698643    0.0092211392
      5658.82       1.1560675    0.0092287683
      5664.47       1.1456585    0.0092365466
      5670.14       1.1356498    0.0092442594
      5675.81       1.1230571    0.0091916810
      5681.48       1.1075866    0.0091990920
      5687.17       1.0874290    0.0092064547
      5692.85       1.0692766    0.0092139210
      5698.55       1.0471799    0.0092215753
      5704.25       1.0311231    0.0092292343
      5709.95       1.0027653    0.0092369153
      5715.66      0.97801524    0.0092451042
      5721.38      0.95213816    0.0092538793
      5727.10      0.91933960    0.0092629094
      5732.83      0.89625576    0.0092716353
      5738.56      0.88334962    0.0092193127
      5744.30      0.86589636    0.0092286227
      5750.04      0.86121560    0.0092397229
      5755.79      0.87541314    0.0092537703
      5761.55      0.89407298    0.0092698394
      5767.31      0.92406914    0.0092858396
      5773.08      0.96075970    0.0093025341
      5778.85       1.0084490    0.0093206870
      5784.63       1.0567454    0.0093380545
      5790.41       1.1136798    0.0093521704
      5796.21       1.1697249    0.0093638152
      5802.00       1.2239665    0.0093738090
      5807.81       1.2760661    0.0093824519
      5813.61       1.3305241    0.0093895597
      5819.43       1.3713214    0.0093952882
      5825.25       1.4017141    0.0093449388
      5831.07       1.4228795    0.0093511859
      5836.90       1.4302308    0.0093575368
      5842.74       1.4295762    0.0093627700
      5848.58       1.4229574    0.0093667546
      5854.43       1.4075730    0.0093697226
      5860.29       1.4007480    0.0093721148
      5866.15       1.3913292    0.0093748021
      5872.01       1.3657673    0.0093767911
      5877.89       1.3434411    0.0093773484
      5883.76       1.3211640    0.0093784493
      5889.65       1.2996201    0.0093247570
      5895.54       1.2793238    0.0093282324
      5901.43       1.2695434    0.0093304058
      5907.34       1.2584403    0.0093326857
      5913.24       1.2484248    0.0093364656
      5919.16       1.2427311    0.0093413755
      5925.08       1.2494478    0.0093466976
      5931.00       1.2463094    0.0093523961
      5936.93       1.2365414    0.0093040184
      5942.87       1.2240119    0.0093104887
      5948.81       1.2065545    0.0093748211
      5954.76       1.1904087    0.0093804596
      5960.72       1.1740620    0.0093862651
      5966.68       1.1589454    0.0093921658
      5972.64       1.1418545    0.0093435002
      5978.62       1.1186985    0.0093495571
      5984.60       1.0947826    0.0093556749
      5990.58       1.0750689    0.0093618689
      5996.57       1.0556614    0.0093680561
      6002.57       1.0395544    0.0093178145
      6008.57       1.0278002    0.0093811385
      6014.58       1.0192151    0.0093863992
      6020.60       1.0115122    0.0093918331
      6026.62       1.0053105    0.0093973835
      6032.65       1.0033378    0.0093474139
      6038.68       1.0071308    0.0093517929
      6044.72       1.0024852    0.0093562706
      6050.76       1.0002215    0.0093609810
      6056.81      0.99860797    0.0094238425
      6062.87       1.0015627    0.0093735350
      6068.93       1.0067105    0.0093771292
      6075.00       1.0102876    0.0093808438
      6081.08       1.0122241    0.0093847244
      6087.16       1.0107871    0.0093352151
      6093.25       1.0034172    0.0093959334
      6099.34       1.0005230    0.0094002455
      6105.44       1.0029239    0.0094076520
      6111.54       1.0032338    0.0093618683
      6117.66       1.0093451    0.0093641181
      6123.78       1.0118361    0.0094245763
      6129.90       1.0191358    0.0093816601
      6136.03       1.0221177    0.0093965022
      6142.17       1.0320098    0.0094159501
      6148.31       1.0384827    0.0094391319
      6154.46       1.0483810    0.0094689132
      6160.61       1.0537091    0.0094913912
      6166.77       1.0576247    0.0095111821
      6172.94       1.0536712    0.0094708672
      6179.11       1.0502298    0.0094774381
      6185.29       1.0344581    0.0095355313
      6191.48       1.0129397    0.0094709886
      6197.67      0.98182773    0.0094570658
      6203.87      0.94420160    0.0094403142
      6210.07      0.89955501    0.0094218301
      6216.28      0.85765937    0.0094073828
      6222.50      0.82153501    0.0093989216
      6228.72      0.78013988    0.0093377993
      6234.95      0.74923553    0.0093798259
      6241.19      0.71369896    0.0093703067
      6247.42      0.68816218    0.0093098904
      6253.67      0.66810168    0.0093568562
      6259.93      0.66256407    0.0092966480
      6266.19      0.65713867    0.0092910046
      6272.46      0.65475320    0.0092865541
      6278.73      0.65367146    0.0092809029
      6285.01      0.65066687    0.0092770283
      6291.29      0.64565564    0.0092743464
      6297.58      0.64144736    0.0092706687
      6303.88      0.64092590    0.0092679710
      6310.19      0.64366629    0.0092115356
      6316.50      0.65092431    0.0092625196
      6322.81      0.66612091    0.0092096769
      6329.14      0.68888938    0.0092095322
      6335.47      0.71931080    0.0092664386
      6341.80      0.75495460    0.0092183870
      6348.14      0.79737605    0.0092190657
      6354.49      0.84192956    0.0092217495
      6360.85      0.88578041    0.0092201052
      6367.21      0.93705835    0.0091669713
      6373.57      0.98804162    0.0092154589
      6379.95       1.0333958    0.0092084810
      6386.33       1.0792069    0.0091487406
      6392.72       1.1153637    0.0091888232
      6399.11       1.1465894    0.0091265997
      6405.51       1.1649513    0.0091666767
      6411.92       1.1809726    0.0091050525
      6418.32       1.1919314    0.0090969051
      6424.74       1.2031823    0.0090855907
      6431.17       1.2100812    0.0090754383
      6437.60       1.2130805    0.0090609622
      6444.04       1.2173570    0.0090480900
      6450.48       1.2192452    0.0089823339
      6456.94       1.2113482    0.0090202818
      6463.39       1.1995434    0.0089553003
      6469.85       1.1951923    0.0089898734
      6476.33       1.1800706    0.0089230941
      6482.80       1.1638607    0.0089584814
      6489.28       1.1475169    0.0088939681
      6495.77       1.1246433    0.0089303682
      6502.27       1.1060890    0.0088663933
      6508.77       1.0996207    0.0088039716
      6515.28       1.0853294    0.0088385143
      6521.80       1.0741049    0.0087756940
      6528.32       1.0597872    0.0088089870
      6534.85       1.0559329    0.0087457344
      6541.38       1.0530173    0.0087780963
      6547.92       1.0516681    0.0087144647
      6554.47       1.0546235    0.0086968739
      6561.03       1.0551942    0.0086818089
      6567.59       1.0620666    0.0086629773
      6574.16       1.0633703    0.0086474744
      6580.73       1.0675735    0.0086274065
      6587.31       1.0769918    0.0085619752
      6593.90       1.0922010    0.0085902376
      6600.50       1.0962660    0.0085237755
      6607.10       1.0971577    0.0085513340
      6613.70       1.1004185    0.0084839807
      6620.32       1.1011617    0.0084624350
      6626.94       1.1072764    0.0084424179
      6633.57       1.1068821    0.0084195066
      6640.20       1.1019037    0.0084438768
      6646.84       1.0891572    0.0083748994
      6653.49       1.0800134    0.0083507311
      6660.14       1.0670564    0.0083284777
      6666.80       1.0540316    0.0083033423
      6673.47       1.0393630    0.0082419277
      6680.14       1.0280460    0.0082828128
      6686.82       1.0138407    0.0082486910
      6693.51      0.99800069    0.0082145655
      6700.20      0.98011016    0.0082263691
      6706.90      0.96819854    0.0081887107
      6713.61      0.95770618    0.0082263068
      6720.32      0.95152638    0.0082476123
      6727.05      0.93844972    0.0083673420
      6733.77      0.92389671    0.0084724854
      6740.51      0.91577114    0.0085245963
      6747.25      0.91244714    0.0086506369
      6754.00      0.90572298    0.0087105266
      6760.75      0.89694940    0.0086701014
      6767.51      0.89128147    0.0086330963
      6774.28      0.88186601    0.0085649450
      6781.05      0.87699144    0.0084452313
      6787.84      0.87572938    0.0083030898
      6794.62      0.87776418    0.0081842327
      6801.42      0.87642812    0.0080514658
      6808.22      0.88109890    0.0079528303
      6815.03      0.88156248    0.0078339384
      6821.85      0.87771450    0.0077339606
      6828.67      0.87246190    0.0076902062
      6835.50      0.86523192    0.0075847931
      6842.33      0.85939194    0.0075168341
      6849.17      0.85277758    0.0074523198
      6856.02      0.84364125    0.0074048071
      6862.88      0.82739240    0.0073498873
      6869.74      0.82310281    0.0072995833
      6876.61      0.81526273    0.0072519662
      6883.49      0.79983974    0.0071710837
      6890.37      0.78567855    0.0071643669
      6897.27      0.77365262    0.0071116011
      6904.16      0.76234938    0.0070235093
      6911.07      0.75571971    0.0068937134
      6917.98      0.76335219    0.0067669592
      6924.89      0.76957120    0.0066827719
      6931.82      0.77512871    0.0065621197
      6938.75      0.78486217    0.0064445565
      6945.69      0.80207531    0.0063048201
      6952.64      0.81903948    0.0062279812
      6959.59      0.83745516    0.0061219125
      6966.55      0.86122100    0.0060243122
      6973.52      0.88243118    0.0059283526
      6980.49      0.90545583    0.0058601821
      6987.47      0.92497320    0.0057633688
      6994.46      0.93666143    0.0056711958
      7001.46      0.94351833    0.0055875915
      7008.46      0.94956807    0.0055430259
      7015.46      0.94911090    0.0054709913
      7022.48      0.94749122    0.0054215951
      7029.51      0.94043715    0.0053649616
      7036.53      0.92727370    0.0053018193
      7043.57      0.91531688    0.0052348392
      7050.62      0.90210874    0.0051880244
      7057.66      0.89051810    0.0051126154
      7064.72      0.87393989    0.0050329851
      7071.79      0.85890406    0.0049498171
      7078.86      0.83989907    0.0048628813
      7085.94      0.82649222    0.0047711820
      7093.03      0.81064407    0.0046984897
      7100.12      0.80153329    0.0046012042
      7107.22      0.79033326    0.0045033256
      7114.33      0.78278025    0.0043968868
      7121.44      0.77613493    0.0042982634
      7128.56      0.77383084    0.0041981792
      7135.69      0.77136690    0.0040967373
      7142.83      0.77458239    0.0039954426
      7149.97      0.77830468    0.0038947127
      7157.12      0.78775526    0.0037942383
      7164.28      0.79477222    0.0036954898
      7171.44      0.80072833    0.0036571578
      7178.62      0.80495063    0.0036819617
      7185.80      0.80911938    0.0037150606
      7192.98      0.81324474    0.0037585516
      7200.17      0.81740052    0.0038159108
      7207.38      0.82298266    0.0038919475
      7214.58      0.82909361    0.0039954605
      7221.80      0.83648593    0.0041386137
      7229.02      0.84240897    0.0043352922
      7236.25      0.84853284    0.0046009267
      7243.49      0.85360912    0.0049519821
      7250.73      0.85984340    0.0054082515
      7257.98      0.86372553    0.0060014001
      7265.24      0.86707127    0.0067667118
      7272.51      0.86816611    0.0077443628
      7279.78      0.86633489    0.0089812992
      7287.06      0.85969920     0.010528987
