# starting wavelength =        3407.4000
# ending wavelength =        7251.8500
# O2 telluric scale =        0
# O2 telluric shift =        0
# H2O telluric scale =        0
# H2O telluric shift =        0
      3409.09       1.2901794     0.091086920
      3412.49       1.3101302     0.077267608
      3415.91       1.3152621     0.066299005
      3419.32       1.3024558     0.059159068
      3422.74       1.2868616     0.052143750
      3426.17       1.2683776     0.046623925
      3429.59       1.2617827     0.042339955
      3433.02       1.2505951     0.039020363
      3436.45       1.2573618     0.035989859
      3439.89       1.2630920     0.034081952
      3443.33       1.2674401     0.032586935
      3446.78       1.2565849     0.031402308
      3450.22       1.2430687     0.030462396
      3453.67       1.2458205     0.029628439
      3457.13       1.2477833     0.028937705
      3460.58       1.2451432     0.028356682
      3464.04       1.2290338     0.027860933
      3467.51       1.2375589     0.027257506
      3470.98       1.2404645     0.026892733
      3474.45       1.2490420     0.026940083
      3477.92       1.2474020     0.026993566
      3481.40       1.2511163     0.026736347
      3484.88       1.2461084     0.026787596
      3488.37       1.2405013     0.026705587
      3491.86       1.2305760     0.026754117
      3495.35       1.2556834     0.026637602
      3498.84       1.2709679     0.026550561
      3502.34       1.2870847     0.026605904
      3505.84       1.2972369     0.026525618
      3509.35       1.3025529     0.026401633
      3512.86       1.2948913     0.026457704
      3516.37       1.2995199     0.026371718
      3519.89       1.3168966     0.026431493
      3523.41       1.3112696     0.026311070
      3526.93       1.3236018     0.026228306
      3530.46       1.3387645     0.026284702
      3533.99       1.3368930     0.026200978
      3537.53       1.3221319     0.026083197
      3541.06       1.3181264     0.026143132
      3544.60       1.3246039     0.026063297
      3548.15       1.3363747     0.025941828
      3551.70       1.3477320     0.026004210
      3555.25       1.3382485     0.025918552
      3558.80       1.3353878     0.025985276
      3562.36       1.3327146     0.025865048
      3565.92       1.3188756     0.025783536
      3569.49       1.3262756     0.025845317
      3573.06       1.3161574     0.025732752
      3576.64       1.3173008     0.025645711
      3580.21       1.3058176     0.025714301
      3583.79       1.3100981     0.025780492
      3587.38       1.3073953     0.025514189
      3590.96       1.3033194     0.025579806
      3594.55       1.2787124     0.025652465
      3598.15       1.2701912     0.025381885
      3601.75       1.2543560     0.025453371
      3605.35       1.2583487     0.025523228
      3608.96       1.2584027     0.025412026
      3612.56       1.2615712     0.025323496
      3616.18       1.2595012     0.025400053
      3619.79       1.2511743     0.025474292
      3623.41       1.2619724     0.025202579
      3627.04       1.2691568     0.025275183
      3630.66       1.2487627     0.025355883
      3634.29       1.2628347     0.025238401
      3637.93       1.2315934     0.025158605
      3641.57       1.2169543     0.025235027
      3645.21       1.2046901     0.025123442
      3648.86       1.1907082     0.025036994
      3652.50       1.1779851     0.025124482
      3656.16       1.1563342     0.025005427
      3659.81       1.1359863     0.025090112
      3663.47       1.1181989     0.025006196
      3667.14       1.0883404     0.024892795
      3670.80       1.0485601     0.024980565
      3674.48       1.0079373     0.025068125
      3678.15      0.98027750     0.024959099
      3681.83      0.95019741     0.024870116
      3685.51      0.92391296     0.024967618
      3689.20      0.88076523     0.024849915
      3692.88      0.84079062     0.024945419
      3696.58      0.80304694     0.024860250
      3700.27      0.77183444     0.024747043
      3703.98      0.74394102     0.024846533
      3707.68      0.70718101     0.024731228
      3711.39      0.67767143     0.024834274
      3715.10      0.66059590     0.024746206
      3718.81      0.64684242     0.024635414
      3722.53      0.62351183     0.024738434
      3726.26      0.60135796     0.024842244
      3729.98      0.58552923     0.024734492
      3733.71      0.57313091     0.024644472
      3737.45      0.56168577     0.024762484
      3741.18      0.54270563     0.024643641
      3744.93      0.52783118     0.024754472
      3748.67      0.51646340     0.024647087
      3752.42      0.50309701     0.024554758
      3756.17      0.48982622     0.024680535
      3759.93      0.50656986     0.024562201
      3763.69      0.51740212     0.024679575
      3767.45      0.52485772     0.024808426
      3771.22      0.52036257     0.024690487
      3774.99      0.53549897     0.024818814
      3778.77      0.53322124     0.024495372
      3782.54      0.54093888     0.024618884
      3786.33      0.55131566     0.024759479
      3790.11      0.58308593     0.024639383
      3793.90      0.60490042     0.024773269
      3797.70      0.63640953     0.024445012
      3801.50      0.66954521     0.024329890
      3805.30      0.67929546     0.024463604
      3809.10      0.69925357     0.024136658
      3812.91      0.72620692     0.024022891
      3816.73      0.75037180     0.023948655
      3820.54      0.78709783     0.023831263
      3824.36      0.82090074     0.023721129
      3828.19      0.85405378     0.023646671
      3832.02      0.88628549     0.023530528
      3835.85      0.92971629     0.023421063
      3839.68      0.94541657     0.023109537
      3843.52      0.97033703     0.023233788
      3847.37       1.0071999     0.022920899
      3851.22       1.0303350     0.022818210
      3855.07       1.0606008     0.022940105
      3858.92       1.0997234     0.022630082
      3862.78       1.1515650     0.022528377
      3866.64       1.1914801     0.022651226
      3870.51       1.2147050     0.022344848
      3874.38       1.2587771     0.022243013
      3878.26       1.2983166     0.022145798
      3882.13       1.3504075     0.022061128
      3886.02       1.3980687     0.021960547
      3889.90       1.4395496     0.021864302
      3893.79       1.4912162     0.021783129
      3897.69       1.5395166     0.021681181
      3901.59       1.5749099     0.021584099
      3905.49       1.5945728     0.021300779
      3909.39       1.6188059     0.021406958
      3913.30       1.6280894     0.021309727
      3917.22       1.6488346     0.021033715
      3921.13       1.6690801     0.020932472
      3925.06       1.6745499     0.021037343
      3928.98       1.6855939     0.020943017
      3932.91       1.7032158     0.020669919
      3936.84       1.7019523     0.020572011
      3940.78       1.6916126     0.020674904
      3944.72       1.6851864     0.020410113
      3948.67       1.7082620     0.020311659
      3952.61       1.7193513     0.020217100
      3956.57       1.7219187     0.020124479
      3960.52       1.7282224     0.020058451
      3964.48       1.7332099     0.019961332
      3968.45       1.7462529     0.019867484
      3972.42       1.7427978     0.019608307
      3976.39       1.7330443     0.019713382
      3980.37       1.7197594     0.019618452
      3984.35       1.7088924     0.019525212
      3988.33       1.6973034     0.019269330
      3992.32       1.6685698     0.019182799
      3996.31       1.6400363     0.019281525
      4000.31       1.6151900     0.019190176
      4004.31       1.5839727     0.018937602
      4008.31       1.5391880     0.018850417
      4012.32       1.5030721     0.018765860
      4016.33       1.4777108     0.018860403
      4020.35       1.4531894     0.018612278
      4024.37       1.4382744     0.018526171
      4028.40       1.4181509     0.018441228
      4032.42       1.3989549     0.018358804
      4036.46       1.3961582     0.018278869
      4040.50       1.3850836     0.018208276
      4044.54       1.3783820     0.018124221
      4048.58       1.3729944     0.018041165
      4052.63       1.3785599     0.017959879
      4056.68       1.3641201     0.017730285
      4060.74       1.3608894     0.017647948
      4064.80       1.3460060     0.017731093
      4068.86       1.3205565     0.017649623
      4072.93       1.3049051     0.017569751
      4077.01       1.2915822     0.017348142
      4081.08       1.2752666     0.017267372
      4085.17       1.2729320     0.017187305
      4089.25       1.2791849     0.017107954
      4093.34       1.2819756     0.017029274
      4097.43       1.2769088     0.016976350
      4101.53       1.2841844     0.016896958
      4105.63       1.2953481     0.016818111
      4109.74       1.3059671     0.016739848
      4113.85       1.3099633     0.016662147
      4117.96       1.3227349     0.016586111
      4122.08       1.3312842     0.016376092
      4126.20       1.3409221     0.016302990
      4130.33       1.3550525     0.016383876
      4134.46       1.3574389     0.016307461
      4138.59       1.3598655     0.016231772
      4142.73       1.3472389     0.016158014
      4146.88       1.3471174     0.015952778
      4151.02       1.3487881     0.015880548
      4155.18       1.3442175     0.015808647
      4159.33       1.3511310     0.015737398
      4163.49       1.3604578     0.015667625
      4167.65       1.3576319     0.015598772
      4171.82       1.3617454     0.015530112
      4175.99       1.3559817     0.015333728
      4180.17       1.3547572     0.015401997
      4184.35       1.3574981     0.015332960
      4188.54       1.3505147     0.015264692
      4192.72       1.3377277     0.015196606
      4196.92       1.3344321     0.015128707
      4201.11       1.3305848     0.015060983
      4205.31       1.3301660     0.014994399
      4209.52       1.3375991     0.014928807
      4213.73       1.3409210     0.014745242
      4217.94       1.3349764     0.014678709
      4222.16       1.3234070     0.014612396
      4226.38       1.3166335     0.014547159
      4230.61       1.3270994     0.014482953
      4234.84       1.3195061     0.014418866
      4239.08       1.3288756     0.014354954
      4243.32       1.3257694     0.014291253
      4247.56       1.3242157     0.014228075
      4251.81       1.3351643     0.014166117
      4256.06       1.3346699     0.014104193
      4260.32       1.3300426     0.013930927
      4264.58       1.3393984     0.013869720
      4268.84       1.3376134     0.013809150
      4273.11       1.3260110     0.013749611
      4277.38       1.3197723     0.013690102
      4281.66       1.3139032     0.013630684
      4285.94       1.3010956     0.013571377
      4290.23       1.2946972     0.013512633
      4294.52       1.2780931     0.013454879
      4298.81       1.2495363     0.013397172
      4303.11       1.2298254     0.013339516
      4307.42       1.1974826     0.013281940
      4311.72       1.1750140     0.013224905
      4316.04       1.1374453     0.013168846
      4320.35       1.1116782     0.013112831
      4324.67       1.0747072     0.013056863
      4329.00       1.0521057     0.013000970
      4333.33       1.0251201     0.012945822
      4337.66       1.0013687     0.012891302
      4342.00      0.98348612     0.012836847
      4346.34      0.97181530     0.012782501
      4350.69      0.96679973     0.012728268
      4355.04      0.95220971     0.012674627
      4359.39      0.94851091     0.012621930
      4363.75      0.94335507     0.012569291
      4368.12      0.94602522     0.012516778
      4372.48      0.95686651     0.012464361
      4376.86      0.96321928     0.012412531
      4381.23      0.96872043     0.012254714
      4385.61      0.97331153     0.012204315
      4390.00      0.96273644     0.012154074
      4394.39      0.96258133     0.012103986
      4398.79      0.96386705     0.012054622
      4403.18      0.96218293     0.012005957
      4407.59      0.96331586     0.011957427
      4412.00      0.97345307     0.011909077
      4416.41      0.97798072     0.011860912
      4420.82      0.99409080     0.011813919
      4425.25       1.0144368     0.011767260
      4429.67       1.0425618     0.011619136
      4434.10       1.0726562     0.011572144
      4438.54       1.0950415     0.011525622
      4442.97       1.1257488     0.011479704
      4447.42       1.1465252     0.011434318
      4451.86       1.1832492     0.011389230
      4456.32       1.2055786     0.011344446
      4460.77       1.2355817     0.011300036
      4465.24       1.2614205     0.011256520
      4469.70       1.2831109     0.011206239
      4474.17       1.2968478     0.011162008
      4478.65       1.3196796     0.011118083
      4483.12       1.3329354     0.011074807
      4487.61       1.3502855     0.011032163
      4492.09       1.3716190     0.010989981
      4496.59       1.3835598     0.010948160
      4501.08       1.3926209     0.010815774
      4505.58       1.4058071     0.010775433
      4510.09       1.4299378     0.010736022
      4514.60       1.4470493     0.010697008
      4519.12       1.4558223     0.010658428
      4523.63       1.4696729     0.010696024
      4528.16       1.4720185     0.010567872
      4532.69       1.4787504     0.010529504
      4537.22       1.4946246     0.010491567
      4541.76       1.5087773     0.010454146
      4546.30       1.5257886     0.010417390
      4550.85       1.5345771     0.010292079
      4555.40       1.5531828     0.010254916
      4559.95       1.5581854     0.010295709
      4564.51       1.5677752     0.010259342
      4569.08       1.5698950     0.010223846
      4573.65       1.5707096     0.010103929
      4578.22       1.5731768     0.010067944
      4582.80       1.5757982     0.010032573
      4587.38       1.5722650    0.0099978408
      4591.97       1.5621534     0.010039757
      4596.56       1.5571266    0.0099239426
      4601.16       1.5522886    0.0098892524
      4605.76       1.5407751    0.0098552408
      4610.37       1.5302070    0.0098220757
      4614.98       1.5186198    0.0097112129
      4619.59       1.5152916    0.0097515990
      4624.21       1.5211994    0.0097183299
      4628.84       1.5189319    0.0096857820
      4633.47       1.5151920    0.0095769780
      4638.10       1.5083710    0.0095465330
      4642.74       1.5075649    0.0095867004
      4647.38       1.4982562    0.0095550792
      4652.03       1.4913918    0.0094482031
      4656.68       1.4820530    0.0094187734
      4661.34       1.4659026    0.0093902688
      4666.00       1.4605487    0.0094294411
      4670.67       1.4375518    0.0093246156
      4675.33       1.4087893    0.0092964107
      4680.01       1.3814636    0.0092688553
      4684.69       1.3628778    0.0092425222
      4689.38       1.3377100    0.0092060945
      4694.07       1.3021831    0.0091787672
      4698.76       1.2688266    0.0091527636
      4703.46       1.2430834    0.0090521777
      4708.16       1.2078284    0.0090925340
      4712.87       1.1797215    0.0090666279
      4717.58       1.1387481    0.0089694330
      4722.30       1.1024310    0.0089429325
      4727.03       1.0669935    0.0089175579
      4731.75       1.0316079    0.0089596036
      4736.48       1.0056793    0.0088633076
      4741.22      0.98584770    0.0088385184
      4745.96      0.96197226    0.0088803390
      4750.71      0.94076957    0.0087866763
      4755.46      0.93272571    0.0087620936
      4760.22      0.92160116    0.0087387830
      4764.97      0.91961989    0.0087125587
      4769.74      0.91342203    0.0086886596
      4774.51      0.91746210    0.0086659628
      4779.29      0.91485397    0.0085781576
      4784.07      0.91263025    0.0086179739
      4788.85      0.90760426    0.0085299063
      4793.64      0.90224100    0.0085094580
      4798.43      0.89159174    0.0085496861
      4803.23      0.88598848    0.0084632384
      4808.03      0.87230348    0.0084435472
      4812.84      0.86267422    0.0084840604
      4817.66      0.85229383    0.0083989385
      4822.48      0.84055072    0.0083801998
      4827.30      0.83543477    0.0082963764
      4832.12      0.83111532    0.0083373174
      4836.96      0.81686959    0.0083195095
      4841.79      0.81622550    0.0082364111
      4846.63      0.82146644    0.0082784985
      4851.48      0.82685184    0.0081979815
      4856.33      0.84143723    0.0081792595
      4861.19      0.85560950    0.0082219696
      4866.05      0.88332244    0.0081421290
      4870.92      0.90901283    0.0081248967
      4875.79      0.93541368    0.0081065882
      4880.66      0.96056551    0.0080889206
      4885.55      0.99148353    0.0081320917
      4890.43       1.0204725    0.0080549393
      4895.32       1.0456912    0.0080385092
      4900.22       1.0685626    0.0080219957
      4905.12       1.0906262    0.0080053303
      4910.02       1.1015559    0.0079318294
      4914.94       1.1105508    0.0079738707
      4919.85       1.1100571    0.0079586852
      4924.77       1.1010394    0.0079435896
      4929.70       1.0864571    0.0079284094
      4934.62       1.0711682    0.0078571949
      4939.56       1.0480061    0.0078993099
      4944.50       1.0214313    0.0078281477
      4949.44      0.99470000    0.0078166738
      4954.39      0.96256916    0.0078008028
      4959.35      0.93766946    0.0077893221
      4964.31      0.91127069    0.0077741680
      4969.27      0.88773031    0.0077627514
      4974.24      0.87211028    0.0077491266
      4979.22      0.86334107    0.0077378027
      4984.20      0.85758574    0.0076695182
      4989.18      0.85633248    0.0077136532
      4994.17      0.86346158    0.0076467657
      4999.16      0.87304537    0.0076910498
      5004.16      0.88804512    0.0076248282
      5009.17      0.90415960    0.0076689957
      5014.18      0.92261346    0.0076037870
      5019.19      0.94088768    0.0075934560
      5024.21      0.96348960    0.0075838423
      5029.23      0.98170203    0.0075735503
      5034.26       1.0016197    0.0075647000
      5039.30       1.0164583    0.0075550564
      5044.34       1.0309199    0.0075466323
      5049.39       1.0452169    0.0075370442
      5054.43       1.0570077    0.0075291473
      5059.49       1.0759011    0.0075203780
      5064.55       1.0921198    0.0075129995
      5069.61       1.1077098    0.0074518707
      5074.68       1.1160093    0.0074973262
      5079.76       1.1202036    0.0074372524
      5084.84       1.1258256    0.0074830333
      5089.92       1.1278601    0.0074235181
      5095.01       1.1300075    0.0074691488
      5100.11       1.1309302    0.0074106533
      5105.21       1.1271221    0.0074046009
      5110.31       1.1325947    0.0073989412
      5115.42       1.1367431    0.0073926468
      5120.54       1.1391326    0.0073878432
      5125.66       1.1383817    0.0073821152
      5130.79       1.1434705    0.0073257322
      5135.92       1.1504440    0.0073721075
      5141.05       1.1584633    0.0073158173
      5146.20       1.1700978    0.0073635520
      5151.34       1.1854472    0.0073073438
      5156.49       1.2092876    0.0073046293
      5161.65       1.2219568    0.0072992960
      5166.81       1.2341321    0.0072969517
      5171.98       1.2355864    0.0073449669
      5177.15       1.2618456    0.0072899589
      5182.33       1.2821152    0.0072885757
      5187.51       1.2918061    0.0072841547
      5192.70       1.3116026    0.0072828357
      5197.89       1.3259316    0.0072304663
      5203.09       1.3384019    0.0072775807
      5208.29       1.3519893    0.0072775138
      5213.50       1.3637004    0.0072252438
      5218.72       1.3675965    0.0072734997
      5223.93       1.3729598    0.0072224322
      5229.16       1.3847658    0.0072219000
      5234.39       1.3871654    0.0072214263
      5239.62       1.3952069    0.0072203286
      5244.86       1.4053383    0.0072201735
      5250.11       1.4048090    0.0072198444
      5255.36       1.3998201    0.0072197550
      5260.61       1.3948491    0.0072205503
      5265.87       1.3894725    0.0072201055
      5271.14       1.3870398    0.0072206884
      5276.41       1.3939916    0.0071720168
      5281.69       1.3867392    0.0072225443
      5286.97       1.3878777    0.0072234719
      5292.26       1.3870995    0.0072740040
      5297.55       1.3885487    0.0072636981
      5302.85       1.3893883    0.0072371520
      5308.15       1.3860710    0.0071907676
      5313.46       1.3851635    0.0072482835
      5318.77       1.3787463    0.0073679932
      5324.09       1.3755415    0.0074205756
      5329.42       1.3743830    0.0075162884
      5334.75       1.3705182    0.0075313940
      5340.08       1.3659748    0.0076483944
      5345.42       1.3483922    0.0076651706
      5350.77       1.3306016    0.0076471611
      5356.12       1.3211089    0.0075466915
      5361.48       1.3103802    0.0076345375
      5366.83       1.3012157    0.0076466983
      5372.20       1.2916459    0.0073469415
      5377.58       1.2827397    0.0072783294
      5382.95       1.2747457    0.0073336626
      5388.34       1.2758713    0.0073826007
      5393.72       1.2711795    0.0076005181
      5399.12       1.2719333    0.0077238519
      5404.52       1.2672827    0.0076299076
      5409.92       1.2650868    0.0077664007
      5415.33       1.2554023    0.0077890212
      5420.75       1.2534259    0.0077654905
      5426.17       1.2529369    0.0076533622
      5431.60       1.2464658    0.0075644659
      5437.03       1.2388322    0.0075008903
      5442.47       1.2294551    0.0073920121
      5447.91       1.2269333    0.0072650433
      5453.36       1.2183542    0.0072070292
      5458.81       1.2151830    0.0072236749
      5464.27       1.2070703    0.0074054884
      5469.73       1.1984918    0.0073706075
      5475.20       1.1814019    0.0072223126
      5480.68       1.1685703    0.0072299067
      5486.16       1.1537171    0.0072380895
      5491.65       1.1458415    0.0071969156
      5497.14       1.1291156    0.0072044386
      5502.64       1.1099287    0.0072572780
      5508.14       1.0973132    0.0072655855
      5513.65       1.0887442    0.0072742898
      5519.16       1.0719598    0.0072338077
      5524.68       1.0631807    0.0072417074
      5530.20       1.0511263    0.0072500317
      5535.73       1.0396763    0.0072586335
      5541.27       1.0261403    0.0072673489
      5546.81       1.0160379    0.0072735159
      5552.36       1.0049567    0.0072819637
      5557.91      0.98354601    0.0072906068
      5563.47      0.97113109    0.0072993758
      5569.04      0.95162568    0.0073083710
      5574.60      0.93351798    0.0072682987
      5580.18      0.90807668    0.0072777644
      5585.76      0.89238700    0.0072872915
      5591.35      0.87134904    0.0072970397
      5596.94      0.85942174    0.0073070271
      5602.53      0.84571581    0.0073171457
      5608.14      0.83781649    0.0073715223
      5613.75      0.82774409    0.0073313101
      5619.36      0.82096854    0.0073411945
      5624.98      0.80661394    0.0073511922
      5630.60      0.79077763    0.0073612401
      5636.23      0.77891623    0.0073714489
      5641.87      0.76945770    0.0073818412
      5647.51      0.75988341    0.0073922287
      5653.16      0.75355788    0.0074026456
      5658.82      0.74789279    0.0073642494
      5664.47      0.74150323    0.0073744797
      5670.14      0.73862213    0.0073847093
      5675.81      0.73315565    0.0073950358
      5681.48      0.73339524    0.0074054912
      5687.17      0.73779803    0.0074160709
      5692.85      0.74738561    0.0074267255
      5698.55      0.75584229    0.0074378494
      5704.25      0.77183147    0.0074495996
      5709.95      0.78772115    0.0074614097
      5715.66      0.80564165    0.0074231744
      5721.38      0.82984324    0.0074347596
      5727.10      0.84514433    0.0074470697
      5732.83      0.86069434    0.0074613683
      5738.56      0.87298720    0.0074778998
      5744.30      0.89412609    0.0074954790
      5750.04      0.91720541    0.0075132487
      5755.79      0.94258928    0.0075318026
      5761.55      0.96438578    0.0075464338
      5767.31      0.99261364    0.0075692747
      5773.08       1.0109205    0.0075847135
      5778.85       1.0299337    0.0075983923
      5784.63       1.0480938    0.0076111032
      5790.41       1.0680636    0.0076225133
      5796.21       1.0897162    0.0076326689
      5802.00       1.1077144    0.0075971168
      5807.81       1.1219879    0.0076066885
      5813.61       1.1346386    0.0076167649
      5819.43       1.1512988    0.0076266101
      5825.25       1.1653531    0.0076354907
      5831.07       1.1770068    0.0076433467
      5836.90       1.1766827    0.0076505423
      5842.74       1.1808597    0.0076575921
      5848.58       1.1778136    0.0076648847
      5854.43       1.1762482    0.0076710275
      5860.29       1.1681831    0.0076764415
      5866.15       1.1632309    0.0076370565
      5872.01       1.1530969    0.0076449127
      5877.89       1.1531094    0.0076524491
      5883.76       1.1479521    0.0076590810
      5889.65       1.1446247    0.0076665525
      5895.54       1.1467478    0.0076750295
      5901.43       1.1465553    0.0076844399
      5907.34       1.1489171    0.0076940445
      5913.24       1.1440246    0.0076599304
      5919.16       1.1366755    0.0076701290
      5925.08       1.1347422    0.0077294901
      5931.00       1.1347545    0.0077394808
      5936.93       1.1286140    0.0077494621
      5942.87       1.1227072    0.0077595077
      5948.81       1.1135276    0.0077252198
      5954.76       1.1096553    0.0077356514
      5960.72       1.0969374    0.0077459060
      5966.68       1.0845081    0.0077563969
      5972.64       1.0705656    0.0077669645
      5978.62       1.0569576    0.0077776556
      5984.60       1.0432555    0.0077414705
      5990.58       1.0405128    0.0078002567
      5996.57       1.0347132    0.0078102844
      6002.57       1.0280739    0.0078202382
      6008.57       1.0227701    0.0078303434
      6014.58       1.0154859    0.0077944931
      6020.60       1.0089643    0.0078038495
      6026.62      0.99551360    0.0078130785
      6032.65      0.98916533    0.0078719762
      6038.68      0.99200907    0.0078369395
      6044.72      0.99067644    0.0078455065
      6050.76      0.98797691    0.0078541418
      6056.81      0.98699827    0.0078630127
      6062.87      0.98962126    0.0078279581
      6068.93      0.99142704    0.0078370719
      6075.00      0.98649656    0.0078941859
      6081.08      0.97541549    0.0079044016
      6087.16      0.96451746    0.0078737534
      6093.25      0.95450763    0.0078831699
      6099.34      0.94615567    0.0078910926
      6105.44      0.93691530    0.0079499332
      6111.54      0.92349462    0.0079218330
      6117.66      0.90696895    0.0079415883
      6123.78      0.89121119    0.0079652920
      6129.90      0.87225622    0.0079479902
      6136.03      0.85126684    0.0080236174
      6142.17      0.82920535    0.0080482099
      6148.31      0.81389159    0.0080253649
      6154.46      0.80403040    0.0080404798
      6160.61      0.79134061    0.0081007878
      6166.77      0.77604399    0.0081050500
      6172.94      0.76665741    0.0080548481
      6179.11      0.75794626    0.0080480559
      6185.29      0.75073701    0.0080876804
      6191.48      0.74806435    0.0080322308
      6197.67      0.74394440    0.0080278671
      6203.87      0.74855461    0.0080280160
      6210.07      0.75452326    0.0080285027
      6216.28      0.76074327    0.0080245553
      6222.50      0.76812086    0.0079785676
      6228.72      0.77882482    0.0079794987
      6234.95      0.78983649    0.0080266375
      6241.19      0.79752062    0.0079825374
      6247.42      0.80777888    0.0079844734
      6253.67      0.81506583    0.0080331576
      6259.93      0.82682814    0.0079906536
      6266.19      0.84230268    0.0079940199
      6272.46      0.85225179    0.0079525435
      6278.73      0.86576861    0.0080035889
      6285.01      0.87218085    0.0080079298
      6291.29      0.87906471    0.0079661697
      6297.58      0.88657115    0.0080185007
      6303.88      0.89351728    0.0079801902
      6310.19      0.89833181    0.0079875678
      6316.50      0.90352693    0.0080023745
      6322.81      0.90871297    0.0080105013
      6329.14      0.90859453    0.0080177291
      6335.47      0.91626451    0.0080281214
      6341.80      0.91923019    0.0080338864
      6348.14      0.91615649    0.0080424271
      6354.49      0.91059169    0.0080440586
      6360.85      0.90285848    0.0080006195
      6367.21      0.89989859    0.0080454680
      6373.57      0.89314287    0.0079984956
      6379.95      0.88964434    0.0079969490
      6386.33      0.88419835    0.0079955276
      6392.72      0.87127267    0.0079945506
      6399.11      0.86212940    0.0079949067
      6405.51      0.84680949    0.0079936284
      6411.92      0.83009253    0.0079921037
      6418.32      0.81108313    0.0079875446
      6424.74      0.79348205    0.0079841847
      6431.17      0.77537585    0.0079795767
      6437.60      0.76353621    0.0079317345
      6444.04      0.75032105    0.0079268452
      6450.48      0.73937034    0.0079216365
      6456.94      0.73693564    0.0079154054
      6463.39      0.73325807    0.0079119796
      6469.85      0.73049349    0.0079075301
      6476.33      0.73182845    0.0079051895
      6482.80      0.73998793    0.0079005026
      6489.28      0.75180135    0.0078982682
      6495.77      0.76513702    0.0078935771
      6502.27      0.77913268    0.0078902842
      6508.77      0.79529292    0.0078851899
      6515.28      0.81196601    0.0078381782
      6521.80      0.82629592    0.0078327486
      6528.32      0.83938692    0.0078285034
      6534.85      0.84910214    0.0078225586
      6541.38      0.85832908    0.0078178560
      6547.92      0.86906278    0.0078107073
      6554.47      0.87546893    0.0077616901
      6561.03      0.88469444    0.0077979738
      6567.59      0.88778572    0.0077478214
      6574.16      0.89338398    0.0077837783
      6580.73      0.89644905    0.0077754740
      6587.31      0.90206528    0.0077250584
      6593.90      0.90359076    0.0077589677
      6600.50      0.90187521    0.0077077928
      6607.10      0.90336954    0.0077412264
      6613.70      0.89916892    0.0076889374
      6620.32      0.89645536    0.0076793918
      6626.94      0.88877049    0.0076690706
      6633.57      0.88485649    0.0076581251
      6640.20      0.88176599    0.0076062755
      6646.84      0.87678202    0.0076367077
      6653.49      0.87485111    0.0076354499
      6660.14      0.87579731    0.0076144544
      6666.80      0.87700751    0.0076556624
      6673.47      0.87853097    0.0075946167
      6680.14      0.88302662    0.0075883665
      6686.82      0.88241911    0.0076108884
      6693.51      0.88000781    0.0076653984
      6700.20      0.88232679    0.0077483132
      6706.90      0.88010544    0.0078309678
      6713.61      0.88009808    0.0079441754
      6720.32      0.87364087    0.0080550118
      6727.05      0.86396599    0.0080927305
      6733.77      0.85184869    0.0081913775
      6740.51      0.83712623    0.0081558480
      6747.25      0.82531557    0.0081247186
      6754.00      0.80767279    0.0080481661
      6760.75      0.79126664    0.0079601539
      6767.51      0.78508590    0.0078380219
      6774.28      0.76624510    0.0077179502
      6781.05      0.75868582    0.0075897572
      6787.84      0.75518926    0.0075657060
      6794.62      0.75116666    0.0074958237
      6801.42      0.74388237    0.0073815574
      6808.22      0.74218057    0.0073156285
      6815.03      0.73536322    0.0073084151
      6821.85      0.72815217    0.0072257568
      6828.67      0.72888496    0.0071804056
      6835.50      0.73144492    0.0071409713
      6842.33      0.72534612    0.0070730884
      6849.17      0.72173708    0.0070819604
      6856.02      0.71999848    0.0070527591
      6862.88      0.71875767    0.0070233927
      6869.74      0.72207927    0.0069575052
      6876.61      0.72319463    0.0068516993
      6883.49      0.72719001    0.0067834675
      6890.37      0.72854853    0.0066774067
      6897.27      0.73310449    0.0065740143
      6904.16      0.73897417    0.0064815558
      6911.07      0.74216955    0.0063848401
      6917.98      0.74465802    0.0062907921
      6924.89      0.75166972    0.0061990160
      6931.82      0.75640731    0.0061407846
      6938.75      0.76096379    0.0060594735
      6945.69      0.76375391    0.0059826053
      6952.64      0.76862078    0.0059057381
      6959.59      0.76985754    0.0058554493
      6966.55      0.77004501    0.0057571828
      6973.52      0.76983409    0.0056864527
      6980.49      0.77222517    0.0056295438
      6987.47      0.77238644    0.0055901111
      6994.46      0.76840578    0.0055774827
      7001.46      0.76504609    0.0055436230
      7008.46      0.76892037    0.0055033945
      7015.46      0.76723360    0.0054590482
      7022.48      0.76457763    0.0054125904
      7029.51      0.75906781    0.0053840823
      7036.53      0.75750361    0.0053280486
      7043.57      0.75886430    0.0052510595
      7050.62      0.76018371    0.0051888226
      7057.66      0.76094890    0.0051220816
      7064.72      0.75977202    0.0050500198
      7071.79      0.75692183    0.0049752263
      7078.86      0.75666752    0.0048991381
      7085.94      0.75464517    0.0048423002
      7093.03      0.75210911    0.0047635393
      7100.12      0.74775266    0.0046832322
      7107.22      0.74662233    0.0046012157
      7114.33      0.75328199    0.0045185161
      7121.44      0.75439656    0.0044363942
      7128.56      0.75371303    0.0043549936
      7135.69      0.75298993    0.0043333051
      7142.83      0.75365248    0.0043774922
      7149.97      0.75432545    0.0044322956
      7157.12      0.75472460    0.0044894787
      7164.28      0.75402836    0.0045731517
      7171.44      0.75560232    0.0046787803
      7178.62      0.75491819    0.0048153343
      7185.80      0.75580092    0.0049940740
      7192.98      0.75752720    0.0052338773
      7200.17      0.75903127    0.0055612197
      7207.38      0.75955026    0.0060049679
      7214.58      0.76097971    0.0065943716
      7221.80      0.76206274    0.0073564063
      7229.02      0.76380373    0.0083256921
      7236.25      0.76533443    0.0095520386
      7243.49      0.76783664     0.011099371
      7250.73      0.77281464     0.013039580
