# starting wavelength =        3500.1600
# ending wavelength =        8739.1000
# O2 telluric scale =        0
# O2 telluric shift =        0
# H2O telluric scale =        0
# H2O telluric shift =        0
      3502.34       1.1698056     0.099857532
      3505.84       1.1466973     0.076543637
      3509.35       1.1208429     0.066563208
      3512.86       1.1000778     0.063525741
      3516.37       1.0904835     0.051960047
      3519.89       1.0914098     0.050302886
      3523.41       1.0845809     0.045690842
      3526.93       1.0897543     0.040275610
      3530.46       1.0890377     0.039403793
      3533.99       1.0958393     0.036067047
      3537.53       1.0883081     0.034775295
      3541.06       1.0880851     0.034099226
      3544.60       1.0678988     0.032452151
      3548.15       1.0544743     0.031954305
      3551.70       1.0284230     0.031325091
      3555.25       1.0088496     0.030414154
      3558.80      0.99295288     0.029832463
      3562.36      0.97323264     0.029673378
      3565.92      0.95003784     0.029114300
      3569.49      0.92642858     0.029022375
      3573.06      0.90231986     0.028940589
      3576.64      0.87421984     0.029391899
      3580.21      0.84192702     0.028849686
      3583.79      0.78249476     0.028755454
      3587.38      0.74731937     0.029188918
      3590.96      0.71600156     0.029114264
      3594.55      0.68682941     0.029050468
      3598.15      0.65721757     0.028996577
      3601.75      0.63892343     0.028918981
      3605.35      0.61136939     0.028839980
      3608.96      0.58544073     0.028771106
      3612.56      0.54792804     0.028712419
      3616.18      0.50912480     0.029173518
      3619.79      0.49058865     0.028568981
      3623.41      0.47099044     0.028495474
      3627.04      0.47277468     0.028431644
      3630.66      0.45829998     0.028907105
      3634.29      0.47099980     0.028817593
      3637.93      0.48676429     0.028737537
      3641.57      0.49539532     0.028154128
      3645.21      0.50606316     0.028645697
      3648.86      0.52644371     0.028550724
      3652.50      0.53975370     0.028465829
      3656.16      0.54581127     0.028390781
      3659.81      0.56274859     0.028873051
      3663.47      0.56152677     0.028292533
      3667.14      0.56453832     0.028202019
      3670.80      0.56468116     0.028120882
      3674.48      0.58115837     0.028589689
      3678.15      0.59561899     0.028527923
      3681.83      0.60868870     0.028476439
      3685.51      0.63209797     0.027857501
      3689.20      0.64138793     0.028313187
      3692.88      0.66247102     0.028242837
      3696.58      0.67835759     0.028182137
      3700.27      0.68803007     0.028131834
      3703.98      0.69385870     0.028602410
      3707.68      0.71256410     0.027967022
      3711.39      0.72806862     0.027898236
      3715.10      0.74142517     0.027838651
      3718.81      0.75184928     0.028340358
      3722.53      0.76367410     0.028252186
      3726.26      0.76988003     0.028173682
      3729.98      0.77463673     0.027555567
      3733.71      0.78115329     0.028090784
      3737.45      0.79650183     0.027993391
      3741.18      0.82259633     0.027905463
      3744.93      0.83831985     0.027826968
      3748.67      0.84523949     0.028330195
      3752.42      0.84360675     0.028271867
      3756.17      0.84503157     0.027652276
      3759.93      0.84387080     0.027563572
      3763.69      0.84287343     0.028048585
      3767.45      0.83039642     0.027977109
      3771.22      0.82427993     0.027915268
      3774.99      0.81906714     0.027863123
      3778.77      0.81781269     0.028391004
      3782.54      0.81981946     0.027700294
      3786.33      0.82581976     0.027626509
      3790.11      0.84036134     0.027562039
      3793.90      0.85986399     0.027507034
      3797.70      0.88319511     0.028045974
      3801.50      0.89877958     0.027958294
      3805.30      0.90860968     0.027880130
      3809.10      0.92918713     0.027214458
      3812.91      0.94377837     0.027808206
      3816.73      0.97000229     0.027707271
      3820.54      0.98697819     0.027615610
      3824.36       1.0025242     0.027532996
      3828.19       1.0194939     0.027459217
      3832.02       1.0386258     0.028003142
      3835.85       1.0625801     0.027949056
      3839.68       1.0754136     0.027281177
      3843.52       1.0841656     0.027193512
      3847.37       1.1056611     0.027713543
      3851.22       1.1172035     0.027642394
      3855.07       1.1376693     0.027580608
      3858.92       1.1596076     0.027528060
      3862.78       1.1781421     0.027484876
      3866.64       1.1990809     0.028034375
      3870.51       1.2179633     0.027954283
      3874.38       1.2434669     0.027221326
      3878.26       1.2706242     0.027160142
      3882.13       1.2906645     0.027793677
      3886.02       1.3297235     0.027695550
      3889.90       1.3620787     0.027606711
      3893.79       1.3876919     0.027526906
      3897.69       1.4137021     0.027456020
      3901.59       1.4393683     0.028054142
      3905.49       1.4581074     0.028003786
      3909.39       1.4614392     0.027275598
      3913.30       1.4738034     0.027186242
      3917.22       1.4897078     0.027104221
      3921.13       1.5013154     0.027679241
      3925.06       1.5068782     0.027615268
      3928.98       1.5117272     0.027561243
      3932.91       1.5044015     0.027516833
      3936.84       1.4977202     0.027482060
      3940.78       1.4973902     0.028072891
      3944.72       1.4866281     0.027995305
      3948.67       1.4626792     0.027184901
      3952.61       1.4379514     0.027125864
      3956.57       1.4199765     0.027843876
      3960.52       1.3968337     0.027741857
      3964.48       1.3888064     0.027648862
      3968.45       1.3893124     0.027564826
      3972.42       1.3871740     0.027489469
      3976.39       1.3737527     0.028141310
      3980.37       1.3590895     0.028085564
      3984.35       1.3522730     0.028040253
      3988.33       1.3452311     0.028005390
      3992.32       1.3299095     0.027143215
      3996.31       1.3161412     0.027765560
      4000.31       1.3060749     0.027691239
      4004.31       1.3053447     0.027627185
      4008.31       1.3086593     0.027570842
      4012.32       1.3129767     0.027523676
      4016.33       1.3027286     0.027485926
      4020.35       1.2893826     0.028195816
      4024.37       1.2499829     0.028107701
      4028.40       1.2186896     0.028029063
      4032.42       1.2081917     0.027959664
      4036.46       1.1992434     0.027057695
      4040.50       1.1866350     0.027005657
      4044.54       1.1765159     0.026961798
      4048.58       1.1704745     0.027692217
      4052.63       1.1543747     0.027600380
      4056.68       1.1342795     0.027517121
      4060.74       1.1274756     0.027440698
      4064.80       1.1256072     0.026549515
      4068.86       1.1221537     0.026491152
      4072.93       1.1014672     0.026440296
      4077.01       1.0853984     0.026396721
      4081.08       1.0902292     0.027111603
      4085.17       1.0937352     0.027022782
      4089.25       1.0991976     0.026941264
      4093.34       1.1000618     0.026866741
      4097.43       1.0911901     0.025991742
      4101.53       1.0730541     0.025931455
      4105.63       1.0813566     0.025877009
      4109.74       1.0990805     0.025828579
      4113.85       1.1168731     0.025786444
      4117.96       1.1294224     0.025750378
      4122.08       1.1345902     0.026375046
      4126.20       1.1440113     0.026297254
      4130.33       1.1597720     0.025436602
      4134.46       1.1758225     0.025371824
      4138.59       1.1930059     0.025315272
      4142.73       1.2185874     0.025261274
      4146.88       1.2383508     0.025213116
      4151.02       1.2480327     0.025170547
      4155.18       1.2589521     0.025133283
      4159.33       1.2568686     0.025101437
      4163.49       1.2528488     0.024903330
      4167.65       1.2376533     0.024833986
      4171.82       1.2165310     0.024768717
      4175.99       1.1831979     0.024708545
      4180.17       1.1560020     0.024651922
      4184.35       1.1518231     0.024599768
      4188.54       1.1536446     0.024551793
      4192.72       1.1477532     0.024508186
      4196.92       1.1344445     0.024468754
      4201.11       1.1293208     0.024433742
      4205.31       1.1284891     0.023627676
      4209.52       1.1226834     0.024173462
      4213.73       1.1156263     0.024109483
      4217.94       1.1080521     0.024047784
      4222.16       1.1138914     0.023991673
      4226.38       1.1229082     0.023937829
      4230.61       1.1267233     0.023887440
      4234.84       1.1233595     0.023840435
      4239.08       1.1138531     0.023796925
      4243.32       1.1055118     0.023756585
      4247.56       1.1043923     0.023008850
      4251.81       1.1112845     0.022940643
      4256.06       1.1213760     0.022875090
      4260.32       1.1236134     0.023405862
      4264.58       1.1423476     0.023344772
      4268.84       1.1495477     0.023286448
      4273.11       1.1469606     0.023230952
      4277.38       1.1411232     0.023178022
      4281.66       1.1290316     0.023127665
      4285.94       1.1119979     0.023079947
      4290.23       1.1010071     0.023034604
      4294.52       1.1044726     0.022350032
      4298.81       1.0925144     0.022281441
      4303.11       1.0863089     0.022214998
      4307.42       1.0939308     0.022150630
      4311.72       1.0923009     0.022088085
      4316.04       1.0743201     0.022027462
      4320.35       1.0680299     0.021968677
      4324.67       1.0662680     0.021911584
      4329.00       1.0661949     0.022427536
      4333.33       1.0738270     0.022373876
      4337.66       1.0864484     0.022321918
      4342.00       1.0870262     0.022271721
      4346.34       1.0850312     0.021663567
      4350.69       1.0782397     0.021595579
      4355.04       1.0627712     0.021528016
      4359.39       1.0428088     0.021462567
      4363.75       1.0276601     0.021398936
      4368.12       1.0248477     0.021336894
      4372.48       1.0302518     0.021276280
      4376.86       1.0325324     0.021216922
      4381.23       1.0332321     0.021158717
      4385.61       1.0413657     0.021101659
      4390.00       1.0527101     0.021045316
      4394.39       1.0552225     0.020990198
      4398.79       1.0595447     0.020935817
      4403.18       1.0811695     0.020882380
      4407.59       1.0986454     0.020829812
      4412.00       1.1100846     0.020222073
      4416.41       1.1255166     0.020771297
      4420.82       1.1447231     0.020706363
      4425.25       1.1487358     0.020642823
      4429.67       1.1511609     0.020580775
      4434.10       1.1525840     0.020518731
      4438.54       1.1509854     0.020459012
      4442.97       1.1623425     0.020399415
      4447.42       1.1809433     0.020340689
      4451.86       1.1972746     0.020282771
      4456.32       1.2156656     0.020224732
      4460.77       1.2423524     0.020168048
      4465.24       1.2672574     0.020112526
      4469.70       1.2854399     0.020057938
      4474.17       1.2969465     0.020004110
      4478.65       1.3066880     0.019950891
      4483.12       1.3164459     0.019898170
      4487.61       1.3216423     0.019845889
      4492.09       1.3278860     0.019793905
      4496.59       1.3387668     0.019740274
      4501.08       1.3446464     0.019691023
      4505.58       1.3550985     0.019114663
      4510.09       1.3602323     0.019065002
      4514.60       1.3737300     0.019015617
      4519.12       1.3880269     0.018966571
      4523.63       1.4007613     0.018917918
      4528.16       1.4133073     0.018869656
      4532.69       1.4273416     0.018821882
      4537.22       1.4422796     0.018774787
      4541.76       1.4505187     0.018728304
      4546.30       1.4562871     0.018681216
      4550.85       1.4574577     0.018634344
      4555.40       1.4486551     0.018587634
      4559.95       1.4354100     0.018541179
      4564.51       1.4256232     0.018494116
      4569.08       1.4101060     0.018447648
      4573.65       1.3950197     0.018401731
      4578.22       1.3956145     0.018356040
      4582.80       1.3991749     0.018310535
      4587.38       1.4001595     0.018265228
      4591.97       1.3976834     0.018219884
      4596.56       1.3893750     0.018174487
      4601.16       1.3744554     0.018129056
      4605.76       1.3564009     0.018083570
      4610.37       1.3453398     0.018038063
      4614.98       1.3399152     0.017992365
      4619.59       1.3395927     0.017946612
      4624.21       1.3352977     0.017900928
      4628.84       1.3157331     0.017855181
      4633.47       1.2900654     0.017809511
      4638.10       1.2619310     0.017764023
      4642.74       1.2327264     0.017718783
      4647.38       1.2068442     0.017674027
      4652.03       1.1814263     0.017629937
      4656.68       1.1544776     0.017584503
      4661.34       1.1356383     0.017539520
      4666.00       1.1158167     0.017494489
      4670.67       1.0890660     0.017449501
      4675.33       1.0625216     0.017404675
      4680.01       1.0336321     0.017359807
      4684.69       1.0048617     0.017315018
      4689.38      0.98163073     0.017270296
      4694.07      0.95946054     0.017225652
      4698.76      0.93768449     0.017181203
      4703.46      0.92274099     0.017136763
      4708.16      0.90716908     0.017092428
      4712.87      0.88628398     0.017048310
      4717.58      0.86005042     0.017004232
      4722.30      0.83224108     0.016960298
      4727.03      0.81036776     0.016916532
      4731.75      0.79823298     0.016872952
      4736.48      0.79390011     0.016829610
      4741.22      0.78970082     0.016786405
      4745.96      0.78594124     0.016743413
      4750.71      0.78018434     0.016700724
      4755.46      0.76936024     0.016658213
      4760.22      0.76706770     0.016615964
      4764.97      0.76950436     0.016574044
      4769.74      0.77347103     0.016531785
      4774.51      0.77543488     0.016490252
      4779.29      0.77424614     0.016449336
      4784.07      0.77385177     0.016408963
      4788.85      0.77680518     0.015992102
      4793.64      0.78351519     0.015953769
      4798.43      0.78593000     0.015915650
      4803.23      0.78858195     0.015878029
      4808.03      0.78936342     0.015840596
      4812.84      0.78743778     0.015803610
      4817.66      0.78958852     0.015766860
      4822.48      0.79813267     0.015730490
      4827.30      0.80549506     0.015694540
      4832.12      0.80476135     0.015659056
      4836.96      0.79843094     0.015624105
      4841.79      0.79363280     0.015589746
      4846.63      0.79443215     0.015555482
      4851.48      0.80407726     0.015522353
      4856.33      0.81487522     0.015490327
      4861.19      0.82363427     0.015459479
      4866.05      0.82986882     0.015428874
      4870.92      0.84304294     0.015399010
      4875.79      0.86459609     0.015369881
      4880.66      0.88076776     0.014937422
      4885.55      0.90171200     0.015271014
      4890.43      0.92170209     0.015234381
      4895.32      0.94009176     0.015198188
      4900.22      0.95802505     0.015162579
      4905.12      0.97518156     0.015127631
      4910.02      0.98969284     0.015093412
      4914.94      0.99651848     0.015059979
      4919.85      0.99499840     0.015027417
      4924.77      0.99547738     0.014995793
      4929.70      0.99486690     0.014965210
      4934.62      0.99483292     0.014935759
      4939.56      0.99765945     0.014907556
      4944.50       1.0004091     0.014879820
      4949.44      0.99518926     0.014853114
      4954.39      0.97726938     0.014457021
      4959.35      0.96981335     0.014421559
      4964.31      0.96382231     0.014387006
      4969.27      0.95939379     0.014353409
      4974.24      0.95455805     0.014320833
      4979.22      0.95200469     0.014644485
      4984.20      0.95353185     0.014612460
      4989.18      0.96032238     0.014581921
      4994.17      0.97295016     0.014552795
      4999.16      0.98558771     0.014525040
      5004.16      0.99800236     0.014498615
      5009.17       1.0118505     0.014473514
      5014.18       1.0229904     0.014109190
      5019.19       1.0376181     0.014073866
      5024.21       1.0564625     0.014039697
      5029.23       1.0746900     0.014006666
      5034.26       1.0879993     0.013974815
      5039.30       1.0991110     0.013944208
      5044.34       1.1067686     0.013914860
      5049.39       1.1138598     0.013886843
      5054.43       1.1276600     0.014205499
      5059.49       1.1381350     0.014179699
      5064.55       1.1548354     0.013846214
      5069.61       1.1677089     0.013809670
      5074.68       1.1771024     0.013774813
      5079.76       1.1945297     0.013741765
      5084.84       1.2155657     0.013709836
      5089.92       1.2320349     0.013679482
      5095.01       1.2456055     0.013650718
      5100.11       1.2573565     0.013623603
      5105.21       1.2695333     0.013598182
      5110.31       1.2749169     0.013290763
      5115.42       1.2852274     0.013594203
      5120.54       1.2973937     0.013557844
      5125.66       1.3007538     0.013523458
      5130.79       1.2997540     0.013490872
      5135.92       1.3043583     0.013460218
      5141.05       1.3105160     0.013431488
      5146.20       1.3160483     0.013404689
      5151.34       1.3230882     0.013379879
      5156.49       1.3280922     0.013078571
      5161.65       1.3349004     0.013058297
      5166.81       1.3442918     0.013348514
      5171.98       1.3583543     0.013314467
      5177.15       1.3732993     0.013282663
      5182.33       1.3847302     0.013252971
      5187.51       1.3913684     0.013225775
      5192.70       1.4032879     0.013200273
      5197.89       1.4160186     0.012903238
      5203.09       1.4340832     0.012883338
      5208.29       1.4472283     0.012865633
      5213.50       1.4543002     0.012850129
      5218.72       1.4650952     0.013114193
      5223.93       1.4722558     0.013085159
      5229.16       1.4811079     0.013058596
      5234.39       1.5044894     0.012763378
      5239.62       1.5142211     0.012742398
      5244.86       1.5127159     0.012723799
      5250.11       1.5076356     0.012707644
      5255.36       1.5052030     0.012693937
      5260.61       1.5062583     0.012953173
      5265.87       1.5173209     0.012925519
      5271.14       1.5277167     0.012632691
      5276.41       1.5307900     0.012611893
      5281.69       1.5274013     0.012593682
      5286.97       1.5241312     0.012578090
      5292.26       1.5255302     0.012565169
      5297.55       1.5238125     0.012554465
      5302.85       1.5229860     0.012801120
      5308.15       1.5188219     0.012511427
      5313.46       1.5141426     0.012491082
      5318.77       1.5120609     0.012473558
      5324.09       1.5042490     0.012458909
      5329.42       1.4957635     0.012447209
      5334.75       1.4890956     0.012438580
      5340.08       1.4726912     0.012140566
      5345.42       1.4418267     0.012398011
      5350.77       1.4229751     0.012379700
      5356.12       1.4080814     0.012364429
      5361.48       1.3924652     0.012352285
      5366.83       1.3778569     0.012343281
      5372.20       1.3615542     0.012056929
      5377.58       1.3456989     0.012035870
      5382.95       1.3269699     0.012293544
      5388.34       1.3150036     0.012278131
      5393.72       1.3104038     0.012266085
      5399.12       1.3136518     0.012257468
      5404.52       1.3117799     0.011978041
      5409.92       1.3135165     0.011957032
      5415.33       1.3212170     0.012213722
      5420.75       1.3199820     0.012199062
      5426.17       1.3135526     0.012188081
      5431.60       1.3106270     0.012180800
      5437.03       1.3066799     0.011905030
      5442.47       1.3016087     0.011885223
      5447.91       1.2996460     0.012142148
      5453.36       1.2941029     0.012128938
      5458.81       1.2807984     0.012119512
      5464.27       1.2675919     0.011858391
      5469.73       1.2586860     0.011836259
      5475.20       1.2552980     0.011817857
      5480.68       1.2542519     0.011803256
      5486.16       1.2550968     0.012064300
      5491.65       1.2540068     0.011815174
      5497.14       1.2570093     0.011791476
      5502.64       1.2624785     0.011771988
      5508.14       1.2625143     0.011756716
      5513.65       1.2668583     0.012016962
      5519.16       1.2618823     0.012009551
      5524.68       1.2539997     0.011752235
      5530.20       1.2493557     0.011731935
      5535.73       1.2495411     0.011715926
      5541.27       1.2462645     0.011704237
      5546.81       1.2355528     0.011740835
      5552.36       1.2281824     0.011715626
      5557.91       1.2171679     0.011695135
      5563.47       1.2013422     0.011679183
      5569.04       1.1888871     0.011667798
      5574.60       1.1783483     0.011706971
      5580.18       1.1736369     0.011681910
      5585.76       1.1655970     0.011661804
      5591.35       1.1494733     0.011646573
      5596.94       1.1317726     0.011636145
      5602.53       1.1215696     0.011411990
      5608.14       1.1182616     0.011650860
      5613.75       1.1126035     0.011631913
      5619.36       1.1016287     0.011618103
      5624.98       1.0900437     0.011391020
      5630.60       1.0802551     0.011387444
      5636.23       1.0805927     0.011622152
      5641.87       1.0813466     0.011605133
      5647.51       1.0750847     0.011593639
      5653.16       1.0680353     0.011370630
      5658.82       1.0685103     0.011369880
      5664.47       1.0713282     0.011598979
      5670.14       1.0740244     0.011584946
      5675.81       1.0894393     0.011359764
      5681.48       1.1006930     0.011356883
      5687.17       1.1105229     0.011595592
      5692.85       1.1133084     0.011578659
      5698.55       1.1236871     0.011351396
      5704.25       1.1341979     0.011346638
      5709.95       1.1457594     0.011347061
      5715.66       1.1604220     0.011574517
      5721.38       1.1703655     0.011346010
      5727.10       1.1752575     0.011340455
      5732.83       1.1741486     0.011340525
      5738.56       1.1657630     0.011575272
      5744.30       1.1641552     0.011561954
      5750.04       1.1522431     0.011339552
      5755.79       1.1406284     0.011338824
      5761.55       1.1378259     0.011343829
      5767.31       1.1413775     0.011347836
      5773.08       1.1422213     0.011341095
      5778.85       1.1426089     0.011340244
      5784.63       1.1426124     0.011345453
      5790.41       1.1442917     0.011353747
      5796.21       1.1535024     0.011348363
      5802.00       1.1599663     0.011349020
      5807.81       1.1665339     0.011355414
      5813.61       1.1715393     0.011365953
      5819.43       1.1673110     0.011362067
      5825.25       1.1635541     0.011366695
      5831.07       1.1690501     0.011379884
      5836.90       1.1804915     0.011161367
      5842.74       1.1774842     0.011407664
      5848.58       1.1728928     0.011418452
      5854.43       1.1656589     0.011437023
      5860.29       1.1520240     0.011215033
      5866.15       1.1385911     0.011461900
      5872.01       1.1311838     0.011468169
      5877.89       1.1211081     0.011249366
      5883.76       1.1172160     0.011241719
      5889.65       1.1133426     0.011481920
      5895.54       1.1095352     0.011485334
      5901.43       1.1172636     0.011257013
      5907.34       1.1283210     0.011493751
      5913.24       1.1274945     0.011492990
      5919.16       1.1206885     0.011276219
      5925.08       1.1124955     0.011262321
      5931.00       1.0985836     0.011495980
      5936.93       1.0935404     0.011496070
      5942.87       1.0893462     0.011270275
      5948.81       1.0922267     0.011257960
      5954.76       1.0864709     0.011492261
      5960.72       1.0728958     0.011277513
      5966.68       1.0563613     0.011264207
      5972.64       1.0431628     0.011258129
      5978.62       1.0267058     0.011499133
      5984.60       1.0189706     0.011278157
      5990.58       1.0107418     0.011269768
      5996.57       1.0153072     0.011513258
      6002.57       1.0267621     0.011304517
      6008.57       1.0324091     0.011294330
      6014.58       1.0381156     0.011292763
      6020.60       1.0466028     0.011337766
      6026.62       1.0454246     0.011325075
      6032.65       1.0395199     0.011320697
      6038.68       1.0424632     0.011373628
      6044.72       1.0343576     0.011358301
      6050.76       1.0279592     0.011351956
      6056.81       1.0205326     0.011161550
      6062.87       1.0159266     0.011395291
      6068.93      0.99867791     0.011386963
      6075.00      0.97051690     0.011387589
      6081.08      0.93967864     0.011434280
      6087.16      0.92512356     0.011423732
      6093.25      0.90906376     0.011422371
      6099.34      0.88807425     0.011236269
      6105.44      0.86610273     0.011461090
      6111.54      0.85767633     0.011457903
      6117.66      0.85135888     0.011270102
      6123.78      0.84027354     0.011499001
      6129.90      0.82797707     0.011494594
      6136.03      0.82517991     0.011305628
      6142.17      0.82364699     0.011538735
      6148.31      0.82870994     0.011533985
      6154.46      0.83502262     0.011344150
      6160.61      0.83589942     0.011580815
      6166.77      0.84351649     0.011575278
      6172.94      0.84562650     0.011385511
      6179.11      0.84700476     0.011402510
      6185.29      0.84741847     0.011624373
      6191.48      0.85703697     0.011438267
      6197.67      0.86645157     0.011452053
      6203.87      0.87380260     0.011482899
      6210.07      0.88557016     0.011498372
      6216.28      0.89036591     0.011527198
      6222.50      0.89534680     0.011585246
      6228.72      0.90628678     0.011612512
      6234.95      0.91678388     0.011650120
      6241.19      0.91765584     0.011710164
      6247.42      0.92853477     0.011733011
      6253.67      0.94782401     0.011761630
      6259.93      0.96960730     0.011788680
      6266.19      0.98890543     0.011793608
      6272.46       1.0074601     0.011804220
      6278.73       1.0238212     0.011793303
      6285.01       1.0372751     0.011787127
      6291.29       1.0513644     0.011561316
      6297.58       1.0738868     0.011785105
      6303.88       1.0885312     0.011792320
      6310.19       1.0903860     0.011577938
      6316.50       1.0845492     0.011800547
      6322.81       1.0895911     0.011810244
      6329.14       1.1056642     0.011826775
      6335.47       1.1062315     0.011829464
      6341.80       1.1113155     0.011630378
      6348.14       1.1141574     0.011860546
      6354.49       1.1082805     0.011868779
      6360.85       1.1012847     0.011666910
      6367.21       1.1023563     0.011905445
      6373.57       1.1065928     0.011920343
      6379.95       1.1006577     0.011715113
      6386.33       1.1038480     0.011961037
      6392.72       1.1131596     0.011769415
      6399.11       1.1072047     0.011771233
      6405.51       1.0992424     0.012026829
      6411.92       1.0883957     0.011837004
      6418.32       1.0838124     0.012092981
      6424.74       1.0850043     0.011915728
      6431.17       1.0823507     0.011918337
      6437.60       1.0838573     0.012179493
      6444.04       1.0909409     0.011988054
      6450.48       1.0942601     0.011994169
      6456.94       1.0972795     0.012053362
      6463.39       1.0995606     0.012047128
      6469.85       1.0959645     0.012298660
      6476.33       1.0858665     0.012094541
      6482.80       1.0813980     0.012092415
      6489.28       1.0724857     0.012147550
      6495.77       1.0720938     0.012140646
      6502.27       1.0706316     0.012148094
      6508.77       1.0767427     0.012195143
      6515.28       1.0919000     0.012193428
      6521.80       1.0847450     0.012245729
      6528.32       1.0928413     0.012235737
      6534.85       1.1252522     0.012049253
      6541.38       1.1546774     0.012285989
      6547.92       1.1850901     0.012284691
      6554.47       1.2201638     0.012333592
      6561.03       1.2409627     0.012325824
      6567.59       1.2603300     0.012142221
      6574.16       1.2795251     0.012378896
      6580.73       1.2710807     0.012190451
      6587.31       1.2633035     0.012438715
      6593.90       1.2461903     0.012437365
      6600.50       1.2162099     0.012258633
      6607.10       1.1889665     0.012495228
      6613.70       1.1647545     0.012310008
      6620.32       1.1329687     0.012555377
      6626.94       1.1060934     0.012364095
      6633.57       1.0825602     0.012383399
      6640.20       1.0635106     0.012616841
      6646.84       1.0404525     0.012435661
      6653.49       1.0321414     0.012676933
      6660.14       1.0304868     0.012489932
      6666.80       1.0264519     0.012739052
      6673.47       1.0286773     0.012545894
      6680.14       1.0311950     0.012567108
      6686.82       1.0448581     0.012603742
      6693.51       1.0505085     0.012620822
      6700.20       1.0607607     0.012663492
      6706.90       1.0575720     0.012676752
      6713.61       1.0494203     0.012925936
      6720.32       1.0323692     0.012734398
      6727.05       1.0203116     0.012760123
      6733.77       1.0150129     0.012793347
      6740.51       1.0068616     0.012815520
      6747.25      0.99259067     0.012853473
      6754.00      0.98506133     0.012873339
      6760.75      0.97505043     0.012942069
      6767.51      0.97070780     0.012992017
      6774.28      0.97010753     0.012806392
      6781.05      0.96501070     0.013067225
      6787.84      0.96464271     0.012891734
      6794.62      0.96537090     0.013212313
      6801.42      0.96784186     0.013167236
      6808.22      0.97771198     0.013563988
      6815.03      0.98314003     0.013597956
      6821.85      0.99355176     0.014057871
      6828.67      0.99271253     0.014075952
      6835.50      0.98243331     0.014533274
      6842.33      0.96156924     0.014650050
      6849.17      0.94110116     0.014462034
      6856.02      0.93320812     0.014787830
      6862.88      0.93149124     0.014435337
      6869.74      0.92168932     0.014614726
      6876.61      0.91933113     0.014190944
      6883.49      0.91691936     0.014318501
      6890.37      0.92178351     0.013953933
      6897.27      0.93143088     0.014177118
      6904.16      0.93393165     0.013878526
      6911.07      0.93410294     0.014027186
      6917.98      0.93175600     0.013756984
      6924.89      0.93567214     0.013975151
      6931.82      0.93443024     0.013730740
      6938.75      0.94158169     0.013955838
      6945.69      0.94146975     0.013730749
      6952.64      0.94232554     0.013984156
      6959.59      0.95158609     0.013773271
      6966.55      0.95359710     0.013580073
      6973.52      0.95578056     0.013833271
      6980.49      0.96460342     0.013635538
      6987.47      0.98147459     0.013878526
      6994.46      0.98408669     0.013674311
      7001.46      0.98877663     0.013906159
      7008.46      0.99553804     0.013704252
      7015.46      0.99623301     0.013944960
      7022.48       1.0008432     0.013746240
      7029.51       1.0060261     0.013986143
      7036.53       1.0088284     0.013788767
      7043.57       1.0086788     0.014031508
      7050.62       1.0052922     0.013840280
      7057.66      0.99916584     0.014087536
      7064.72      0.98941118     0.013917688
      7071.79      0.99182799     0.014170660
      7078.86      0.99534099     0.014012138
      7085.94      0.99728823     0.014084023
      7093.03      0.99645161     0.014128225
      7100.12      0.99134954     0.014242930
      7107.22      0.98911251     0.014611479
      7114.33      0.98357840     0.014524435
      7121.44      0.98073316     0.014969719
      7128.56      0.97209528     0.014912278
      7135.69      0.96393667     0.015356524
      7142.83      0.95841562     0.015233544
      7149.97      0.95140032     0.015610309
      7157.12      0.95774219     0.015423720
      7164.28      0.96467797     0.015493053
      7171.44      0.96907358     0.015501824
      7178.62      0.98097743     0.015505090
      7185.80      0.98212848     0.015504083
      7192.98      0.98775770     0.015520491
      7200.17      0.99673292     0.015549652
      7207.38       1.0193385     0.015612216
      7214.58       1.0301666     0.015412399
      7221.80       1.0319643     0.015706218
      7229.02       1.0314341     0.015476593
      7236.25       1.0350469     0.015728211
      7243.49       1.0304982     0.015695136
      7250.73       1.0272841     0.015675175
      7257.98       1.0175461     0.015644900
      7265.24       1.0105939     0.015360731
      7272.51      0.99580324     0.015576498
      7279.78      0.98592833     0.015275401
      7287.06      0.97634589     0.015481356
      7294.35      0.96904440     0.015187450
      7301.64      0.96656657     0.015414467
      7308.94      0.96719042     0.015386671
      7316.25      0.96420679     0.015136108
      7323.57      0.96602880     0.015375440
      7330.89      0.96489467     0.015138143
      7338.22      0.96100736     0.015396811
      7345.56      0.95906777     0.015157591
      7352.91      0.95979030     0.015187777
      7360.26      0.95982500     0.015174056
      7367.62      0.95705192     0.015205871
      7374.99      0.95968650     0.015471070
      7382.37      0.95253768     0.015240936
      7389.75      0.94216884     0.015295153
      7397.14      0.93333194     0.015289310
      7404.53      0.93092553     0.015339484
      7411.94      0.92163111     0.015615438
      7419.35      0.91374172     0.015393518
      7426.77      0.91191479     0.015457641
      7434.20      0.90802621     0.015454224
      7441.63      0.89802282     0.015513593
      7449.07      0.88264802     0.015310885
      7456.52      0.86215396     0.015576702
      7463.98      0.84652670     0.015645475
      7471.45      0.83023166     0.015648963
      7478.92      0.81570029     0.015771937
      7486.40      0.81059964     0.015786839
      7493.88      0.80728804     0.016098086
      7501.38      0.80417712     0.016198805
      7508.88      0.79907592     0.016017249
      7516.39      0.79577770     0.016474070
      7523.91      0.78959023     0.016690049
      7531.43      0.78270054     0.017599851
      7538.96      0.78505127     0.018829813
      7546.50      0.78563588     0.019482704
      7554.05      0.79313099     0.021140262
      7561.60      0.78366273     0.021859344
      7569.16      0.77631401     0.023346594
      7576.73      0.76137238     0.024823873
      7584.31      0.74662245     0.024545026
      7591.89      0.73206230     0.024268255
      7599.49      0.71323803     0.023947444
      7607.09      0.72826115     0.022552582
      7614.70      0.73363391     0.021086384
      7622.31      0.73940258     0.020381455
      7629.93      0.75216742     0.019199700
      7637.56      0.77365864     0.018367784
      7645.20      0.77781808     0.017994415
      7652.85      0.79238762     0.017426514
      7660.50      0.81745704     0.017168529
      7668.16      0.83132909     0.017069933
      7675.83      0.82883988     0.016908192
      7683.50      0.83016133     0.016617265
      7691.19      0.83464464     0.016756814
      7698.88      0.83074590     0.016718876
      7706.58      0.83379769     0.016478488
      7714.29      0.84027565     0.016726376
      7722.00      0.86337242     0.016756944
      7729.73      0.87278455     0.016534042
      7737.45      0.88028424     0.016816056
      7745.19      0.89341132     0.016863344
      7752.94      0.89300803     0.016644631
      7760.69      0.89021512     0.016937479
      7768.45      0.89274697     0.016987703
      7776.22      0.88091576     0.016767421
      7784.00      0.87782649     0.017064944
      7791.78      0.86424329     0.017116109
      7799.57      0.85758860     0.016896035
      7807.37      0.84193112     0.016971008
      7815.18      0.81706228     0.017261952
      7822.99      0.78867645     0.017046476
      7830.82      0.76742630     0.017128556
      7838.65      0.75583997     0.017431163
      7846.49      0.75135041     0.017212801
      7854.34      0.75566586     0.017282549
      7862.19      0.76071793     0.017581919
      7870.05      0.75640713     0.017344146
      7877.93      0.74970259     0.017403841
      7885.80      0.75306113     0.017470084
      7893.69      0.75135895     0.017462157
      7901.58      0.73769315     0.017516897
      7909.49      0.72799975     0.017581368
      7917.40      0.71552519     0.017581979
      7925.31      0.69855960     0.017642860
      7933.24      0.68990597     0.017710241
      7941.17      0.68494009     0.017489948
      7949.11      0.67298084     0.017775213
      7957.06      0.66390721     0.017835483
      7965.02      0.65571567     0.017896983
      7972.98      0.65479692     0.017659658
      7980.96      0.65717829     0.017941745
      7988.94      0.66615340     0.018001810
      7996.93      0.66145061     0.017774161
      8004.93      0.67222043     0.017821191
      8012.93      0.66960912     0.018105818
      8020.95      0.67075913     0.017905693
      8028.97      0.67749207     0.017974232
      8036.99      0.68835399     0.018069943
      8045.03      0.68913138     0.018401315
      8053.08      0.67604531     0.018239409
      8061.13      0.65649232     0.018396143
      8069.20      0.64658576     0.018602483
      8077.26      0.65008186     0.018716914
      8085.34      0.64883356     0.018954787
      8093.43      0.63713315     0.019224340
      8101.52      0.63721706     0.019519236
      8109.62      0.64100202     0.019646216
      8117.73      0.63898138     0.019802850
      8125.85      0.64296223     0.019884965
      8133.98      0.63880489     0.019954896
      8142.11      0.62350026     0.019975735
      8150.25      0.60050320     0.019998928
      8158.41      0.58868058     0.020008582
      8166.56      0.58600561     0.019998349
      8174.73      0.58478033     0.019985176
      8182.91      0.58870594     0.019960341
      8191.09      0.58000622     0.019962081
      8199.28      0.55431698     0.019678082
      8207.48      0.52842429     0.019679231
      8215.69      0.51488314     0.019947043
      8223.91      0.49954613     0.019636850
      8232.13      0.49008508     0.019357044
      8240.36      0.48711917     0.019071509
      8248.60      0.47753846     0.019053142
      8256.85      0.47892819     0.018800774
      8265.11      0.48013991     0.018829311
      8273.37      0.48288946     0.018585067
      8281.65      0.49054662     0.018536479
      8289.93      0.49562219     0.018262310
      8298.22      0.49662354     0.018205363
      8306.52      0.49795756     0.017947395
      8314.83      0.50005932     0.017924566
      8323.14      0.51400627     0.017714901
      8331.46      0.52493630     0.017512511
      8339.80      0.53348509     0.017305596
      8348.13      0.55285556     0.017302231
      8356.48      0.56219727     0.017111643
      8364.84      0.55996215     0.017124009
      8373.21      0.56272234     0.016950585
      8381.58      0.56820384     0.016969414
      8389.96      0.57882216     0.016802900
      8398.35      0.59630652     0.016824850
      8406.75      0.61154670     0.016514193
      8415.16      0.62447184     0.016545312
      8423.57      0.63979767     0.016399210
      8432.00      0.66408911     0.016430898
      8440.43      0.68291307     0.016291788
      8448.87      0.69478417     0.016325151
      8457.32      0.70634067     0.016195291
      8465.78      0.70722198     0.016088123
      8474.25      0.71189382     0.015957059
      8482.72      0.72060057     0.015989017
      8491.20      0.73583199     0.015864537
      8499.69      0.74732069     0.015895020
      8508.19      0.75338379     0.015776150
      8516.70      0.75854555     0.015803147
      8525.22      0.77526664     0.015559244
      8533.75      0.78791298     0.015586457
      8542.28      0.79526966     0.015472940
      8550.82      0.80225681     0.015502564
      8559.37      0.81061884     0.015397332
      8567.93      0.81856786     0.015311464
      8576.50      0.81636224     0.015206159
      8585.08      0.82365116     0.015235131
      8593.66      0.82573909     0.015133940
      8602.26      0.82823006     0.015392382
      8610.86      0.82673365     0.015589950
      8619.47      0.82763372     0.015933096
      8628.09      0.82995650     0.016167166
      8636.72      0.83571190     0.016613725
      8645.36      0.83595796     0.017201335
      8654.00      0.83373058     0.017904839
      8662.66      0.83271301     0.018516535
      8671.32      0.83483542     0.019572494
      8679.99      0.83289060     0.021374410
      8688.67      0.82601986     0.023290467
      8697.36      0.81441855     0.025785194
      8706.06      0.79916602     0.028122329
      8714.76      0.77946935     0.032070114
      8723.48      0.75720061     0.038464743
      8732.21      0.74042658     0.045317330
