# starting wavelength =        3277.0400
# ending wavelength =        8340.8200
# O2 telluric scale =        0
# O2 telluric shift =        0
# H2O telluric scale =        0
# H2O telluric shift =        0
      3278.75       1.1012233     0.016305542
      3282.03       1.0942255     0.013792603
      3285.31       1.0935105     0.012404373
      3288.60       1.0932442     0.010763304
      3291.88       1.0929429    0.0094977722
      3295.18       1.0920453    0.0082506726
      3298.47       1.0905361    0.0075405502
      3301.77       1.0903278    0.0069861741
      3305.07       1.0891977    0.0066679892
      3308.38       1.0897462    0.0063003359
      3311.69       1.0892817    0.0059549484
      3315.00       1.0902835    0.0057336122
      3318.31       1.0884142    0.0055488599
      3321.63       1.0889158    0.0054452677
      3324.95       1.0910033    0.0053040417
      3328.28       1.0889481    0.0051805376
      3331.61       1.0886159    0.0050994244
      3334.94       1.0873759    0.0050047936
      3338.27       1.0867022    0.0049186529
      3341.61       1.0866603    0.0049494582
      3344.95       1.0871419    0.0049037464
      3348.30       1.0892833    0.0049336486
      3351.65       1.0859668    0.0049245305
      3355.00       1.0831822    0.0049159313
      3358.35       1.0787672    0.0049470419
      3361.71       1.0752485    0.0048999921
      3365.07       1.0718042    0.0048911282
      3368.44       1.0658009    0.0049229573
      3371.81       1.0599764    0.0049132459
      3375.18       1.0530665    0.0049039547
      3378.56       1.0467215    0.0049357009
      3381.94       1.0409760    0.0048893529
      3385.32       1.0365406    0.0048797989
      3388.70       1.0313705    0.0049109364
      3392.09       1.0287480    0.0049021334
      3395.48       1.0232564    0.0048937657
      3398.88       1.0206747    0.0049255234
      3402.28       1.0202363    0.0048774852
      3405.68       1.0153820    0.0048687783
      3409.09       1.0103844    0.0049016908
      3412.49       1.0085601    0.0048920470
      3415.91       1.0071738    0.0048828951
      3419.32       1.0053064    0.0049156084
      3422.74       1.0037589    0.0048685763
      3426.17       1.0030556    0.0048589784
      3429.59       1.0035725    0.0048910707
      3433.02       1.0067042    0.0048821363
      3436.45       1.0084230    0.0048736217
      3439.89       1.0117366    0.0049074109
      3443.33       1.0154770    0.0048979562
      3446.78       1.0184798    0.0048888779
      3450.22       1.0210078    0.0048844579
      3453.67       1.0244872    0.0048744850
      3457.13       1.0270891    0.0048649792
      3460.58       1.0304842    0.0048557922
      3464.04       1.0325900    0.0048895192
      3467.51       1.0372748    0.0048810014
      3470.98       1.0419124    0.0048728460
      3474.45       1.0434928    0.0049070698
      3477.92       1.0479090    0.0048563466
      3481.40       1.0463212    0.0048475872
      3484.88       1.0482228    0.0048840161
      3488.37       1.0476171    0.0048742811
      3491.86       1.0551877    0.0048649208
      3495.35       1.0599600    0.0048558293
      3498.84       1.0599908    0.0048910656
      3502.34       1.0642181    0.0048826538
      3505.84       1.0670755    0.0048745954
      3509.35       1.0721662    0.0049103485
      3512.86       1.0758792    0.0048581191
      3516.37       1.0770014    0.0048491503
      3519.89       1.0833330    0.0048407263
      3523.41       1.0879349    0.0048778965
      3526.93       1.0886322    0.0048684597
      3530.46       1.0925440    0.0048593315
      3533.99       1.0974363    0.0048959052
      3537.53       1.1042886    0.0048872926
      3541.06       1.1089933    0.0048788878
      3544.60       1.1109574    0.0048707818
      3548.15       1.1158956    0.0049081874
      3551.70       1.1171174    0.0048990088
      3555.25       1.1164287    0.0048901491
      3558.80       1.1144326    0.0048366976
      3562.36       1.1144131    0.0048763657
      3565.92       1.1151843    0.0048668931
      3569.49       1.1191206    0.0048575969
      3573.06       1.1222850    0.0048954560
      3576.64       1.1176422    0.0048865790
      3580.21       1.1144236    0.0048779721
      3583.79       1.1094108    0.0048696262
      3587.38       1.1086505    0.0049107154
      3590.96       1.1038877    0.0049013287
      3594.55       1.1005186    0.0048921949
      3598.15       1.0948765    0.0048832052
      3601.75       1.0943770    0.0049233923
      3605.35       1.0939094    0.0049147552
      3608.96       1.0956999    0.0049063402
      3612.56       1.0974452    0.0048981696
      3616.18       1.0992365    0.0049402983
      3619.79       1.1000560    0.0049310389
      3623.41       1.1035969    0.0049219971
      3627.04       1.1081009    0.0049131470
      3630.66       1.1118908    0.0049045047
      3634.29       1.1169039    0.0049471180
      3637.93       1.1188038    0.0049387386
      3641.57       1.1224754    0.0049306786
      3645.21       1.1251835    0.0049226961
      3648.86       1.1278224    0.0049656953
      3652.50       1.1338988    0.0049567294
      3656.16       1.1385009    0.0049478270
      3659.81       1.1417587    0.0049390841
      3663.47       1.1449795    0.0049839429
      3667.14       1.1432373    0.0049755010
      3670.80       1.1437965    0.0049672335
      3674.48       1.1458498    0.0049590417
      3678.15       1.1464081    0.0049510089
      3681.83       1.1478759    0.0049965911
      3685.51       1.1533075    0.0049875902
      3689.20       1.1587930    0.0049786352
      3692.88       1.1623020    0.0049699623
      3696.58       1.1663009    0.0049613138
      3700.27       1.1664807    0.0050085674
      3703.98       1.1669404    0.0050000956
      3707.68       1.1662070    0.0049916277
      3711.39       1.1648369    0.0049834395
      3715.10       1.1599386    0.0050339048
      3718.81       1.1561621    0.0050246613
      3722.53       1.1508360    0.0050155504
      3726.26       1.1468801    0.0050064547
      3729.98       1.1419884    0.0049974775
      3733.71       1.1393442    0.0049886052
      3737.45       1.1343408    0.0050382969
      3741.18       1.1291722    0.0050295931
      3744.93       1.1262452    0.0050211325
      3748.67       1.1221073    0.0050126023
      3752.42       1.1202805    0.0050040633
      3756.17       1.1200746    0.0050605384
      3759.93       1.1169051    0.0051108054
      3763.69       1.1168554    0.0051023579
      3767.45       1.1198240    0.0050940148
      3771.22       1.1221674    0.0050857632
      3774.99       1.1222900    0.0051418019
      3778.77       1.1221836    0.0051326378
      3782.54       1.1203022    0.0051234022
      3786.33       1.1163511    0.0051144250
      3790.11       1.1187571    0.0051053537
      3793.90       1.1202805    0.0050963651
      3797.70       1.1221767    0.0050875249
      3801.50       1.1256829    0.0050789012
      3805.30       1.1287267    0.0050701692
      3809.10       1.1348808    0.0050613270
      3812.91       1.1412862    0.0050527230
      3816.73       1.1457655    0.0049793921
      3820.54       1.1480127    0.0049707850
      3824.36       1.1501613    0.0049624041
      3828.19       1.1496662    0.0049540734
      3832.02       1.1493911    0.0049456374
      3835.85       1.1478304    0.0049372472
      3839.68       1.1503737    0.0049288547
      3843.52       1.1497157    0.0049203830
      3847.37       1.1469612    0.0049119286
      3851.22       1.1430286    0.0049036903
      3855.07       1.1370426    0.0048954868
      3858.92       1.1328077    0.0048871713
      3862.78       1.1340227    0.0048788820
      3866.64       1.1319120    0.0048705982
      3870.51       1.1310431    0.0048622163
      3874.38       1.1281236    0.0048538476
      3878.26       1.1232508    0.0048456999
      3882.13       1.1164547    0.0048375675
      3886.02       1.1129385    0.0048293208
      3889.90       1.1081936    0.0048211028
      3893.79       1.1032805    0.0048128882
      3897.69       1.0979324    0.0048045943
      3901.59       1.0858181    0.0047963090
      3905.49       1.0736119    0.0047882344
      3909.39       1.0623251    0.0047802029
      3913.30       1.0470242    0.0047720601
      3917.22       1.0340242    0.0047639537
      3921.13       1.0241414    0.0047558532
      3925.06       1.0137713    0.0047476858
      3928.98       1.0045542    0.0047395568
      3932.91      0.99434250    0.0046743695
      3936.84      0.98733812    0.0046665516
      3940.78      0.98093233    0.0046587875
      3944.72      0.97446011    0.0046510664
      3948.67      0.96775251    0.0046432524
      3952.61      0.96037230    0.0046354899
      3956.57      0.95454522    0.0046277764
      3960.52      0.95529637    0.0046201575
      3964.48      0.95453155    0.0046126374
      3968.45      0.95245519    0.0046051883
      3972.42      0.94885251    0.0045978002
      3976.39      0.94349713    0.0045903406
      3980.37      0.94032734    0.0045829755
      3984.35      0.94076130    0.0045756914
      3988.33      0.94122214    0.0045685144
      3992.32      0.94603652    0.0045615016
      3996.31      0.95209974    0.0044963074
      4000.31      0.95780034    0.0044887357
      4004.31      0.96476011    0.0044811401
      4008.31      0.97080117    0.0044734800
      4012.32      0.97324884    0.0044660852
      4016.33      0.98289380    0.0045135481
      4020.35      0.98831031    0.0045063216
      4024.37      0.99363301    0.0044990447
      4028.40      0.99582684    0.0044919135
      4032.42      0.99971584    0.0044849242
      4036.46       1.0046683    0.0044244193
      4040.50       1.0048014    0.0044164274
      4044.54       1.0029033    0.0044086803
      4048.58       1.0025601    0.0044012010
      4052.63       1.0040936    0.0043937055
      4056.68       1.0033176    0.0043862525
      4060.74       1.0058216    0.0043790941
      4064.80       1.0071083    0.0043719719
      4068.86       1.0084294    0.0043648517
      4072.93       1.0136847    0.0043078546
      4077.01       1.0210299    0.0043533407
      4081.08       1.0272344    0.0043455868
      4085.17       1.0300115    0.0043378841
      4089.25       1.0317961    0.0043302512
      4093.34       1.0388454    0.0043229397
      4097.43       1.0427463    0.0043157074
      4101.53       1.0463020    0.0043086642
      4105.63       1.0467407    0.0042523716
      4109.74       1.0497047    0.0042459268
      4113.85       1.0536356    0.0042397032
      4117.96       1.0517653    0.0042335907
      4122.08       1.0525543    0.0042752688
      4126.20       1.0536515    0.0042679637
      4130.33       1.0535487    0.0042609463
      4134.46       1.0533961    0.0042051406
      4138.59       1.0517666    0.0041986366
      4142.73       1.0487698    0.0041923884
      4146.88       1.0458374    0.0041864172
      4151.02       1.0450806    0.0041806063
      4155.18       1.0419317    0.0042210426
      4159.33       1.0367405    0.0041655154
      4163.49       1.0297117    0.0041589288
      4167.65       1.0239578    0.0041526580
      4171.82       1.0210571    0.0041465978
      4175.99       1.0146160    0.0041408642
      4180.17       1.0090896    0.0041354781
      4184.35       1.0046028    0.0040788818
      4188.54       1.0020269    0.0041202761
      4192.72       1.0022532    0.0041139605
      4196.92      0.99946119    0.0041080018
      4201.11       1.0000072    0.0041024278
      4205.31      0.99915934    0.0040481097
      4209.52      0.99905769    0.0040413369
      4213.73       1.0000002    0.0040349187
      4217.94       1.0015663    0.0040762092
      4222.16       1.0018336    0.0040705029
      4226.38       1.0012137    0.0040178721
      4230.61       1.0027047    0.0040109760
      4234.84       1.0027577    0.0040043600
      4239.08       1.0047036    0.0039981897
      4243.32       1.0028801    0.0040394774
      4247.56       1.0019705    0.0039879682
      4251.81       1.0023353    0.0039810119
      4256.06       1.0019309    0.0039743985
      4260.32       1.0053490    0.0039682668
      4264.58       1.0061501    0.0039625868
      4268.84       1.0070454    0.0039582077
      4273.11       1.0129288    0.0039513572
      4277.38       1.0160611    0.0039448829
      4281.66       1.0228162    0.0039389257
      4285.94       1.0268563    0.0038901485
      4290.23       1.0332239    0.0039289071
      4294.52       1.0395580    0.0039221129
      4298.81       1.0455201    0.0039158464
      4303.11       1.0504303    0.0038670581
      4307.42       1.0561099    0.0038620042
      4311.72       1.0633960    0.0038997466
      4316.04       1.0692660    0.0038932063
      4320.35       1.0752864    0.0038444503
      4324.67       1.0795549    0.0038392534
      4329.00       1.0879010    0.0038347097
      4333.33       1.0937044    0.0038712882
      4337.66       1.0996693    0.0038226276
      4342.00       1.1064692    0.0038173138
      4346.34       1.1137497    0.0038127227
      4350.69       1.1190714    0.0038086816
      4355.04       1.1264432    0.0038010058
      4359.39       1.1317552    0.0037957936
      4363.75       1.1371678    0.0037911471
      4368.12       1.1380157    0.0037872784
      4372.48       1.1423019    0.0037796756
      4376.86       1.1463377    0.0037745735
      4381.23       1.1481558    0.0037701704
      4385.61       1.1522727    0.0037224393
      4390.00       1.1523094    0.0037586901
      4394.39       1.1498622    0.0037538577
      4398.79       1.1466740    0.0037497057
      4403.18       1.1424617    0.0037018363
      4407.59       1.1383394    0.0037381837
      4412.00       1.1347166    0.0037336053
      4416.41       1.1283136    0.0036873143
      4420.82       1.1236126    0.0036817270
      4425.25       1.1219959    0.0037182531
      4429.67       1.1221580    0.0036731319
      4434.10       1.1178184    0.0036672282
      4438.54       1.1162415    0.0036619958
      4442.97       1.1161839    0.0036592641
      4447.42       1.1136117    0.0036529972
      4451.86       1.1138111    0.0036475144
      4456.32       1.1188364    0.0036045614
      4460.77       1.1209095    0.0036389744
      4465.24       1.1236990    0.0036333212
      4469.70       1.1242335    0.0036285713
      4474.17       1.1202012    0.0036253199
      4478.65       1.1159906    0.0036194379
      4483.12       1.1138343    0.0036145008
      4487.61       1.1087572    0.0035725498
      4492.09       1.1044354    0.0036057152
      4496.59       1.1020985    0.0035628382
      4501.08       1.0991610    0.0035588286
      4505.58       1.0972559    0.0035922168
      4510.09       1.0978925    0.0035494546
      4514.60       1.0988399    0.0035454767
      4519.12       1.0988056    0.0035788284
      4523.63       1.0975360    0.0035362546
      4528.16       1.0943158    0.0035323189
      4532.69       1.0929506    0.0035656429
      4537.22       1.0928301    0.0035233017
      4541.76       1.0924626    0.0035194375
      4546.30       1.0911304    0.0035166316
      4550.85       1.0901777    0.0035105344
      4555.40       1.0881284    0.0035069310
      4559.95       1.0867236    0.0034651564
      4564.51       1.0844354    0.0034980844
      4569.08       1.0821785    0.0034946671
      4573.65       1.0792386    0.0034527198
      4578.22       1.0796587    0.0034858161
      4582.80       1.0796303    0.0034827858
      4587.38       1.0811843    0.0034406002
      4591.97       1.0852028    0.0034739125
      4596.56       1.0885488    0.0034331674
      4601.16       1.0949021    0.0034656850
      4605.76       1.1003761    0.0034622933
      4610.37       1.1025781    0.0034211401
      4614.98       1.1050998    0.0034540376
      4619.59       1.1095378    0.0034142368
      4624.21       1.1131375    0.0034095327
      4628.84       1.1179324    0.0034428460
      4633.47       1.1217550    0.0034023908
      4638.10       1.1224840    0.0033982120
      4642.74       1.1272965    0.0033956854
      4647.38       1.1280250    0.0033909829
      4652.03       1.1275085    0.0033894734
      4656.68       1.1260565    0.0033841380
      4661.34       1.1254723    0.0033800297
      4666.00       1.1256832    0.0033775998
      4670.67       1.1258318    0.0033730999
      4675.33       1.1263873    0.0033358090
      4680.01       1.1271283    0.0033662820
      4684.69       1.1257085    0.0033287147
      4689.38       1.1267271    0.0033598825
      4694.07       1.1270120    0.0033218781
      4698.76       1.1254472    0.0033190274
      4703.46       1.1267179    0.0033489471
      4708.16       1.1275569    0.0033120609
      4712.87       1.1291289    0.0033426256
      4717.58       1.1295657    0.0033053749
      4722.30       1.1276218    0.0033031784
      4727.03       1.1275848    0.0032989681
      4731.75       1.1274995    0.0032963790
      4736.48       1.1271999    0.0032927028
      4741.22       1.1258234    0.0032898482
      4745.96       1.1192883    0.0032866471
      4750.71       1.1161784    0.0032834637
      4755.46       1.1151707    0.0032470118
      4760.22       1.1141859    0.0032773023
      4764.97       1.1131886    0.0032753448
      4769.74       1.1124438    0.0032712750
      4774.51       1.1116116    0.0032691355
      4779.29       1.1121329    0.0032654219
      4784.07       1.1133861    0.0032631133
      4788.85       1.1153195    0.0032261719
      4793.64       1.1178810    0.0032572580
      4798.43       1.1194251    0.0032206393
      4803.23       1.1217961    0.0032515378
      4808.03       1.1233187    0.0032151669
      4812.84       1.1281444    0.0032459436
      4817.66       1.1324636    0.0032098456
      4822.48       1.1333931    0.0032405496
      4827.30       1.1339274    0.0032046320
      4832.12       1.1322769    0.0032038524
      4836.96       1.1266605    0.0031994035
      4841.79       1.1230076    0.0031987398
      4846.63       1.1211259    0.0031943230
      4851.48       1.1158825    0.0031936774
      4856.33       1.1114384    0.0031893647
      4861.19       1.1069415    0.0031561117
      4866.05       1.1026605    0.0031844516
      4870.92       1.1001361    0.0031513842
      4875.79       1.0979681    0.0031796085
      4880.66       1.0979377    0.0031467685
      4885.55       1.0966950    0.0031748710
      4890.43       1.0977270    0.0031422290
      4895.32       1.1018259    0.0031702409
      4900.22       1.1076252    0.0031379101
      4905.12       1.1154465    0.0031353538
      4910.02       1.1196690    0.0031337282
      4914.94       1.1268679    0.0031309633
      4919.85       1.1306256    0.0031296229
      4924.77       1.1349567    0.0031267468
      4929.70       1.1367260    0.0031257068
      4934.62       1.1371223    0.0031227078
      4939.56       1.1347602    0.0031210310
      4944.50       1.1340733    0.0031188349
      4949.44       1.1309804    0.0031168555
      4954.39       1.1293070    0.0031151357
      4959.35       1.1266168    0.0031129649
      4964.31       1.1250946    0.0031116937
      4969.27       1.1243603    0.0031092337
      4974.24       1.1223504    0.0030770923
      4979.22       1.1199665    0.0031056322
      4984.20       1.1180949    0.0030732217
      4989.18       1.1179710    0.0031022952
      4994.17       1.1186085    0.0030696274
      4999.16       1.1171949    0.0030688189
      5004.16       1.1164768    0.0030969388
      5009.17       1.1162974    0.0030650631
      5014.18       1.1148761    0.0030938253
      5019.19       1.1149906    0.0030615626
      5024.21       1.1123166    0.0030611312
      5029.23       1.1079721    0.0030583435
      5034.26       1.1035318    0.0030574891
      5039.30       1.0998983    0.0030576406
      5044.34       1.0947525    0.0030541803
      5049.39       1.0894901    0.0030538583
      5054.43       1.0859656    0.0030511947
      5059.49       1.0825570    0.0030503475
      5064.55       1.0808857    0.0030204760
      5069.61       1.0760192    0.0030472634
      5074.68       1.0726642    0.0030469639
      5079.76       1.0686879    0.0030166331
      5084.84       1.0654188    0.0030437450
      5089.92       1.0632273    0.0030144041
      5095.01       1.0596688    0.0030130793
      5100.11       1.0563462    0.0030405789
      5105.21       1.0520915    0.0030109369
      5110.31       1.0500516    0.0030099163
      5115.42       1.0479224    0.0030092987
      5120.54       1.0437838    0.0030077081
      5125.66       1.0430709    0.0030069566
      5130.79       1.0411620    0.0030061572
      5135.92       1.0384577    0.0030048153
      5141.05       1.0387457    0.0030041727
      5146.20       1.0374117    0.0030032434
      5151.34       1.0376763    0.0030021160
      5156.49       1.0374663    0.0029728915
      5161.65       1.0380645    0.0030007658
      5166.81       1.0352100    0.0029997649
      5171.98       1.0347492    0.0029705660
      5177.15       1.0321031    0.0029984697
      5182.33       1.0288169    0.0029976065
      5187.51       1.0272265    0.0029685011
      5192.70       1.0264338    0.0029687943
      5197.89       1.0211646    0.0029956374
      5203.09       1.0152584    0.0029665139
      5208.29       1.0149394    0.0029668298
      5213.50       1.0138510    0.0029939622
      5218.72       1.0142416    0.0029648458
      5223.93       1.0132668    0.0029650208
      5229.16       1.0117559    0.0029657778
      5234.39       1.0121057    0.0029633802
      5239.62       1.0128413    0.0029635402
      5244.86       1.0134558    0.0029641798
      5250.11       1.0154391    0.0029360833
      5255.36       1.0182227    0.0029621385
      5260.61       1.0191990    0.0029627201
      5265.87       1.0202653    0.0029352134
      5271.14       1.0206625    0.0029612576
      5276.41       1.0199567    0.0029615712
      5281.69       1.0224359    0.0029347525
      5286.97       1.0255322    0.0029344758
      5292.26       1.0287468    0.0029346051
      5297.55       1.0282532    0.0029612951
      5302.85       1.0306568    0.0029343042
      5308.15       1.0340910    0.0029342150
      5313.46       1.0352160    0.0029345296
      5318.77       1.0361705    0.0029345430
      5324.09       1.0368623    0.0029343003
      5329.42       1.0386086    0.0029343927
      5334.75       1.0392208    0.0029347987
      5340.08       1.0406780    0.0029348901
      5345.42       1.0424390    0.0029347478
      5350.77       1.0451947    0.0029349371
      5356.12       1.0468412    0.0029081077
      5361.48       1.0468180    0.0029088621
      5366.83       1.0491146    0.0029356094
      5372.20       1.0492540    0.0029358293
      5377.58       1.0500178    0.0029090446
      5382.95       1.0504220    0.0029098488
      5388.34       1.0497255    0.0029109074
      5393.72       1.0500874    0.0029373372
      5399.12       1.0482340    0.0029104237
      5404.52       1.0470840    0.0029112056
      5409.92       1.0455448    0.0029122048
      5415.33       1.0435963    0.0029134419
      5420.75       1.0418670    0.0029148744
      5426.17       1.0414119    0.0029129888
      5431.60       1.0409124    0.0029139067
      5437.03       1.0409236    0.0029150154
      5442.47       1.0418108    0.0029163109
      5447.91       1.0411270    0.0028907004
      5453.36       1.0430259    0.0028914681
      5458.81       1.0428750    0.0029171408
      5464.27       1.0413233    0.0029183208
      5469.73       1.0425393    0.0029196696
      5475.20       1.0430455    0.0028944914
      5480.68       1.0397321    0.0028952723
      5486.16       1.0388227    0.0028962550
      5491.65       1.0363008    0.0028974592
      5497.14       1.0363049    0.0029234927
      5502.64       1.0357122    0.0028990391
      5508.14       1.0354306    0.0028998396
      5513.65       1.0348400    0.0029008268
      5519.16       1.0337191    0.0029019817
      5524.68       1.0355978    0.0029032501
      5530.20       1.0359144    0.0029046350
      5535.73       1.0364662    0.0028798678
      5541.27       1.0382455    0.0029063024
      5546.81       1.0394062    0.0029074060
      5552.36       1.0415567    0.0029086059
      5557.91       1.0418742    0.0029098982
      5563.47       1.0407732    0.0029112724
      5569.04       1.0393085    0.0028865182
      5574.60       1.0417025    0.0028881272
      5580.18       1.0421264    0.0028898072
      5585.76       1.0380096    0.0028915570
      5591.35       1.0378230    0.0028933646
      5596.94       1.0360772    0.0029190238
      5602.53       1.0351049    0.0028941526
      5608.14       1.0323542    0.0028957238
      5613.75       1.0296454    0.0028973573
      5619.36       1.0263495    0.0028990540
      5624.98       1.0217877    0.0029008271
      5630.60       1.0172834    0.0029026861
      5636.23       1.0120947    0.0029045997
      5641.87       1.0092173    0.0029065551
      5647.51       1.0070468    0.0028827144
      5653.16       1.0075087    0.0028843620
      5658.82       1.0074049    0.0028860958
      5664.47       1.0049344    0.0028878729
      5670.14       1.0017448    0.0028896868
      5675.81       1.0033229    0.0028915341
      5681.48       1.0063610    0.0028934962
      5687.17       1.0080830    0.0029191631
      5692.85       1.0105017    0.0029211916
      5698.55       1.0141800    0.0029232349
      5704.25       1.0157514    0.0029006103
      5709.95       1.0167853    0.0029025068
      5715.66       1.0186529    0.0029044285
      5721.38       1.0199001    0.0029063741
      5727.10       1.0232293    0.0029083406
      5732.83       1.0204326    0.0029103280
      5738.56       1.0178438    0.0029124157
      5744.30       1.0144912    0.0029145110
      5750.04       1.0108311    0.0029166265
      5755.79       1.0082083    0.0029187603
      5761.55       1.0055976    0.0029208894
      5767.31       1.0018710    0.0029231292
      5773.08      0.99961573    0.0029254118
      5778.85      0.99776913    0.0029278216
      5784.63      0.99956168    0.0029304432
      5790.41      0.99933032    0.0029331989
      5796.21      0.99996701    0.0029099125
      5802.00      0.99861946    0.0029125282
      5807.81      0.99637643    0.0029154090
      5813.61      0.99398781    0.0029189372
      5819.43      0.99269483    0.0029234012
      5825.25      0.99217921    0.0029059408
      5831.07      0.99307701    0.0029109212
      5836.90      0.99038173    0.0029162863
      5842.74      0.98431659    0.0029220313
      5848.58      0.97820021    0.0029273004
      5854.43      0.97178782    0.0029315630
      5860.29      0.96755930    0.0029352331
      5866.15      0.96548420    0.0029385259
      5872.01      0.96128339    0.0029414016
      5877.89      0.95799984    0.0029437296
      5883.76      0.95701474    0.0029457585
      5889.65      0.95801180    0.0029478440
      5895.54      0.95867327    0.0029501588
      5901.43      0.96041931    0.0029524888
      5907.34      0.96248187    0.0029545747
      5913.24      0.96064388    0.0029562987
      5919.16      0.96147656    0.0029577364
      5925.08      0.96211791    0.0029345906
      5931.00      0.96230872    0.0029358175
      5936.93      0.96540514    0.0029367900
      5942.87      0.96844722    0.0029373940
      5948.81      0.96697189    0.0029633862
      5954.76      0.96888338    0.0029651199
      5960.72      0.96740560    0.0029667914
      5966.68      0.96845337    0.0029681808
      5972.64      0.96709570    0.0029699083
      5978.62      0.96700814    0.0029492476
      5984.60      0.96561386    0.0029514489
      5990.58      0.96527530    0.0029538155
      5996.57      0.96371748    0.0029563324
      6002.57      0.96517624    0.0029590472
      6008.57      0.96473759    0.0029618851
      6014.58      0.96683036    0.0029647791
      6020.60      0.96711865    0.0029677093
      6026.62      0.96720556    0.0029483790
      6032.65      0.97125727    0.0029515274
      6038.68      0.97371345    0.0029547595
      6044.72      0.97419816    0.0029826430
      6050.76      0.97844947    0.0029855929
      6056.81      0.98146736    0.0029886093
      6062.87      0.98400270    0.0029916981
      6068.93      0.98571077    0.0029723346
      6075.00      0.98937866    0.0029755558
      6081.08      0.99172505    0.0029788980
      6087.16      0.98995589    0.0029823311
      6093.25      0.99051462    0.0029858871
      6099.34      0.98927125    0.0029895287
      6105.44      0.98729107    0.0029939575
      6111.54      0.98576082    0.0029972327
      6117.66      0.98485479    0.0030006144
      6123.78      0.98201575    0.0030041434
      6129.90      0.97991006    0.0030077686
      6136.03      0.97749784    0.0029880966
      6142.17      0.97580715    0.0029913185
      6148.31      0.97582235    0.0030197081
      6154.46      0.97206516    0.0030232477
      6160.61      0.96656638    0.0030269848
      6166.77      0.96655559    0.0030085434
      6172.94      0.96574268    0.0030132588
      6179.11      0.96639506    0.0030172069
      6185.29      0.96773031    0.0030203497
      6191.48      0.97060893    0.0030285390
      6197.67      0.96981234    0.0030345261
      6203.87      0.97003351    0.0030421878
      6210.07      0.97407347    0.0030513489
      6216.28      0.97823619    0.0030616427
      6222.50      0.98784713    0.0030507533
      6228.72      0.98790633    0.0030873204
      6234.95      0.98567456    0.0030959919
      6241.19      0.98299763    0.0031031711
      6247.42      0.98115162    0.0030854978
      6253.67      0.98295746    0.0030886406
      6259.93      0.98560037    0.0031136433
      6266.19      0.98676537    0.0031121898
      6272.46      0.98810867    0.0030869610
      6278.73      0.99130609    0.0030853985
      6285.01      0.99591909    0.0030853487
      6291.29      0.99894740    0.0030875190
      6297.58       1.0029561    0.0030884075
      6303.88       1.0083222    0.0030889048
      6310.19       1.0112547    0.0030906764
      6316.50       1.0133209    0.0030691210
      6322.81       1.0180147    0.0030955858
      6329.14       1.0229694    0.0030981607
      6335.47       1.0278944    0.0030778495
      6341.80       1.0303304    0.0030803762
      6348.14       1.0219705    0.0031083164
      6354.49       1.0204790    0.0030893266
      6360.85       1.0169754    0.0030925327
      6367.21       1.0167214    0.0030962550
      6373.57       1.0176888    0.0031033865
      6379.95       1.0178439    0.0031068417
      6386.33       1.0156948    0.0031109923
      6392.72       1.0162199    0.0031159865
      6399.11       1.0185930    0.0031250637
      6405.51       1.0170356    0.0031312952
      6411.92       1.0156069    0.0031379231
      6418.32       1.0144878    0.0031475887
      6424.74       1.0144474    0.0031529675
      6431.17       1.0123483    0.0031364328
      6437.60       1.0100305    0.0031420522
      6444.04       1.0084909    0.0031715082
      6450.48       1.0071931    0.0031528106
      6456.94       1.0059541    0.0031564312
      6463.39       1.0044231    0.0031838392
      6469.85       1.0034574    0.0031640870
      6476.33       1.0029694    0.0031675520
      6482.80      0.99718191    0.0031958262
      6489.28      0.99579121    0.0031770087
      6495.77      0.99363146    0.0031811107
      6502.27      0.98966907    0.0031615551
      6508.77      0.98682206    0.0031892649
      6515.28      0.98681916    0.0031925301
      6521.80      0.98773695    0.0031721432
      6528.32      0.98774206    0.0032006572
      6534.85      0.98836536    0.0031810502
      6541.38      0.98729623    0.0031833880
      6547.92      0.98860981    0.0032113433
      6554.47      0.98948228    0.0031916920
      6561.03      0.98897715    0.0032205247
      6567.59      0.98974267    0.0032020603
      6574.16      0.99022100    0.0032057356
      6580.73      0.99131949    0.0032132238
      6587.31      0.98993568    0.0032167501
      6593.90      0.98818048    0.0032208856
      6600.50      0.98375383    0.0032279826
      6607.10      0.98084895    0.0032318020
      6613.70      0.97919246    0.0032142143
      6620.32      0.97643562    0.0032431177
      6626.94      0.97356183    0.0032252946
      6633.57      0.97095017    0.0032545933
      6640.20      0.96962025    0.0032364231
      6646.84      0.96923286    0.0032411812
      6653.49      0.97016825    0.0032700712
      6660.14      0.96804900    0.0032523262
      6666.80      0.96706113    0.0032815378
      6673.47      0.96830546    0.0032635624
      6680.14      0.97167511    0.0032687336
      6686.82      0.97099366    0.0032749683
      6693.51      0.97175852    0.0032799653
      6700.20      0.97301350    0.0032863815
      6706.90      0.97118230    0.0032912920
      6713.61      0.96757266    0.0032979278
      6720.32      0.96602305    0.0033026887
      6727.05      0.96383267    0.0032842621
      6733.77      0.96533278    0.0033142221
      6740.51      0.96555035    0.0032961813
      6747.25      0.96625878    0.0033290812
      6754.00      0.96782853    0.0033221164
      6760.75      0.96770424    0.0033618687
      6767.51      0.97038693    0.0033380959
      6774.28      0.97206645    0.0033503023
      6781.05      0.97357984    0.0033687334
      6787.84      0.97421490    0.0033796892
      6794.62      0.97546405    0.0034487039
      6801.42      0.97547904    0.0034773567
      6808.22      0.97577414    0.0035641204
      6815.03      0.97178349    0.0035960848
      6821.85      0.97197418    0.0036803280
      6828.67      0.96739285    0.0036931525
      6835.50      0.95896273    0.0037490320
      6842.33      0.95111624    0.0037266320
      6849.17      0.94566352    0.0037122127
      6856.02      0.93965007    0.0036882803
      6862.88      0.93352471    0.0036469720
      6869.74      0.92887353    0.0036148347
      6876.61      0.92358351    0.0035802765
      6883.49      0.91983991    0.0035671009
      6890.37      0.91751138    0.0035517828
      6897.27      0.91601948    0.0035074699
      6904.16      0.91519383    0.0035163695
      6911.07      0.91376126    0.0034860491
      6917.98      0.91298118    0.0035047886
      6924.89      0.91287021    0.0035006585
      6931.82      0.91347863    0.0034763808
      6938.75      0.91511810    0.0035018425
      6945.69      0.91655866    0.0034815331
      6952.64      0.91889379    0.0034886041
      6959.59      0.91696625    0.0034921556
      6966.55      0.91512956    0.0034981478
      6973.52      0.91524418    0.0035003144
      6980.49      0.91629289    0.0035032712
      6987.47      0.91468975    0.0035059178
      6994.46      0.91315322    0.0035064889
      7001.46      0.91220189    0.0035106234
      7008.46      0.90989893    0.0034896193
      7015.46      0.91098398    0.0035163739
      7022.48      0.91235014    0.0034959473
      7029.51      0.91217665    0.0035003310
      7036.53      0.90988810    0.0035287635
      7043.57      0.90905143    0.0035107413
      7050.62      0.90778984    0.0035202763
      7057.66      0.90692423    0.0035284105
      7064.72      0.90508625    0.0035393465
      7071.79      0.90636419    0.0035518993
      7078.86      0.90446720    0.0035630883
      7085.94      0.90350589    0.0035834821
      7093.03      0.90307895    0.0035850884
      7100.12      0.90173576    0.0036421602
      7107.22      0.90262328    0.0036910037
      7114.33      0.90158080    0.0037141616
      7121.44      0.90007014    0.0037629545
      7128.56      0.90153200    0.0038240287
      7135.69      0.90080990    0.0038219141
      7142.83      0.89996412    0.0038426633
      7149.97      0.90227512    0.0038813310
      7157.12      0.89963245    0.0038570576
      7164.28      0.89651828    0.0038557736
      7171.44      0.89255560    0.0038538311
      7178.62      0.89208464    0.0038527152
      7185.80      0.88742819    0.0038601414
      7192.98      0.88274349    0.0038728864
      7200.17      0.87923781    0.0038554677
      7207.38      0.87781802    0.0038918629
      7214.58      0.87324642    0.0038969826
      7221.80      0.86900815    0.0038680932
      7229.02      0.86550324    0.0038592025
      7236.25      0.86325349    0.0038743232
      7243.49      0.85995564    0.0038410643
      7250.73      0.85325798    0.0038318166
      7257.98      0.85133467    0.0038196739
      7265.24      0.85136264    0.0038045929
      7272.51      0.84492425    0.0037929023
      7279.78      0.84109315    0.0037788822
      7287.06      0.83723728    0.0037683487
      7294.35      0.83018727    0.0037364763
      7301.64      0.82702065    0.0037304834
      7308.94      0.82355013    0.0037521749
      7316.25      0.82154168    0.0037515104
      7323.57      0.81329522    0.0037272914
      7330.89      0.80592930    0.0037285001
      7338.22      0.80314523    0.0037291041
      7345.56      0.80020081    0.0037537103
      7352.91      0.79857898    0.0037297978
      7360.26      0.79653916    0.0037322850
      7367.62      0.79345374    0.0037361840
      7374.99      0.79228428    0.0037410204
      7382.37      0.79068788    0.0037205556
      7389.75      0.79249231    0.0037256240
      7397.14      0.79462594    0.0037542982
      7404.53      0.79630376    0.0037608452
      7411.94      0.79424562    0.0037677072
      7419.35      0.79558454    0.0037487080
      7426.77      0.79588462    0.0037554502
      7434.20      0.79655043    0.0037626046
      7441.63      0.79748854    0.0037699727
      7449.07      0.79942195    0.0038007279
      7456.52      0.79853444    0.0037841568
      7463.98      0.79475184    0.0038038912
      7471.45      0.79581413    0.0038584689
      7478.92      0.79953351    0.0039775033
      7486.40      0.80117401    0.0040295189
      7493.88      0.80350043    0.0039523638
      7501.38      0.80441066    0.0039596844
      7508.88      0.80282568    0.0040439557
      7516.39      0.80399777    0.0041930907
      7523.91      0.80893635    0.0044242934
      7531.43      0.81223151    0.0047119868
      7538.96      0.81181574    0.0049661210
      7546.50      0.81292067    0.0053265898
      7554.05      0.81263348    0.0058025035
      7561.60      0.81610278    0.0060249810
      7569.16      0.81879788    0.0060983379
      7576.73      0.82168371    0.0059978036
      7584.31      0.82028792    0.0057533579
      7591.89      0.82510217    0.0054295329
      7599.49      0.81823727    0.0050757565
      7607.09      0.81368261    0.0047798147
      7614.70      0.81512614    0.0045924859
      7622.31      0.81609543    0.0045087254
      7629.93      0.81671974    0.0043104937
      7637.56      0.81478199    0.0041762449
      7645.20      0.81071272    0.0041067707
      7652.85      0.80976750    0.0040671278
      7660.50      0.80790190    0.0040326756
      7668.16      0.80913813    0.0040051253
      7675.83      0.81079009    0.0039667639
      7683.50      0.81211996    0.0039540033
      7691.19      0.81101425    0.0039482039
      7698.88      0.81538360    0.0039475062
      7706.58      0.81828515    0.0039501791
      7714.29      0.82161930    0.0039547900
      7722.00      0.82518540    0.0039604420
      7729.73      0.82840830    0.0039669908
      7737.45      0.83322816    0.0039741838
      7745.19      0.83015611    0.0039815446
      7752.94      0.83585406    0.0039890428
      7760.69      0.84149047    0.0039965392
      7768.45      0.84746389    0.0040041701
      7776.22      0.84823792    0.0040118300
      7784.00      0.84549234    0.0040200335
      7791.78      0.84449977    0.0040290594
      7799.57      0.84642828    0.0040387254
      7807.37      0.84794157    0.0040488417
      7815.18      0.85112851    0.0040596842
      7822.99      0.85187202    0.0040711395
      7830.82      0.85043727    0.0040588524
      7838.65      0.85089309    0.0040412456
      7846.49      0.85101823    0.0040262172
      7854.34      0.85060092    0.0040081563
      7862.19      0.85188737    0.0039935006
      7870.05      0.85082491    0.0039543958
      7877.93      0.84982215    0.0039161756
      7885.80      0.84900095    0.0039226861
      7893.69      0.84883851    0.0038860972
      7901.58      0.84701038    0.0038509948
      7909.49      0.84656522    0.0038386605
      7917.40      0.84851807    0.0038250033
      7925.31      0.84751998    0.0038140288
      7933.24      0.84926907    0.0037824596
      7941.17      0.84730163    0.0037514338
      7949.11      0.84537689    0.0037405100
      7957.06      0.84700784    0.0037272257
      7965.02      0.84709621    0.0037164203
      7972.98      0.84853593    0.0036877745
      7980.96      0.85044561    0.0036789556
      7988.94      0.84800181    0.0036532928
      7996.93      0.84719018    0.0036456549
      8004.93      0.84613790    0.0036400877
      8012.93      0.84786890    0.0036177960
      8020.95      0.84900160    0.0036158416
      8028.97      0.84731106    0.0036005736
      8036.99      0.84826068    0.0035891629
      8045.03      0.84845800    0.0036023994
      8053.08      0.84945599    0.0036143371
      8061.13      0.84666000    0.0036371039
      8069.20      0.84763054    0.0036324718
      8077.26      0.84960946    0.0036440284
      8085.34      0.84912922    0.0036393042
      8093.43      0.84919595    0.0036536134
      8101.52      0.84906552    0.0036474953
      8109.62      0.84791331    0.0036370195
      8117.73      0.84696535    0.0036386433
      8125.85      0.84722407    0.0036204712
      8133.98      0.84728220    0.0036157683
      8142.11      0.85034333    0.0036064782
      8150.25      0.85022501    0.0035947938
      8158.41      0.85050607    0.0035678647
      8166.56      0.84706348    0.0035541345
      8174.73      0.84614374    0.0035265719
      8182.91      0.84560077    0.0035105127
      8191.09      0.84333717    0.0034828919
      8199.28      0.84259941    0.0034683287
      8207.48      0.84320299    0.0034940739
      8215.69      0.84199449    0.0035519057
      8223.91      0.84095885    0.0036049188
      8232.13      0.83984608    0.0036797465
      8240.36      0.84081332    0.0037764690
      8248.60      0.84080631    0.0038749693
      8256.85      0.84094268    0.0040149760
      8265.11      0.84286877    0.0042124405
      8273.37      0.84251099    0.0044465554
      8281.65      0.84311795    0.0047118995
      8289.93      0.84393528    0.0050965234
      8298.22      0.84672703    0.0056755396
      8306.52      0.84868070    0.0063585028
      8314.83      0.85203963    0.0071444333
      8323.14      0.85570938    0.0083029516
      8331.46      0.85998536    0.0098974362
      8339.80      0.86213565     0.011655670
