# starting wavelength =        3319.7500
# ending wavelength =        6431.0400
# O2 telluric scale =        0
# O2 telluric shift =        0
# H2O telluric scale =        0
# H2O telluric shift =        0
      3321.63      0.32738690     0.014705541
      3324.95      0.33359355     0.012767007
      3328.28      0.34225072     0.010970645
      3331.61      0.35149165    0.0093140779
      3334.94      0.36035028    0.0084054242
      3338.27      0.36898479    0.0075273126
      3341.61      0.37678781    0.0067463125
      3344.95      0.38499101    0.0062426643
      3348.30      0.38856973    0.0059141925
      3351.65      0.39411303    0.0055504222
      3355.00      0.40215013    0.0053173341
      3358.35      0.40789427    0.0051467383
      3361.71      0.41153537    0.0049633783
      3365.07      0.41734077    0.0048462779
      3368.44      0.42371763    0.0047405434
      3371.81      0.42761509    0.0046332837
      3375.18      0.43035693    0.0045673735
      3378.56      0.43319769    0.0044909297
      3381.94      0.43784856    0.0044817654
      3385.32      0.43940226    0.0044709330
      3388.70      0.43846576    0.0044601693
      3392.09      0.43972173    0.0044727492
      3395.48      0.44271624    0.0044618517
      3398.88      0.44527533    0.0044714323
      3402.28      0.44750209    0.0044840048
      3405.68      0.45012759    0.0044731323
      3409.09      0.45235002    0.0044623487
      3412.49      0.45413255    0.0044751319
      3415.91      0.45250551    0.0044855641
      3419.32      0.45551415    0.0044747659
      3422.74      0.45680396    0.0044881285
      3426.17      0.45876407    0.0044773596
      3429.59      0.46129435    0.0044666878
      3433.02      0.46061359    0.0045022704
      3436.45      0.46342134    0.0044915098
      3439.89      0.46417908    0.0044808387
      3443.33      0.46672105    0.0044956178
      3446.78      0.46689259    0.0045068146
      3450.22      0.46596905    0.0044961403
      3453.67      0.46702357    0.0045112512
      3457.13      0.46525837    0.0045005116
      3460.58      0.46481346    0.0045126063
      3464.04      0.46434484    0.0045019590
      3467.51      0.46542086    0.0045174180
      3470.98      0.46249415    0.0045067140
      3474.45      0.46270606    0.0045196956
      3477.92      0.46099211    0.0045355824
      3481.40      0.45727953    0.0045249696
      3484.88      0.45281382    0.0045386363
      3488.37      0.45092311    0.0045551947
      3491.86      0.44707868    0.0045444659
      3495.35      0.44052360    0.0045338532
      3498.84      0.44056026    0.0045482004
      3502.34      0.43944348    0.0045654730
      3505.84      0.43776767    0.0045547850
      3509.35      0.43323091    0.0045698236
      3512.86      0.43104633    0.0045879684
      3516.37      0.42842677    0.0045773815
      3519.89      0.42355629    0.0045928596
      3523.41      0.42130002    0.0045822186
      3526.93      0.41930768    0.0046015112
      3530.46      0.41917793    0.0046175873
      3533.99      0.41690426    0.0046068866
      3537.53      0.41807502    0.0045961950
      3541.06      0.41760450    0.0046439357
      3544.60      0.41929542    0.0046332211
      3548.15      0.41971986    0.0046224847
      3551.70      0.41980367    0.0046407372
      3555.25      0.42294968    0.0046613208
      3558.80      0.42643436    0.0046805934
      3562.36      0.42683344    0.0046698549
      3565.92      0.42977997    0.0046915299
      3569.49      0.42831927    0.0047118944
      3573.06      0.43090629    0.0047012166
      3576.64      0.43363166    0.0046906273
      3580.21      0.43402514    0.0047113940
      3583.79      0.43435818    0.0047349580
      3587.38      0.43826204    0.0047561630
      3590.96      0.43919985    0.0047451920
      3594.55      0.44116226    0.0047343483
      3598.15      0.44206862    0.0047925919
      3601.75      0.44003841    0.0047816740
      3605.35      0.44162452    0.0048055773
      3608.96      0.43873561    0.0047948299
      3612.56      0.43781666    0.0048572296
      3616.18      0.43820372    0.0048465805
      3619.79      0.43787438    0.0048358807
      3623.41      0.43795013    0.0048608395
      3627.04      0.43643788    0.0048496704
      3630.66      0.43434703    0.0049161247
      3634.29      0.43562562    0.0048653747
      3637.93      0.43190346    0.0048546115
      3641.57      0.43038030    0.0048439185
      3645.21      0.42889204    0.0048335080
      3648.86      0.42902989    0.0048230806
      3652.50      0.43119741    0.0048129044
      3656.16      0.43301492    0.0047990579
      3659.81      0.43975606    0.0047882859
      3663.47      0.44604561    0.0047777219
      3667.14      0.44926333    0.0047672731
      3670.80      0.45055541    0.0047571398
      3674.48      0.45094235    0.0047471543
      3678.15      0.45504026    0.0046973819
      3681.83      0.46004970    0.0046869131
      3685.51      0.46752266    0.0047131756
      3689.20      0.47164319    0.0047030622
      3692.88      0.47621041    0.0046931125
      3696.58      0.48345351    0.0046448121
      3700.27      0.48812437    0.0046344160
      3703.98      0.49187366    0.0046241824
      3707.68      0.49709564    0.0046142283
      3711.39      0.50250662    0.0046037581
      3715.10      0.50649691    0.0045931789
      3718.81      0.51019193    0.0045828650
      3722.53      0.51692241    0.0045727555
      3726.26      0.52418171    0.0045629653
      3729.98      0.53087594    0.0045526828
      3733.71      0.53246999    0.0045423102
      3737.45      0.53531018    0.0045321682
      3741.18      0.53682873    0.0045223490
      3744.93      0.54088640    0.0044775728
      3748.67      0.54797342    0.0044684078
      3752.42      0.55656748    0.0044923026
      3756.17      0.55851032    0.0044825136
      3759.93      0.56424127    0.0044381700
      3763.69      0.57224347    0.0044291668
      3767.45      0.57830543    0.0044204414
      3771.22      0.58570561    0.0044087078
      3774.99      0.59360220    0.0043994149
      3778.77      0.59945590    0.0043905488
      3782.54      0.60402138    0.0043819858
      3786.33      0.60747858    0.0043704182
      3790.11      0.61415137    0.0043613962
      3793.90      0.62036406    0.0043527153
      3797.70      0.62539053    0.0043096002
      3801.50      0.62907264    0.0043003194
      3805.30      0.63286046    0.0043241392
      3809.10      0.63592312    0.0043157535
      3812.91      0.64027356    0.0042726249
      3816.73      0.64561077    0.0042638224
      3820.54      0.65110701    0.0042875888
      3824.36      0.65565909    0.0042454462
      3828.19      0.65685001    0.0042364522
      3832.02      0.66303749    0.0042279410
      3835.85      0.67000501    0.0042187378
      3839.68      0.67359347    0.0042096328
      3843.52      0.67868838    0.0042011407
      3847.37      0.68080702    0.0041922390
      3851.22      0.68128394    0.0041831716
      3855.07      0.68448648    0.0041746806
      3858.92      0.69037231    0.0041349688
      3862.78      0.69822187    0.0041570485
      3866.64      0.70613962    0.0041170386
      3870.51      0.71137044    0.0041091849
      3874.38      0.71393995    0.0041312736
      3878.26      0.71783578    0.0040915517
      3882.13      0.72185645    0.0040838846
      3886.02      0.72555538    0.0040767154
      3889.90      0.72800033    0.0040664850
      3893.79      0.73245275    0.0040589835
      3897.69      0.73629192    0.0040201841
      3901.59      0.73393292    0.0040418121
      3905.49      0.73208569    0.0040344351
      3909.39      0.72906106    0.0039958071
      3913.30      0.72462785    0.0040174991
      3917.22      0.72275615    0.0040103749
      3921.13      0.72028896    0.0039718030
      3925.06      0.71736701    0.0039935495
      3928.98      0.72036701    0.0039558475
      3932.91      0.71994453    0.0039481732
      3936.84      0.72002443    0.0039403644
      3940.78      0.71990057    0.0039323413
      3944.72      0.71680986    0.0039250209
      3948.67      0.71421768    0.0039169036
      3952.61      0.71170312    0.0039092891
      3956.57      0.71628478    0.0039018672
      3960.52      0.71841224    0.0038939557
      3964.48      0.71811446    0.0038583183
      3968.45      0.71882193    0.0038789294
      3972.42      0.71965938    0.0038715754
      3976.39      0.71321804    0.0038365681
      3980.37      0.70959655    0.0038564740
      3984.35      0.70652993    0.0038214233
      3988.33      0.70538190    0.0038417183
      3992.32      0.70407506    0.0038066433
      3996.31      0.70215417    0.0038005601
      4000.31      0.70307042    0.0037920426
      4004.31      0.70272375    0.0037858599
      4008.31      0.70018087    0.0037777256
      4012.32      0.69718880    0.0037714459
      4016.33      0.69378439    0.0037636356
      4020.35      0.69194008    0.0037571805
      4024.37      0.69157464    0.0037230119
      4028.40      0.69026057    0.0037432109
      4032.42      0.69391805    0.0037093320
      4036.46      0.69278745    0.0037293490
      4040.50      0.68763526    0.0036958132
      4044.54      0.68554769    0.0037157107
      4048.58      0.68491877    0.0036824492
      4052.63      0.68057031    0.0036759231
      4056.68      0.67721722    0.0036692217
      4060.74      0.67658315    0.0036627721
      4064.80      0.68095179    0.0036562122
      4068.86      0.68595009    0.0036497340
      4072.93      0.69475729    0.0036433184
      4077.01      0.70106232    0.0036369018
      4081.08      0.70540470    0.0036304634
      4085.17      0.71012165    0.0036241751
      4089.25      0.71232467    0.0036177613
      4093.34      0.71667339    0.0035859350
      4097.43      0.72492718    0.0036052776
      4101.53      0.72964495    0.0035736401
      4105.63      0.73444348    0.0035929300
      4109.74      0.73705291    0.0035616498
      4113.85      0.73726143    0.0035807173
      4117.96      0.73720916    0.0035497967
      4122.08      0.73921731    0.0035433895
      4126.20      0.74079081    0.0035380699
      4130.33      0.74269123    0.0035316265
      4134.46      0.74339795    0.0035266002
      4138.59      0.74408046    0.0035200010
      4142.73      0.74725078    0.0034898477
      4146.88      0.75095505    0.0035086103
      4151.02      0.75376882    0.0034784127
      4155.18      0.75103921    0.0034975769
      4159.33      0.75119005    0.0034671849
      4163.49      0.75164966    0.0034618875
      4167.65      0.75334087    0.0034563094
      4171.82      0.75965901    0.0034507730
      4175.99      0.76278706    0.0034697830
      4180.17      0.76380067    0.0034399200
      4184.35      0.76635251    0.0034347985
      4188.54      0.76857008    0.0034293503
      4192.72      0.77355303    0.0034239623
      4196.92      0.77578438    0.0033954239
      4201.11      0.78237043    0.0034135277
      4205.31      0.78612604    0.0034085023
      4209.52      0.78899002    0.0033798453
      4213.73      0.78872166    0.0033981642
      4217.94      0.79201671    0.0033701113
      4222.16      0.79256648    0.0033645483
      4226.38      0.79523647    0.0033831963
      4230.61      0.79725563    0.0033551199
      4234.84      0.79837699    0.0033499735
      4239.08      0.79882604    0.0033459620
      4243.32      0.80332897    0.0033405117
      4247.56      0.80662744    0.0033355513
      4251.81      0.80822317    0.0033315215
      4256.06      0.80864042    0.0033263046
      4260.32      0.81079605    0.0032990661
      4264.58      0.81207414    0.0033175755
      4268.84      0.81464256    0.0033124852
      4273.11      0.81849807    0.0032853943
      4277.38      0.82128425    0.0032811137
      4281.66      0.82440204    0.0032990080
      4285.94      0.82497956    0.0032721230
      4290.23      0.82966973    0.0032678743
      4294.52      0.83130647    0.0032858932
      4298.81      0.83838367    0.0032591065
      4303.11      0.84156161    0.0032549327
      4307.42      0.84925505    0.0032510574
      4311.72      0.85745697    0.0032465017
      4316.04      0.86599844    0.0032423168
      4320.35      0.87267581    0.0032383954
      4324.67      0.88049267    0.0032126481
      4329.00      0.88809261    0.0032300691
      4333.33      0.89668980    0.0032261433
      4337.66      0.90906581    0.0032009568
      4342.00      0.92172226    0.0031967892
      4346.34      0.93740746    0.0031928575
      4350.69      0.94978922    0.0031897774
      4355.04      0.96479803    0.0031855798
      4359.39      0.97819042    0.0031815597
      4363.75      0.98871547    0.0031777872
      4368.12      0.99904356    0.0031748269
      4372.48       1.0116365    0.0031707713
      4376.86       1.0231768    0.0031669181
      4381.23       1.0375045    0.0031422933
      4385.61       1.0454512    0.0031388939
      4390.00       1.0514777    0.0031566434
      4394.39       1.0529276    0.0031529199
      4398.79       1.0514154    0.0031285010
      4403.18       1.0482592    0.0031251585
      4407.59       1.0454294    0.0031219074
      4412.00       1.0425697    0.0031189058
      4416.41       1.0420246    0.0031152414
      4420.82       1.0381675    0.0031119133
      4425.25       1.0414206    0.0031087853
      4429.67       1.0443298    0.0031057883
      4434.10       1.0453739    0.0031029074
      4438.54       1.0499262    0.0030794074
      4442.97       1.0559873    0.0030763209
      4447.42       1.0607418    0.0030933301
      4451.86       1.0666149    0.0030904199
      4456.32       1.0740362    0.0030678688
      4460.77       1.0859294    0.0030647287
      4465.24       1.0921923    0.0030616944
      4469.70       1.0959706    0.0030588529
      4474.17       1.0968454    0.0030560443
      4478.65       1.0973475    0.0030335786
      4483.12       1.0976491    0.0030511318
      4487.61       1.0992702    0.0030482072
      4492.09       1.0956096    0.0030454103
      4496.59       1.0906588    0.0030426961
      4501.08       1.0867463    0.0030401016
      4505.58       1.0829529    0.0030178195
      4510.09       1.0836199    0.0030153401
      4514.60       1.0805950    0.0030130068
      4519.12       1.0810335    0.0030106468
      4523.63       1.0806296    0.0030084227
      4528.16       1.0820380    0.0030062485
      4532.69       1.0803100    0.0030041163
      4537.22       1.0792622    0.0030010955
      4541.76       1.0819549    0.0029988187
      4546.30       1.0821173    0.0029966039
      4550.85       1.0812520    0.0029944012
      4555.40       1.0817350    0.0029922811
      4559.95       1.0822310    0.0029902800
      4564.51       1.0792848    0.0029882251
      4569.08       1.0754395    0.0029862506
      4573.65       1.0733860    0.0029655692
      4578.22       1.0686822    0.0029635158
      4582.80       1.0649313    0.0029615266
      4587.38       1.0587855    0.0029595715
      4591.97       1.0541066    0.0029576489
      4596.56       1.0508248    0.0029557812
      4601.16       1.0456594    0.0029539381
      4605.76       1.0414658    0.0029521927
      4610.37       1.0355657    0.0029504299
      4614.98       1.0311587    0.0029487086
      4619.59       1.0257612    0.0029470533
      4624.21       1.0218583    0.0029266875
      4628.84       1.0156429    0.0029251140
      4633.47       1.0076421    0.0029235637
      4638.10       1.0031517    0.0029220387
      4642.74      0.99499922    0.0029205412
      4647.38      0.98822544    0.0029190524
      4652.03      0.97913006    0.0029176512
      4656.68      0.97260636    0.0029162299
      4661.34      0.96848126    0.0029148456
      4666.00      0.96424908    0.0029135003
      4670.67      0.95806359    0.0029121740
      4675.33      0.95282457    0.0028931861
      4680.01      0.94907196    0.0028919734
      4684.69      0.94562492    0.0028907473
      4689.38      0.94018177    0.0028895765
      4694.07      0.93552306    0.0028884623
      4698.76      0.93151974    0.0028873726
      4703.46      0.92606851    0.0028863093
      4708.16      0.92157474    0.0028852722
      4712.87      0.91788681    0.0028843060
      4717.58      0.91158750    0.0028833392
      4722.30      0.90487402    0.0028824272
      4727.03      0.89978416    0.0028815686
      4731.75      0.89173765    0.0028629077
      4736.48      0.88441878    0.0028619774
      4741.22      0.87671867    0.0028610369
      4745.96      0.87100907    0.0028602143
      4750.71      0.86754920    0.0028594249
      4755.46      0.86460938    0.0028586516
      4760.22      0.86290552    0.0028579211
      4764.97      0.86215192    0.0028572827
      4769.74      0.86038913    0.0028575133
      4774.51      0.85968430    0.0028566980
      4779.29      0.86051656    0.0028559072
      4784.07      0.86280831    0.0028551996
      4788.85      0.86662926    0.0028545811
      4793.64      0.86781852    0.0028539697
      4798.43      0.86997754    0.0028365618
      4803.23      0.87458382    0.0028361239
      4808.03      0.87910794    0.0028357510
      4812.84      0.87919986    0.0028353923
      4817.66      0.88192439    0.0028351443
      4822.48      0.88187668    0.0028350023
      4827.30      0.88120018    0.0028346297
      4832.12      0.88224431    0.0028342478
      4836.96      0.88343210    0.0028339626
      4841.79      0.88207310    0.0028338225
      4846.63      0.88222570    0.0028337116
      4851.48      0.88124513    0.0028165306
      4856.33      0.88102614    0.0028162325
      4861.19      0.87915082    0.0028160759
      4866.05      0.87972568    0.0028333074
      4870.92      0.87951754    0.0028167252
      4875.79      0.87973022    0.0028164178
      4880.66      0.87949116    0.0028162404
      4885.55      0.87718290    0.0028161438
      4890.43      0.87795260    0.0027999259
      4895.32      0.88100498    0.0028170473
      4900.22      0.88341916    0.0028168494
      4905.12      0.88468147    0.0028167950
      4910.02      0.88772319    0.0028006412
      4914.94      0.89277431    0.0028008160
      4919.85      0.89941418    0.0028011427
      4924.77      0.90469693    0.0028178916
      4929.70      0.90999853    0.0028017547
      4934.62      0.91665192    0.0028019765
      4939.56      0.92733634    0.0028024026
      4944.50      0.93671949    0.0027863235
      4949.44      0.94721045    0.0028033019
      4954.39      0.95878447    0.0028036017
      4959.35      0.96895281    0.0028041167
      4964.31      0.97989328    0.0027880369
      4969.27      0.98984099    0.0028051711
      4974.24       1.0002189    0.0028056274
      4979.22       1.0103857    0.0027898943
      4984.20       1.0205793    0.0027901892
      4989.18       1.0312125    0.0027906520
      4994.17       1.0409428    0.0027920004
      4999.16       1.0498348    0.0027922232
      5004.16       1.0590116    0.0027927003
      5009.17       1.0679698    0.0027942212
      5014.18       1.0741105    0.0027944965
      5019.19       1.0782109    0.0027949399
      5024.21       1.0853214    0.0027799898
      5029.23       1.0924905    0.0027969225
      5034.26       1.0989887    0.0027817540
      5039.30       1.1025325    0.0027825013
      5044.34       1.1094064    0.0027834856
      5049.39       1.1143319    0.0027843994
      5054.43       1.1187432    0.0027851951
      5059.49       1.1228356    0.0027702249
      5064.55       1.1258420    0.0027872557
      5069.61       1.1313722    0.0027881836
      5074.68       1.1370263    0.0027731659
      5079.76       1.1426470    0.0027902818
      5084.84       1.1509371    0.0027756217
      5089.92       1.1576918    0.0027762518
      5095.01       1.1647806    0.0027935406
      5100.11       1.1745560    0.0027787236
      5105.21       1.1820437    0.0027794826
      5110.31       1.1913376    0.0027813983
      5115.42       1.2011795    0.0027820539
      5120.54       1.2131543    0.0027678053
      5125.66       1.2231776    0.0027847080
      5130.79       1.2329115    0.0027855549
      5135.92       1.2419813    0.0027875435
      5141.05       1.2536271    0.0027883015
      5146.20       1.2637082    0.0027741787
      5151.34       1.2721463    0.0027911026
      5156.49       1.2803316    0.0027769058
      5161.65       1.2896211    0.0027783197
      5166.81       1.2976217    0.0027797824
      5171.98       1.3049717    0.0027810666
      5177.15       1.3102808    0.0027826891
      5182.33       1.3161945    0.0027839558
      5187.51       1.3190758    0.0027696939
      5192.70       1.3212437    0.0027869848
      5197.89       1.3244931    0.0027727445
      5203.09       1.3236448    0.0027900170
      5208.29       1.3260010    0.0027758791
      5213.50       1.3248836    0.0027931674
      5218.72       1.3248741    0.0027790820
      5223.93       1.3234438    0.0027963924
      5229.16       1.3216968    0.0027823015
      5234.39       1.3198123    0.0027687378
      5239.62       1.3175114    0.0027856030
      5244.86       1.3173547    0.0027720410
      5250.11       1.3161399    0.0027889660
      5255.36       1.3166013    0.0027754033
      5260.61       1.3177543    0.0027923199
      5265.87       1.3182238    0.0027788750
      5271.14       1.3174199    0.0027809258
      5276.41       1.3171161    0.0027823656
      5281.69       1.3180656    0.0027844012
      5286.97       1.3175908    0.0027859599
      5292.26       1.3197900    0.0027879532
      5297.55       1.3205026    0.0027896538
      5302.85       1.3209449    0.0027915591
      5308.15       1.3222404    0.0027780528
      5313.46       1.3229597    0.0027952465
      5318.77       1.3229859    0.0027816550
      5324.09       1.3215226    0.0027841649
      5329.42       1.3190736    0.0027853175
      5334.75       1.3146014    0.0027877327
      5340.08       1.3102796    0.0028049415
      5345.42       1.3084291    0.0027913886
      5350.77       1.3031249    0.0027939867
      5356.12       1.2981572    0.0027951402
      5361.48       1.2918468    0.0027975782
      5366.83       1.2834546    0.0027844292
      5372.20       1.2739537    0.0028013362
      5377.58       1.2667579    0.0027884688
      5382.95       1.2574364    0.0027906381
      5388.34       1.2475469    0.0028076381
      5393.72       1.2376514    0.0027946235
      5399.12       1.2285765    0.0027968862
      5404.52       1.2189699    0.0027988362
      5409.92       1.2098223    0.0028009493
      5415.33       1.2010145    0.0028032625
      5420.75       1.1895119    0.0027902733
      5426.17       1.1799418    0.0028073331
      5431.60       1.1691241    0.0027941354
      5437.03       1.1581320    0.0027966684
      5442.47       1.1484629    0.0028138146
      5447.91       1.1404963    0.0028006012
      5453.36       1.1319357    0.0028031105
      5458.81       1.1248620    0.0028057934
      5464.27       1.1175169    0.0028070782
      5469.73       1.1107825    0.0028095798
      5475.20       1.1044713    0.0028122247
      5480.68       1.0991943    0.0027994021
      5486.16       1.0939711    0.0028161249
      5491.65       1.0892980    0.0028187073
      5497.14       1.0817880    0.0028060163
      5502.64       1.0788511    0.0028386474
      5508.14       1.0734350    0.0028816542
      5513.65       1.0699582    0.0028282762
      5519.16       1.0644558    0.0028158023
      5524.68       1.0579109    0.0028363441
      5530.20       1.0532005    0.0028737929
      5535.73       1.0489804    0.0029049022
      5541.27       1.0437039    0.0029601277
      5546.81       1.0374757    0.0030009517
      5552.36       1.0341042    0.0030156607
      5557.91       1.0296478    0.0030320408
      5563.47       1.0263005    0.0030260076
      5569.04       1.0213561    0.0030255000
      5574.60       1.0169868    0.0029754868
      5580.18       1.0143539    0.0029375915
      5585.76       1.0129512    0.0028976635
      5591.35       1.0102523    0.0028623908
      5596.94       1.0060888    0.0028257147
      5602.53       1.0020490    0.0028215807
      5608.14       1.0022061    0.0028737461
      5613.75       1.0014371    0.0029072114
      5619.36       1.0002589    0.0028273825
      5624.98      0.99977924    0.0028297304
      5630.60       1.0004366    0.0028321184
      5636.23       1.0029124    0.0028345469
      5641.87       1.0070984    0.0028370455
      5647.51       1.0109261    0.0028244768
      5653.16       1.0147277    0.0028269933
      5658.82       1.0221565    0.0028295297
      5664.47       1.0288425    0.0028462167
      5670.14       1.0372885    0.0028486135
      5675.81       1.0466247    0.0028510329
      5681.48       1.0575344    0.0028383308
      5687.17       1.0698598    0.0028407746
      5692.85       1.0837851    0.0028432283
      5698.55       1.0946958    0.0028456645
      5704.25       1.1090042    0.0028481380
      5709.95       1.1223378    0.0028506270
      5715.66       1.1345158    0.0028531133
      5721.38       1.1484143    0.0028406554
      5727.10       1.1608925    0.0028430159
      5732.83       1.1686542    0.0028453733
      5738.56       1.1758941    0.0028477287
      5744.30       1.1817999    0.0028500585
      5750.04       1.1862520    0.0028524146
      5755.79       1.1897757    0.0028547930
      5761.55       1.1917216    0.0028571381
      5767.31       1.1940770    0.0028594821
      5773.08       1.1967745    0.0028469831
      5778.85       1.1995592    0.0028494346
      5784.63       1.2053310    0.0028520839
      5790.41       1.2096995    0.0028547445
      5796.21       1.2144251    0.0028572681
      5802.00       1.2147547    0.0028598477
      5807.81       1.2136704    0.0028626602
      5813.61       1.2116627    0.0028661398
      5819.43       1.2068728    0.0028704930
      5825.25       1.2023969    0.0028752634
      5831.07       1.1955996    0.0028800528
      5836.90       1.1852881    0.0028850707
      5842.74       1.1721519    0.0028904702
      5848.58       1.1631460    0.0028955142
      5854.43       1.1513437    0.0028855359
      5860.29       1.1392085    0.0028887260
      5866.15       1.1266740    0.0028914933
      5872.01       1.1152810    0.0028938264
      5877.89       1.1050924    0.0028956122
      5883.76       1.0979376    0.0028970708
      5889.65       1.0915744    0.0028985898
      5895.54       1.0866757    0.0029002875
      5901.43       1.0820126    0.0029019595
      5907.34       1.0780282    0.0028892009
      5913.24       1.0730819    0.0028899704
      5919.16       1.0706091    0.0028904392
      5925.08       1.0673377    0.0028908174
      5931.00       1.0642234    0.0028912907
      5936.93       1.0630989    0.0028914352
      5942.87       1.0612259    0.0028911929
      5948.81       1.0630652    0.0028775924
      5954.76       1.0645932    0.0028783379
      5960.72       1.0660581    0.0028791784
      5966.68       1.0660145    0.0028796479
      5972.64       1.0656844    0.0028942299
      5978.62       1.0626150    0.0028815208
      5984.60       1.0599504    0.0028827553
      5990.58       1.0563448    0.0028841308
      5996.57       1.0541326    0.0028856278
      6002.57       1.0495255    0.0028872940
      6008.57       1.0457884    0.0028752273
      6014.58       1.0437634    0.0028767234
      6020.60       1.0402900    0.0028782693
      6026.62       1.0371014    0.0028942672
      6032.65       1.0311591    0.0028824750
      6038.68       1.0249423    0.0028839377
      6044.72       1.0171369    0.0028854099
      6050.76       1.0110718    0.0028869147
      6056.81       1.0055918    0.0028750812
      6062.87      0.99881456    0.0028766740
      6068.93      0.99219934    0.0028922614
      6075.00      0.98762757    0.0028936179
      6081.08      0.98157836    0.0028816370
      6087.16      0.97591937    0.0028830885
      6093.25      0.96885459    0.0028845930
      6099.34      0.96585109    0.0028861655
      6105.44      0.96515790    0.0028877576
      6111.54      0.96655836    0.0028891180
      6117.66      0.96537830    0.0028905514
      6123.78      0.96638499    0.0028782211
      6129.90      0.96793148    0.0028398730
      6136.03      0.96971494    0.0028154156
      6142.17      0.97166960    0.0027916648
      6148.31      0.97573617    0.0027564397
      6154.46      0.97830560    0.0027461709
      6160.61      0.98023975    0.0027140096
      6166.77      0.98839187    0.0026940689
      6172.94      0.99575296    0.0026626695
      6179.11       1.0025035    0.0026425445
      6185.29       1.0105445    0.0026342523
      6191.48       1.0195182    0.0026072747
      6197.67       1.0280907    0.0025914960
      6203.87       1.0351605    0.0026161341
      6210.07       1.0426582    0.0026348041
      6216.28       1.0478703    0.0025475679
      6222.50       1.0539361    0.0025273822
      6228.72       1.0605992    0.0025185894
      6234.95       1.0680472    0.0025284654
      6241.19       1.0752374    0.0025364749
      6247.42       1.0824499    0.0025572771
      6253.67       1.0885860    0.0025620816
      6259.93       1.0935470    0.0025679003
      6266.19       1.0992741    0.0025587027
      6272.46       1.1021028    0.0025633561
      6278.73       1.1039800    0.0025413920
      6285.01       1.1021799    0.0025113784
      6291.29       1.0987697    0.0024854138
      6297.58       1.0948139    0.0024498115
      6303.88       1.0917032    0.0024253280
      6310.19       1.0873319    0.0023869847
      6316.50       1.0833749    0.0023471048
      6322.81       1.0797364    0.0023166504
      6329.14       1.0771398    0.0023076068
      6335.47       1.0771058    0.0023225093
      6341.80       1.0767928    0.0023420906
      6348.14       1.0745015    0.0023678248
      6354.49       1.0728226    0.0023997467
      6360.85       1.0713324    0.0024454231
      6367.21       1.0705639    0.0025086804
      6373.57       1.0705230    0.0025970655
      6379.95       1.0687036    0.0027381751
      6386.33       1.0678140    0.0029267957
      6392.72       1.0675629    0.0032104891
      6399.11       1.0677998    0.0036695530
      6405.51       1.0740181    0.0041495217
      6411.92       1.0814125    0.0047502563
      6418.32       1.0906758    0.0054259146
      6424.74       1.1018195    0.0064578503
