# starting wavelength =        3183.7000
# ending wavelength =        8340.4300
# O2 telluric scale =        0
# O2 telluric shift =        0
# H2O telluric scale =        0
# H2O telluric shift =        0
      3185.07      0.66063546    0.0086534812
      3188.26      0.65044706    0.0073157328
      3191.45      0.64249977    0.0060309654
      3194.64      0.63622183    0.0052650640
      3197.83      0.63149492    0.0048430585
      3201.03      0.62859293    0.0043441285
      3204.23      0.62713513    0.0039588379
      3207.44      0.62566809    0.0035647307
      3210.64      0.62531889    0.0033510232
      3213.85      0.62539862    0.0032297506
      3217.07      0.62540699    0.0030855080
      3220.28      0.62636003    0.0029474104
      3223.51      0.62921700    0.0028594664
      3226.73      0.63260540    0.0027848648
      3229.96      0.63558031    0.0027437868
      3233.19      0.63876264    0.0026859149
      3236.42      0.64153366    0.0026462979
      3239.66      0.64465679    0.0026030589
      3242.90      0.64766435    0.0025639819
      3246.14      0.65175720    0.0025684539
      3249.39      0.65685777    0.0025776659
      3252.64      0.66109902    0.0026051198
      3255.89      0.66703307    0.0026151018
      3259.14      0.67386313    0.0026008482
      3262.40      0.67994073    0.0026283295
      3265.67      0.68606603    0.0026382002
      3268.93      0.68986506    0.0026666632
      3272.20      0.69357414    0.0026513500
      3275.47      0.69787984    0.0026610296
      3278.75      0.70311346    0.0026897632
      3282.03      0.70830887    0.0026990259
      3285.31      0.71173572    0.0026836331
      3288.60      0.71616265    0.0027126873
      3291.88      0.72021445    0.0027217684
      3295.18      0.72528642    0.0027508806
      3298.47      0.73002208    0.0027354559
      3301.77      0.73551789    0.0027443061
      3305.07      0.74230396    0.0027734106
      3308.38      0.74976418    0.0027829851
      3311.69      0.75632682    0.0027929027
      3315.00      0.76326318    0.0027957271
      3318.31      0.77179375    0.0028050668
      3321.63      0.77998924    0.0028359579
      3324.95      0.78870727    0.0028447463
      3328.28      0.79851569    0.0028538925
      3331.61      0.80727511    0.0028584401
      3334.94      0.81759626    0.0028669886
      3338.27      0.82845582    0.0028758902
      3341.61      0.83855609    0.0029068662
      3344.95      0.84918284    0.0029164252
      3348.30      0.85867267    0.0028977079
      3351.65      0.86813745    0.0029285159
      3355.00      0.87752798    0.0029377593
      3358.35      0.88820305    0.0029473630
      3361.71      0.89784950    0.0029791069
      3365.07      0.90755623    0.0029880836
      3368.44      0.91637761    0.0029925729
      3371.81      0.92564137    0.0030008739
      3375.18      0.93154993    0.0030094783
      3378.56      0.93624235    0.0030421707
      3381.94      0.94246651    0.0030514725
      3385.32      0.94812690    0.0030308878
      3388.70      0.95326773    0.0030634223
      3392.09      0.95810167    0.0030722985
      3395.48      0.96191294    0.0030815204
      3398.88      0.96632297    0.0031158535
      3402.28      0.96967017    0.0031243659
      3405.68      0.97247177    0.0031331779
      3409.09      0.97570606    0.0031374851
      3412.49      0.97759982    0.0031455595
      3415.91      0.97880774    0.0031539788
      3419.32      0.97953016    0.0031886861
      3422.74      0.98024040    0.0031977074
      3426.17      0.98248767    0.0032070346
      3429.59      0.98169450    0.0032428234
      3433.02      0.98053249    0.0032178723
      3436.45      0.97925548    0.0032266482
      3439.89      0.97740787    0.0032357095
      3443.33      0.97570173    0.0032720560
      3446.78      0.97441345    0.0032804490
      3450.22      0.97176642    0.0032890649
      3453.67      0.96820397    0.0033262983
      3457.13      0.96438232    0.0033010714
      3460.58      0.96034810    0.0033090426
      3464.04      0.95706229    0.0033458870
      3467.51      0.95242889    0.0033545395
      3470.98      0.94681016    0.0033634577
      3474.45      0.94230525    0.0034024290
      3477.92      0.93753612    0.0034105409
      3481.40      0.93381337    0.0034189060
      3484.88      0.92874040    0.0034274600
      3488.37      0.92589085    0.0034311288
      3491.86      0.92375766    0.0034388379
      3495.35      0.92101249    0.0034467378
      3498.84      0.91765253    0.0034860478
      3502.34      0.91600852    0.0034945534
      3505.84      0.91592447    0.0035033088
      3509.35      0.91530466    0.0035450006
      3512.86      0.91463013    0.0035528434
      3516.37      0.91446016    0.0035610108
      3519.89      0.91517847    0.0035693542
      3523.41      0.91565807    0.0036116591
      3526.93      0.91471837    0.0035808339
      3530.46      0.91660908    0.0035884432
      3533.99      0.91834073    0.0036301125
      3537.53      0.92103456    0.0036382112
      3541.06      0.92419641    0.0036465434
      3544.60      0.92816666    0.0036551890
      3548.15      0.93199174    0.0036999251
      3551.70      0.93769180    0.0037075374
      3555.25      0.94395331    0.0037153853
      3558.80      0.94924623    0.0037233719
      3562.36      0.95207159    0.0037683370
      3565.92      0.95600060    0.0037769273
      3569.49      0.95743161    0.0037857359
      3573.06      0.95873149    0.0037947520
      3576.64      0.95772670    0.0038401500
      3580.21      0.95540530    0.0038481643
      3583.79      0.94946159    0.0038103031
      3587.38      0.94237391    0.0038185253
      3590.96      0.93529697    0.0038674526
      3594.55      0.92549729    0.0038746435
      3598.15      0.91362925    0.0038819942
      3601.75      0.90005809    0.0038896407
      3605.35      0.88557034    0.0039376012
      3608.96      0.86916722    0.0039456090
      3612.56      0.85139301    0.0039538113
      3616.18      0.83493918    0.0039620900
      3619.79      0.81755561    0.0040134418
      3623.41      0.80035954    0.0040207301
      3627.04      0.78349424    0.0040281844
      3630.66      0.76829227    0.0040358116
      3634.29      0.75416585    0.0040872891
      3637.93      0.73856389    0.0040953549
      3641.57      0.72334659    0.0041034630
      3645.21      0.70773188    0.0041115931
      3648.86      0.69318442    0.0041669124
      3652.50      0.67768030    0.0041741576
      3656.16      0.66317942    0.0041814282
      3659.81      0.64911950    0.0041888466
      3663.47      0.63624385    0.0042442154
      3667.14      0.62377501    0.0042519732
      3670.80      0.61183321    0.0042597741
      3674.48      0.60232642    0.0042676939
      3678.15      0.59389624    0.0042759025
      3681.83      0.58835252    0.0043360255
      3685.51      0.58171294    0.0043429151
      3689.20      0.57677415    0.0043500927
      3692.88      0.57226858    0.0043572370
      3696.58      0.57064992    0.0043643377
      3700.27      0.56920984    0.0044241499
      3703.98      0.57049409    0.0044317398
      3707.68      0.57335182    0.0044394458
      3711.39      0.57580235    0.0044472098
      3715.10      0.57965558    0.0044550919
      3718.81      0.58482976    0.0044628678
      3722.53      0.59009732    0.0044707091
      3726.26      0.59528557    0.0044167824
      3729.98      0.60128280    0.0044233721
      3733.71      0.60885989    0.0044300715
      3737.45      0.61848891    0.0044368946
      3741.18      0.62915783    0.0044437666
      3744.93      0.64121886    0.0044505175
      3748.67      0.65589662    0.0044574626
      3752.42      0.67135367    0.0044642603
      3756.17      0.68815553    0.0044710837
      3759.93      0.71007095    0.0045319986
      3763.69      0.73458932    0.0045390622
      3767.45      0.76344775    0.0045461456
      3771.22      0.79393601    0.0044941375
      3774.99      0.82954081    0.0045002249
      3778.77      0.86759524    0.0045061719
      3782.54      0.90915543    0.0045122471
      3786.33      0.95374674    0.0045184264
      3790.11       1.0025303    0.0045244994
      3793.90       1.0518701    0.0045306230
      3797.70       1.1017923    0.0045369158
      3801.50       1.1527952    0.0045430568
      3805.30       1.2043377    0.0045490516
      3809.10       1.2560703    0.0045552004
      3812.91       1.3063791    0.0045611823
      3816.73       1.3546219    0.0045671696
      3820.54       1.4003293    0.0045732080
      3824.36       1.4471963    0.0045793752
      3828.19       1.4838081    0.0045853685
      3832.02       1.5026741    0.0045911912
      3835.85       1.5113555    0.0045349044
      3839.68       1.5154712    0.0045406069
      3843.52       1.5126645    0.0045462831
      3847.37       1.5037566    0.0045520893
      3851.22       1.4882753    0.0045578829
      3855.07       1.4707129    0.0045635267
      3858.92       1.4499351    0.0045691504
      3862.78       1.4278582    0.0045746978
      3866.64       1.4067291    0.0045801215
      3870.51       1.3837850    0.0045855084
      3874.38       1.3592144    0.0045910250
      3878.26       1.3391735    0.0045965267
      3882.13       1.3277807    0.0046018648
      3886.02       1.3237273    0.0046071861
      3889.90       1.3284671    0.0046124296
      3893.79       1.3419331    0.0046175468
      3897.69       1.3481861    0.0046226387
      3901.59       1.3445200    0.0046278581
      3905.49       1.3368920    0.0046330643
      3909.39       1.3340141    0.0046381220
      3913.30       1.3323304    0.0046431688
      3917.22       1.3309824    0.0045950273
      3921.13       1.3313583    0.0045998583
      3925.06       1.3369104    0.0046046802
      3928.98       1.3409029    0.0046095409
      3932.91       1.3408041    0.0046144116
      3936.84       1.3409313    0.0046192704
      3940.78       1.3435398    0.0046241302
      3944.72       1.3429961    0.0046288284
      3948.67       1.3417693    0.0046335229
      3952.61       1.3435409    0.0046382163
      3956.57       1.3461844    0.0046429453
      3960.52       1.3474887    0.0046477217
      3964.48       1.3470012    0.0046525070
      3968.45       1.3407369    0.0046572978
      3972.42       1.3222971    0.0046619659
      3976.39       1.3063355    0.0046666679
      3980.37       1.2895512    0.0046714064
      3984.35       1.2678649    0.0046190331
      3988.33       1.2473935    0.0046230314
      3992.32       1.2272246    0.0046269312
      3996.31       1.2075937    0.0046909947
      4000.31       1.1891848    0.0046950399
      4004.31       1.1676630    0.0046989970
      4008.31       1.1472799    0.0047029807
      4012.32       1.1334427    0.0047070212
      4016.33       1.1248920    0.0047112867
      4020.35       1.1182388    0.0047154528
      4024.37       1.1156552    0.0047197051
      4028.40       1.1165272    0.0046697984
      4032.42       1.1199512    0.0046729085
      4036.46       1.1252765    0.0046759405
      4040.50       1.1318032    0.0046791741
      4044.54       1.1387321    0.0046826223
      4048.58       1.1454151    0.0046860022
      4052.63       1.1510856    0.0046893642
      4056.68       1.1540278    0.0046929778
      4060.74       1.1524208    0.0046965756
      4064.80       1.1502224    0.0047091039
      4068.86       1.1424929    0.0047115476
      4072.93       1.1319992    0.0047139483
      4077.01       1.1193344    0.0047166149
      4081.08       1.1043506    0.0047192932
      4085.17       1.0896904    0.0047219522
      4089.25       1.0763041    0.0047249167
      4093.34       1.0631693    0.0047279065
      4097.43       1.0482460    0.0046792294
      4101.53       1.0364267    0.0046825320
      4105.63       1.0272825    0.0046860179
      4109.74       1.0201350    0.0046896972
      4113.85       1.0141246    0.0047496560
      4117.96       1.0084305    0.0047517666
      4122.08       1.0026513    0.0047542224
      4126.20      0.99672866    0.0047046283
      4130.33      0.99215776    0.0047075807
      4134.46      0.98638128    0.0047106178
      4138.59      0.97884405    0.0047138965
      4142.73      0.97306934    0.0047174131
      4146.88      0.96591154    0.0047210410
      4151.02      0.95786799    0.0047786378
      4155.18      0.95313370    0.0047283399
      4159.33      0.94990681    0.0047308995
      4163.49      0.94873161    0.0047337311
      4167.65      0.94834889    0.0047367268
      4171.82      0.94624004    0.0047400301
      4175.99      0.94350021    0.0046884838
      4180.17      0.94221767    0.0047478360
      4184.35      0.94050899    0.0047500066
      4188.54      0.93673680    0.0047523870
      4192.72      0.93186893    0.0047551368
      4196.92      0.92575037    0.0047582696
      4201.11      0.91634615    0.0047065603
      4205.31      0.90782190    0.0047080966
      4209.52      0.89853955    0.0047676411
      4213.73      0.88531699    0.0047699253
      4217.94      0.87118286    0.0047726267
      4222.16      0.85746275    0.0047220757
      4226.38      0.84552741    0.0047231221
      4230.61      0.83420988    0.0047244581
      4234.84      0.82465552    0.0047262239
      4239.08      0.81704106    0.0047863986
      4243.32      0.81123112    0.0047363333
      4247.56      0.80869205    0.0047369414
      4251.81      0.80641905    0.0047378968
      4256.06      0.80729192    0.0047393279
      4260.32      0.81112311    0.0047412219
      4264.58      0.81900072    0.0047491663
      4268.84      0.82544955    0.0047495242
      4273.11      0.83316781    0.0047502999
      4277.38      0.84217059    0.0047516263
      4281.66      0.85241091    0.0047032355
      4285.94      0.86535027    0.0047607482
      4290.23      0.87729450    0.0047608842
      4294.52      0.88866809    0.0047616023
      4298.81      0.90159269    0.0047124958
      4303.11      0.91558397    0.0047144642
      4307.42      0.92852881    0.0047710375
      4311.72      0.94255084    0.0047711524
      4316.04      0.95559638    0.0047214552
      4320.35      0.97288153    0.0047229033
      4324.67      0.99325236    0.0047251211
      4329.00       1.0167874    0.0047802012
      4333.33       1.0416767    0.0047299566
      4337.66       1.0693808    0.0047310204
      4342.00       1.0993507    0.0047329142
      4346.34       1.1304522    0.0047354159
      4350.69       1.1620237    0.0047377883
      4355.04       1.1974804    0.0047387622
      4359.39       1.2356678    0.0047403825
      4363.75       1.2748894    0.0047428929
      4368.12       1.3193250    0.0047450095
      4372.48       1.3646920    0.0047457563
      4376.86       1.4108238    0.0047474402
      4381.23       1.4576756    0.0046968982
      4385.61       1.4991791    0.0047515409
      4390.00       1.5335002    0.0047524169
      4394.39       1.5651965    0.0047540644
      4398.79       1.5931685    0.0047026624
      4403.18       1.6143210    0.0047574914
      4407.59       1.6283110    0.0047584107
      4412.00       1.6368754    0.0047085993
      4416.41       1.6444464    0.0047080478
      4420.82       1.6482514    0.0047630561
      4425.25       1.6480281    0.0047143400
      4429.67       1.6473090    0.0047131554
      4434.10       1.6468714    0.0047127728
      4438.54       1.6449528    0.0047682420
      4442.97       1.6451022    0.0047180624
      4447.42       1.6427958    0.0047171623
      4451.86       1.6407144    0.0047173284
      4456.32       1.6397000    0.0047227231
      4460.77       1.6321009    0.0047212661
      4465.24       1.6214911    0.0047210120
      4469.70       1.6067134    0.0047270127
      4474.17       1.5886959    0.0047251389
      4478.65       1.5681881    0.0047244344
      4483.12       1.5424019    0.0046767184
      4487.61       1.5093260    0.0047286045
      4492.09       1.4800985    0.0047276059
      4496.59       1.4518310    0.0046794812
      4501.08       1.4247382    0.0047317218
      4505.58       1.4004287    0.0047304150
      4510.09       1.3768971    0.0046820219
      4514.60       1.3597262    0.0046831569
      4519.12       1.3476834    0.0047329051
      4523.63       1.3402581    0.0046843913
      4528.16       1.3347942    0.0046855548
      4532.69       1.3342381    0.0046866652
      4537.22       1.3333834    0.0046864229
      4541.76       1.3328315    0.0046874897
      4546.30       1.3360434    0.0046883779
      4550.85       1.3367306    0.0046882399
      4555.40       1.3358120    0.0046894833
      4559.95       1.3330248    0.0046898331
      4564.51       1.3285628    0.0046897464
      4569.08       1.3206225    0.0046407655
      4573.65       1.3128637    0.0046909147
      4578.22       1.3043045    0.0046911484
      4582.80       1.2965340    0.0046415169
      4587.38       1.2897039    0.0046919171
      4591.97       1.2866970    0.0046924092
      4596.56       1.2884524    0.0046419492
      4601.16       1.2911093    0.0046926404
      4605.76       1.3009576    0.0046437682
      4610.37       1.3101095    0.0046422224
      4614.98       1.3214870    0.0046934243
      4619.59       1.3320549    0.0046435115
      4624.21       1.3368691    0.0046937014
      4628.84       1.3299641    0.0046452019
      4633.47       1.3173242    0.0046430045
      4638.10       1.2946584    0.0046471964
      4642.74       1.2672183    0.0046441258
      4647.38       1.2364507    0.0046426872
      4652.03       1.1965949    0.0046454413
      4656.68       1.1618715    0.0046430245
      4661.34       1.1232091    0.0046470663
      4666.00       1.0949357    0.0046436886
      4670.67       1.0725632    0.0045964731
      4675.33       1.0523833    0.0046446135
      4680.01       1.0418520    0.0046422144
      4684.69       1.0418848    0.0045959173
      4689.38       1.0470712    0.0046423642
      4694.07       1.0624174    0.0045952822
      4698.76       1.0840220    0.0046425676
      4703.46       1.1081238    0.0045948280
      4708.16       1.1331143    0.0045946618
      4712.87       1.1617334    0.0045942847
      4717.58       1.1821453    0.0045935246
      4722.30       1.2009524    0.0046397234
      4727.03       1.2136570    0.0045924784
      4731.75       1.2231406    0.0045930403
      4736.48       1.2303318    0.0045915940
      4741.22       1.2340922    0.0045915922
      4745.96       1.2347402    0.0045905704
      4750.71       1.2325996    0.0045901244
      4755.46       1.2271345    0.0045896369
      4760.22       1.2183418    0.0045886458
      4764.97       1.2063854    0.0045407703
      4769.74       1.1919718    0.0045872554
      4774.51       1.1750913    0.0045396010
      4779.29       1.1549479    0.0045856409
      4784.07       1.1322731    0.0045383275
      4788.85       1.1096649    0.0045840276
      4793.64       1.0876013    0.0045369555
      4798.43       1.0681597    0.0045823707
      4803.23       1.0493773    0.0045354946
      4808.03       1.0313111    0.0045328595
      4812.84       1.0135245    0.0045339071
      4817.66       1.0006998    0.0045310642
      4822.48      0.99085651    0.0045321734
      4827.30      0.98403732    0.0045290304
      4832.12      0.98020603    0.0045301442
      4836.96      0.97911773    0.0045269618
      4841.79      0.98232854    0.0045280328
      4846.63      0.98697590    0.0045248363
      4851.48      0.99377438    0.0045258188
      4856.33       1.0018690    0.0045224682
      4861.19       1.0107637    0.0045233279
      4866.05       1.0176784    0.0045200070
      4870.92       1.0239429    0.0045206706
      4875.79       1.0316795    0.0045174527
      4880.66       1.0401862    0.0045178985
      4885.55       1.0507066    0.0044717780
      4890.43       1.0622598    0.0045150176
      4895.32       1.0745255    0.0044691324
      4900.22       1.0860768    0.0045120603
      4905.12       1.0987486    0.0044663880
      4910.02       1.1098648    0.0045088217
      4914.94       1.1204536    0.0044634593
      4919.85       1.1281669    0.0045055138
      4924.77       1.1320199    0.0044605665
      4929.70       1.1354360    0.0044592428
      4934.62       1.1402631    0.0044576360
      4939.56       1.1402635    0.0044558117
      4944.50       1.1423290    0.0044547285
      4949.44       1.1447013    0.0044525141
      4954.39       1.1485698    0.0044518960
      4959.35       1.1523821    0.0044492403
      4964.31       1.1625138    0.0044038692
      4969.27       1.1739680    0.0044459080
      4974.24       1.1898283    0.0044000200
      4979.22       1.2090832    0.0044426304
      4984.20       1.2325938    0.0044405369
      4989.18       1.2569968    0.0043957581
      4994.17       1.2812547    0.0044367396
      4999.16       1.3052161    0.0043913577
      5004.16       1.3289232    0.0044331845
      5009.17       1.3510079    0.0043871506
      5014.18       1.3715231    0.0043867746
      5019.19       1.3909977    0.0043830643
      5024.21       1.4104828    0.0043819574
      5029.23       1.4307042    0.0043822736
      5034.26       1.4508021    0.0043773421
      5039.30       1.4738245    0.0043769333
      5044.34       1.4974133    0.0043730733
      5049.39       1.5211827    0.0043717980
      5054.43       1.5456020    0.0043286318
      5059.49       1.5697160    0.0043668603
      5064.55       1.5919860    0.0043661723
      5069.61       1.6128686    0.0043221814
      5074.68       1.6331359    0.0043607687
      5079.76       1.6478524    0.0043179522
      5084.84       1.6592248    0.0043155277
      5089.92       1.6651451    0.0043544843
      5095.01       1.6656803    0.0043110067
      5100.11       1.6631420    0.0043490658
      5105.21       1.6579720    0.0043070628
      5110.31       1.6502428    0.0043040053
      5115.42       1.6431610    0.0043421832
      5120.54       1.6382441    0.0042997689
      5125.66       1.6343864    0.0042969511
      5130.79       1.6361728    0.0043351687
      5135.92       1.6429858    0.0042922617
      5141.05       1.6514663    0.0042895202
      5146.20       1.6618927    0.0042468001
      5151.34       1.6736464    0.0042847448
      5156.49       1.6872448    0.0042820169
      5161.65       1.7024593    0.0042392429
      5166.81       1.7202239    0.0042769310
      5171.98       1.7370211    0.0042741874
      5177.15       1.7530954    0.0042315345
      5182.33       1.7690222    0.0042691712
      5187.51       1.7841426    0.0042663156
      5192.70       1.7944177    0.0042235576
      5197.89       1.8026571    0.0042611851
      5203.09       1.8083248    0.0042175552
      5208.29       1.8097842    0.0042153137
      5213.50       1.8098759    0.0042137494
      5218.72       1.8074793    0.0042093319
      5223.93       1.8025950    0.0042068049
      5229.16       1.7975038    0.0042049572
      5234.39       1.7899416    0.0041634899
      5239.62       1.7801410    0.0041981903
      5244.86       1.7682983    0.0041959545
      5250.11       1.7565178    0.0041944127
      5255.36       1.7464707    0.0041893928
      5260.61       1.7377051    0.0041868898
      5265.87       1.7294013    0.0041849528
      5271.14       1.7219612    0.0041432877
      5276.41       1.7170209    0.0041776400
      5281.69       1.7138091    0.0041752669
      5286.97       1.7124268    0.0041346213
      5292.26       1.7112587    0.0041312892
      5297.55       1.7104577    0.0041656788
      5302.85       1.7092721    0.0041261321
      5308.15       1.7090303    0.0041222684
      5313.46       1.7087642    0.0041189549
      5318.77       1.7068916    0.0041161460
      5324.09       1.7039214    0.0041136415
      5329.42       1.6999541    0.0041098309
      5334.75       1.6939042    0.0041064119
      5340.08       1.6847400    0.0041034668
      5345.42       1.6760808    0.0041009997
      5350.77       1.6667233    0.0040971339
      5356.12       1.6555321    0.0040936215
      5361.48       1.6433298    0.0040529999
      5366.83       1.6296842    0.0040502586
      5372.20       1.6145293    0.0040841751
      5377.58       1.6035834    0.0040805079
      5382.95       1.5916275    0.0040398375
      5388.34       1.5740369    0.0040367945
      5393.72       1.5471534    0.0040341099
      5399.12       1.5169464    0.0040672148
      5404.52       1.4800342    0.0040264569
      5409.92       1.4414449    0.0040231779
      5415.33       1.4012772    0.0040201432
      5420.75       1.3613792    0.0040173403
      5426.17       1.3241543    0.0040148536
      5431.60       1.2900178    0.0040093443
      5437.03       1.2565941    0.0040060023
      5442.47       1.2267668    0.0040028609
      5447.91       1.2042907    0.0039999090
      5453.36       1.1882793    0.0039610347
      5458.81       1.1765264    0.0039573336
      5464.27       1.1680176    0.0039883719
      5469.73       1.1663401    0.0039850104
      5475.20       1.1683250    0.0039818030
      5480.68       1.1685027    0.0039435187
      5486.16       1.1698924    0.0039396461
      5491.65       1.1642406    0.0039359183
      5497.14       1.1562626    0.0039323302
      5502.64       1.1492865    0.0039632381
      5508.14       1.1423024    0.0039260314
      5513.65       1.1356686    0.0039219388
      5519.16       1.1303741    0.0039179633
      5524.68       1.1277532    0.0039141003
      5530.20       1.1265032    0.0039103449
      5535.73       1.1280072    0.0039066797
      5541.27       1.1336411    0.0038688270
      5546.81       1.1399927    0.0039001154
      5552.36       1.1487085    0.0038959274
      5557.91       1.1557716    0.0038918127
      5563.47       1.1610840    0.0038878459
      5569.04       1.1647192    0.0038840142
      5574.60       1.1654459    0.0038461073
      5580.18       1.1667894    0.0038424274
      5585.76       1.1667540    0.0038388016
      5591.35       1.1706623    0.0038352690
      5596.94       1.1755990    0.0038318039
      5602.53       1.1819637    0.0038283856
      5608.14       1.1888502    0.0038572270
      5613.75       1.1978862    0.0038193113
      5619.36       1.2067353    0.0038153639
      5624.98       1.2180709    0.0038115425
      5630.60       1.2304910    0.0038077356
      5636.23       1.2445183    0.0038039446
      5641.87       1.2637615    0.0038001612
      5647.51       1.2808753    0.0037964278
      5653.16       1.2986092    0.0037927250
      5658.82       1.3138682    0.0037566517
      5664.47       1.3296301    0.0037525316
      5670.14       1.3447016    0.0037484195
      5675.81       1.3578503    0.0037443395
      5681.48       1.3684833    0.0037403125
      5687.17       1.3800718    0.0037362899
      5692.85       1.3945341    0.0037322671
      5698.55       1.4101838    0.0037282361
      5704.25       1.4250476    0.0037243058
      5709.95       1.4383031    0.0037203695
      5715.66       1.4498636    0.0037164159
      5721.38       1.4595463    0.0036809526
      5727.10       1.4658786    0.0036770140
      5732.83       1.4706095    0.0036730791
      5738.56       1.4721606    0.0037011100
      5744.30       1.4723719    0.0036969110
      5750.04       1.4716732    0.0036927026
      5755.79       1.4671378    0.0036884745
      5761.55       1.4631678    0.0036843339
      5767.31       1.4574702    0.0036801699
      5773.08       1.4498974    0.0036760208
      5778.85       1.4310620    0.0036413832
      5784.63       1.4217362    0.0036377739
      5790.41       1.4112750    0.0036342018
      5796.21       1.3979918    0.0036304085
      5802.00       1.3935508    0.0036266992
      5807.81       1.3903065    0.0036233596
      5813.61       1.3855964    0.0036209620
      5819.43       1.3809445    0.0036196688
      5825.25       1.3773212    0.0036187715
      5831.07       1.3743228    0.0036178188
      5836.90       1.3694413    0.0036172089
      5842.74       1.3641654    0.0035862328
      5848.58       1.3606964    0.0035855516
      5854.43       1.3593723    0.0035835168
      5860.29       1.3581521    0.0035806872
      5866.15       1.3544679    0.0035774285
      5872.01       1.3465971    0.0035736011
      5877.89       1.3338593    0.0035691529
      5883.76       1.3132411    0.0035642492
      5889.65       1.2842467    0.0035593585
      5895.54       1.2572184    0.0035547462
      5901.43       1.2257781    0.0035501136
      5907.34       1.1825864    0.0035432375
      5913.24       1.1458849    0.0035374550
      5919.16       1.1066993    0.0035313224
      5925.08       1.0625995    0.0035252121
      5931.00       1.0202368    0.0035191793
      5936.93      0.98125462    0.0035127316
      5942.87      0.94586466    0.0035059313
      5948.81      0.91410068    0.0034996872
      5954.76      0.88788255    0.0034941575
      5960.72      0.86911728    0.0034885717
      5966.68      0.85688259    0.0034826523
      5972.64      0.84747452    0.0034483649
      5978.62      0.83961256    0.0034430610
      5984.60      0.83274188    0.0034381237
      5990.58      0.82693437    0.0034333295
      5996.57      0.82062846    0.0034286849
      6002.57      0.81550611    0.0034242434
      6008.57      0.81229504    0.0034199636
      6014.58      0.81021989    0.0034157259
      6020.60      0.80817029    0.0033845229
      6026.62      0.80847948    0.0033804620
      6032.65      0.81168382    0.0034033798
      6038.68      0.81664685    0.0033989283
      6044.72      0.82390246    0.0033945577
      6050.76      0.83499775    0.0033902357
      6056.81      0.84843174    0.0033859709
      6062.87      0.86329701    0.0033550275
      6068.93      0.87982784    0.0033509881
      6075.00      0.89756965    0.0033470252
      6081.08      0.91633869    0.0033431451
      6087.16      0.93553010    0.0033393927
      6093.25      0.95580704    0.0033608638
      6099.34      0.97534485    0.0033300244
      6105.44      0.99391579    0.0033258972
      6111.54       1.0127872    0.0033218694
      6117.66       1.0311149    0.0033179451
      6123.78       1.0466658    0.0033141523
      6129.90       1.0596072    0.0032832610
      6136.03       1.0694878    0.0032790418
      6142.17       1.0787447    0.0033009858
      6148.31       1.0834555    0.0032969928
      6154.46       1.0860274    0.0032931685
      6160.61       1.0855419    0.0032631427
      6166.77       1.0849903    0.0032596209
      6172.94       1.0830493    0.0032571842
      6179.11       1.0793871    0.0032539576
      6185.29       1.0778656    0.0032503545
      6191.48       1.0802275    0.0032471852
      6197.67       1.0843112    0.0032459088
      6203.87       1.0907185    0.0032464034
      6210.07       1.0990618    0.0032485210
      6216.28       1.1085970    0.0032277507
      6222.50       1.1198961    0.0032576957
      6228.72       1.1296439    0.0032601533
      6234.95       1.1371010    0.0032615527
      6241.19       1.1427776    0.0032360995
      6247.42       1.1484708    0.0032337181
      6253.67       1.1543931    0.0032534448
      6259.93       1.1581098    0.0032456550
      6266.19       1.1583641    0.0032109862
      6272.46       1.1566321    0.0032013335
      6278.73       1.1526236    0.0031920694
      6285.01       1.1437287    0.0031817206
      6291.29       1.1349499    0.0031753222
      6297.58       1.1266277    0.0031687826
      6303.88       1.1207802    0.0031617794
      6310.19       1.1146258    0.0031302200
      6316.50       1.1063340    0.0031480316
      6322.81       1.0977508    0.0031425677
      6329.14       1.0904484    0.0031129552
      6335.47       1.0826893    0.0031075941
      6341.80       1.0762177    0.0031264471
      6348.14       1.0685408    0.0031221089
      6354.49       1.0643269    0.0030935518
      6360.85       1.0649230    0.0030893636
      6367.21       1.0691398    0.0031094633
      6373.57       1.0749492    0.0030820867
      6379.95       1.0829749    0.0030781502
      6386.33       1.0899270    0.0030749221
      6392.72       1.0985793    0.0030730425
      6399.11       1.1070699    0.0030707636
      6405.51       1.1151073    0.0030695599
      6411.92       1.1246258    0.0030461587
      6418.32       1.1362075    0.0030675974
      6424.74       1.1468197    0.0030654842
      6431.17       1.1554294    0.0030408870
      6437.60       1.1619474    0.0030615833
      6444.04       1.1668426    0.0030582458
      6450.48       1.1712207    0.0030317762
      6456.94       1.1727015    0.0030280447
      6463.39       1.1714234    0.0030223264
      6469.85       1.1681802    0.0030178327
      6476.33       1.1651220    0.0030139949
      6482.80       1.1587193    0.0030089725
      6489.28       1.1522791    0.0030054213
      6495.77       1.1417635    0.0030022089
      6502.27       1.1306375    0.0029969036
      6508.77       1.1212891    0.0029926671
      6515.28       1.1101002    0.0029653107
      6521.80       1.1018404    0.0029827765
      6528.32       1.0953492    0.0029790255
      6534.85       1.0889177    0.0029520075
      6541.38       1.0827686    0.0029690855
      6547.92       1.0775262    0.0029424437
      6554.47       1.0731466    0.0029381313
      6561.03       1.0708904    0.0029566157
      6567.59       1.0709843    0.0029309850
      6574.16       1.0701812    0.0029275321
      6580.73       1.0681462    0.0029245103
      6587.31       1.0639744    0.0029209980
      6593.90       1.0599472    0.0029185233
      6600.50       1.0562304    0.0029146938
      6607.10       1.0522871    0.0028904634
      6613.70       1.0496844    0.0029086868
      6620.32       1.0430692    0.0029053678
      6626.94       1.0395888    0.0028817008
      6633.57       1.0344395    0.0028994443
      6640.20       1.0247676    0.0028756631
      6646.84       1.0183444    0.0028937141
      6653.49       1.0063414    0.0028697965
      6660.14      0.99351485    0.0028673692
      6666.80      0.97986198    0.0028640692
      6673.47      0.96724954    0.0028615611
      6680.14      0.95492086    0.0028585395
      6686.82      0.94551162    0.0028558946
      6693.51      0.93606995    0.0028324693
      6700.20      0.92645848    0.0028504305
      6706.90      0.91841261    0.0028272248
      6713.61      0.91243476    0.0028450361
      6720.32      0.91158432    0.0028220324
      6727.05      0.91541339    0.0028398215
      6733.77      0.92216141    0.0028170381
      6740.51      0.92995060    0.0028144544
      6747.25      0.94041738    0.0028161997
      6754.00      0.95033700    0.0028217588
      6760.75      0.96220244    0.0028275023
      6767.51      0.97051497    0.0028215689
      6774.28      0.97895278    0.0028222780
      6781.05      0.98437912    0.0028316669
      6787.84      0.98875016    0.0028578960
      6794.62      0.99354250    0.0028838820
      6801.42      0.99589404    0.0029290987
      6808.22      0.99755581    0.0029653728
      6815.03      0.99811297    0.0030151775
      6821.85      0.99833993    0.0030268735
      6828.67      0.99893747    0.0030781058
      6835.50      0.99708710    0.0030643065
      6842.33      0.99961781    0.0030840228
      6849.17       1.0044598    0.0030413579
      6856.02       1.0089120    0.0030307386
      6862.88       1.0138980    0.0029736993
      6869.74       1.0176775    0.0029541850
      6876.61       1.0207566    0.0029049044
      6883.49       1.0245213    0.0028829323
      6890.37       1.0276024    0.0028673756
      6897.27       1.0287749    0.0028406611
      6904.16       1.0266709    0.0028255334
      6911.07       1.0234200    0.0028120968
      6917.98       1.0196756    0.0027827530
      6924.89       1.0170764    0.0027922115
      6931.82       1.0140312    0.0027662049
      6938.75       1.0086280    0.0027803595
      6945.69       1.0015499    0.0027576583
      6952.64      0.99216723    0.0027557725
      6959.59      0.98933434    0.0027535511
      6966.55      0.98378456    0.0027509430
      6973.52      0.98402662    0.0027477715
      6980.49      0.98230775    0.0027429471
      6987.47      0.97771605    0.0027378593
      6994.46      0.97413414    0.0027147272
      7001.46      0.97106215    0.0027296217
      7008.46      0.97044042    0.0027078305
      7015.46      0.97080017    0.0027224956
      7022.48      0.97166662    0.0027191934
      7029.51      0.97106855    0.0026979088
      7036.53      0.96809417    0.0027138630
      7043.57      0.96709484    0.0026947042
      7050.62      0.96877144    0.0026955096
      7057.66      0.96982674    0.0026978319
      7064.72      0.97075564    0.0026994792
      7071.79      0.96877543    0.0027026942
      7078.86      0.96744064    0.0026890080
      7085.94      0.96734434    0.0027158950
      7093.03      0.97269219    0.0027314831
      7100.12      0.97432031    0.0027355941
      7107.22      0.97324701    0.0027797996
      7114.33      0.96952328    0.0028146066
      7121.44      0.96568386    0.0028226668
      7128.56      0.96381606    0.0028635361
      7135.69      0.96323787    0.0028795653
      7142.83      0.96081736    0.0028656991
      7149.97      0.95602195    0.0028689641
      7157.12      0.94908516    0.0028663906
      7164.28      0.94093394    0.0028595530
      7171.44      0.93577025    0.0028522817
      7178.62      0.92816210    0.0028294158
      7185.80      0.92067840    0.0028470217
      7192.98      0.91022839    0.0028505904
      7200.17      0.89884998    0.0028333535
      7207.38      0.88685028    0.0028352312
      7214.58      0.87526262    0.0028535466
      7221.80      0.86346106    0.0028465011
      7229.02      0.84868558    0.0028169487
      7236.25      0.83168091    0.0028037812
      7243.49      0.81294113    0.0028119791
      7250.73      0.79717625    0.0027832572
      7257.98      0.78396711    0.0027695662
      7265.24      0.77191923    0.0027538878
      7272.51      0.75960610    0.0027218192
      7279.78      0.74640571    0.0027275872
      7287.06      0.73417722    0.0027154005
      7294.35      0.72593215    0.0027053905
      7301.64      0.72123412    0.0026799057
      7308.94      0.71782312    0.0026739699
      7316.25      0.71062502    0.0026874437
      7323.57      0.70334412    0.0026840194
      7330.89      0.69584664    0.0026633506
      7338.22      0.68982010    0.0026598999
      7345.56      0.68513272    0.0026567954
      7352.91      0.68000612    0.0026547268
      7360.26      0.67481183    0.0026521777
      7367.62      0.66749699    0.0026512739
      7374.99      0.66042562    0.0026511414
      7382.37      0.65679223    0.0026515253
      7389.75      0.65612958    0.0026343045
      7397.14      0.65578293    0.0026349513
      7404.53      0.65475317    0.0026529207
      7411.94      0.65405883    0.0026545715
      7419.35      0.65497101    0.0026563861
      7426.77      0.65965316    0.0026406803
      7434.20      0.66630628    0.0026427626
      7441.63      0.67144241    0.0026450671
      7449.07      0.67490103    0.0026475918
      7456.52      0.67684684    0.0026519338
      7463.98      0.68067007    0.0026611099
      7471.45      0.68645962    0.0026896097
      7478.92      0.69342881    0.0027256357
      7486.40      0.70122960    0.0027379393
      7493.88      0.70620291    0.0027290615
      7501.38      0.71173902    0.0027355286
      7508.88      0.71709322    0.0028079405
      7516.39      0.72430962    0.0029211867
      7523.91      0.73375325    0.0030756031
      7531.43      0.74134937    0.0032655413
      7538.96      0.74563757    0.0034815337
      7546.50      0.74928392    0.0037023154
      7554.05      0.75583853    0.0038645864
      7561.60      0.76645167    0.0040329176
      7569.16      0.78002707    0.0041159092
      7576.73      0.78830199    0.0040916835
      7584.31      0.79077338    0.0039691919
      7591.89      0.79419354    0.0037822271
      7599.49      0.79973083    0.0035702552
      7607.09      0.80649844    0.0033671720
      7614.70      0.81328566    0.0032060298
      7622.31      0.81759137    0.0030767056
      7629.93      0.81636973    0.0029698783
      7637.56      0.81180217    0.0028848860
      7645.20      0.80853472    0.0028345760
      7652.85      0.80844483    0.0028062112
      7660.50      0.80871679    0.0027818733
      7668.16      0.80732952    0.0027621919
      7675.83      0.80205537    0.0027486352
      7683.50      0.79500538    0.0027408365
      7691.19      0.79135746    0.0027376499
      7698.88      0.79110337    0.0027207817
      7706.58      0.79225125    0.0027224999
      7714.29      0.79042873    0.0027256873
      7722.00      0.78477604    0.0027297011
      7729.73      0.77886159    0.0027343873
      7737.45      0.77381332    0.0027396485
      7745.19      0.77143552    0.0027451059
      7752.94      0.76870559    0.0027506724
      7760.69      0.76450022    0.0027564844
      7768.45      0.75644209    0.0027624418
      7776.22      0.74709962    0.0027684813
      7784.00      0.74023916    0.0027749324
      7791.78      0.73819696    0.0027820709
      7799.57      0.74011478    0.0027897393
      7807.37      0.74122045    0.0027818901
      7815.18      0.73671593    0.0027905793
      7822.99      0.72704966    0.0027998224
      7830.82      0.71437886    0.0027901759
      7838.65      0.70026944    0.0027823285
      7846.49      0.68280319    0.0027561943
      7854.34      0.66215732    0.0027632315
      7862.19      0.63427596    0.0027381720
      7870.05      0.60186604    0.0027139011
      7877.93      0.56697880    0.0027061144
      7885.80      0.53468131    0.0026966339
      7893.69      0.50063884    0.0026894500
      7901.58      0.46843871    0.0026674654
      7909.49      0.43842702    0.0026465108
      7917.40      0.41036569    0.0026540195
      7925.31      0.38637476    0.0026345616
      7933.24      0.36531473    0.0026301229
      7941.17      0.35053013    0.0026112880
      7949.11      0.33929807    0.0026043924
      7957.06      0.33363257    0.0025998826
      7965.02      0.33027501    0.0025820503
      7972.98      0.32842983    0.0025782496
      7980.96      0.32482637    0.0025624079
      7988.94      0.32185205    0.0025708023
      7996.93      0.31882037    0.0025571790
      8004.93      0.31543462    0.0025445669
      8012.93      0.31369329    0.0025452395
      8020.95      0.31158907    0.0025348803
      8028.97      0.31022882    0.0025403944
      8036.99      0.30808638    0.0025438403
      8045.03      0.30546485    0.0025564235
      8053.08      0.30449197    0.0025612763
      8061.13      0.30397480    0.0025797151
      8069.20      0.30445766    0.0025795536
      8077.26      0.30739915    0.0025791897
      8085.34      0.31086258    0.0025940256
      8093.43      0.31594698    0.0025948691
      8101.52      0.32113940    0.0026158251
      8109.62      0.32879539    0.0026127293
      8117.73      0.33803876    0.0026190118
      8125.85      0.34920503    0.0026105341
      8133.98      0.36264589    0.0026121922
      8142.11      0.37704894    0.0026001776
      8150.25      0.39311607    0.0025976502
      8158.41      0.40880303    0.0025830312
      8166.56      0.42512461    0.0025777863
      8174.73      0.44079165    0.0025624397
      8182.91      0.45687930    0.0025567996
      8191.09      0.47267125    0.0025415612
      8199.28      0.48849822    0.0025359070
      8207.48      0.50236647    0.0025660697
      8215.69      0.51568045    0.0026009577
      8223.91      0.52941802    0.0026527964
      8232.13      0.54270863    0.0027106498
      8240.36      0.55561775    0.0027854520
      8248.60      0.56737410    0.0028613274
      8256.85      0.57838646    0.0029692180
      8265.11      0.58904275    0.0031192777
      8273.37      0.59915619    0.0032982628
      8281.65      0.60872424    0.0035006895
      8289.93      0.61742535    0.0037928704
      8298.22      0.62534531    0.0041746363
      8306.52      0.63359305    0.0047464224
      8314.83      0.64143720    0.0054361679
      8323.14      0.64829114    0.0062154168
      8331.46      0.65475098    0.0073122679
      8339.80      0.66249814    0.0087514391
