# starting wavelength =        3107.1700
# ending wavelength =        8139.3700
# O2 telluric scale =        0
# O2 telluric shift =        0
# H2O telluric scale =        0
# H2O telluric shift =        0
      3109.58      0.17989728     0.015333056
      3112.68      0.18476186     0.013722587
      3115.80      0.18950708     0.011776049
      3118.91      0.19532963    0.0098956894
      3122.03      0.20072822    0.0087963360
      3125.15      0.20486997    0.0079496815
      3128.28      0.20769962    0.0074672794
      3131.41      0.21394940    0.0069139220
      3134.54      0.21670055    0.0063723707
      3137.67      0.22120573    0.0060546929
      3140.81      0.22272251    0.0057967766
      3143.95      0.22286469    0.0056505336
      3147.10      0.22504179    0.0054630278
      3150.24      0.22867914    0.0053103318
      3153.39      0.23132426    0.0051798632
      3156.55      0.23411609    0.0050638803
      3159.70      0.23716708    0.0050031769
      3162.86      0.23720097    0.0049065294
      3166.03      0.23773046    0.0048588995
      3169.19      0.23783404    0.0048472316
      3172.36      0.24008222    0.0048362745
      3175.54      0.24117876    0.0048303270
      3178.71      0.23980265    0.0048186705
      3181.89      0.24215577    0.0048480016
      3185.07      0.24096152    0.0048376619
      3188.26      0.23980227    0.0047904011
      3191.45      0.23947492    0.0048194421
      3194.64      0.23950980    0.0048090340
      3197.83      0.23605576    0.0047992483
      3201.03      0.22976087    0.0048287689
      3204.23      0.22678642    0.0047806751
      3207.44      0.22990222    0.0048119342
      3210.64      0.22981628    0.0048006035
      3213.85      0.23392057    0.0047899225
      3217.07      0.23674944    0.0047842331
      3220.28      0.24257425    0.0047727866
      3223.51      0.24623193    0.0047619645
      3226.73      0.24889696    0.0047926650
      3229.96      0.25110013    0.0047830635
      3233.19      0.25395045    0.0047751313
      3236.42      0.25620756    0.0047646219
      3239.66      0.25866191    0.0047548034
      3242.90      0.26173594    0.0047864079
      3246.14      0.26650070    0.0047755990
      3249.39      0.26788750    0.0047269240
      3252.64      0.27085899    0.0047592279
      3255.89      0.27057752    0.0047481679
      3259.14      0.27522436    0.0047377433
      3262.40      0.27822701    0.0047698557
      3265.67      0.27989771    0.0047212365
      3268.93      0.28351937    0.0047523456
      3272.20      0.28820142    0.0047421493
      3275.47      0.28908915    0.0047325249
      3278.75      0.29367093    0.0047655802
      3282.03      0.29593980    0.0047549016
      3285.31      0.29795381    0.0047049792
      3288.60      0.30020553    0.0047391332
      3291.88      0.29858683    0.0047281161
      3295.18      0.29930794    0.0047177334
      3298.47      0.29972856    0.0047509364
      3301.77      0.29684019    0.0047415245
      3305.07      0.29691300    0.0046913194
      3308.38      0.29768506    0.0047238466
      3311.69      0.30156518    0.0047139966
      3315.00      0.30569537    0.0047046771
      3318.31      0.30876802    0.0047390198
      3321.63      0.30947075    0.0047286378
      3324.95      0.30836513    0.0046774943
      3328.28      0.30784713    0.0047134504
      3331.61      0.30569627    0.0047025983
      3334.94      0.30320109    0.0046922634
      3338.27      0.30346936    0.0047266443
      3341.61      0.29951690    0.0047171718
      3344.95      0.29606309    0.0047081868
      3348.30      0.29458585    0.0046564510
      3351.65      0.29335564    0.0046903930
      3355.00      0.29333890    0.0046808764
      3358.35      0.29287374    0.0046718241
      3361.71      0.29227031    0.0047077903
      3365.07      0.29387919    0.0046976275
      3368.44      0.29839542    0.0046879206
      3371.81      0.29961005    0.0047243210
      3375.18      0.29984461    0.0046726954
      3378.56      0.30270038    0.0046624284
      3381.94      0.30313557    0.0046979513
      3385.32      0.30607879    0.0046884170
      3388.70      0.30928568    0.0046793308
      3392.09      0.31372301    0.0046706830
      3395.48      0.31802696    0.0047078100
      3398.88      0.32140861    0.0046979827
      3402.28      0.32609313    0.0046885772
      3405.68      0.33024736    0.0047268745
      3409.09      0.33214369    0.0046734655
      3412.49      0.33635498    0.0046634025
      3415.91      0.33699769    0.0046537312
      3419.32      0.33749302    0.0046912379
      3422.74      0.33844636    0.0046823135
      3426.17      0.33919494    0.0046736838
      3429.59      0.33926681    0.0047133951
      3433.02      0.33804107    0.0047036404
      3436.45      0.33492375    0.0046941745
      3439.89      0.33601746    0.0046850724
      3443.33      0.33730128    0.0047253868
      3446.78      0.33740463    0.0047169052
      3450.22      0.33448459    0.0046603493
      3453.67      0.33178427    0.0046995312
      3457.13      0.33161381    0.0047472457
      3460.58      0.33027667    0.0048598606
      3464.04      0.32640423    0.0049938410
      3467.51      0.32664136    0.0048557016
      3470.98      0.32531711    0.0047247277
      3474.45      0.32723811    0.0047196633
      3477.92      0.32631649    0.0047681274
      3481.40      0.32611513    0.0048719737
      3484.88      0.32792260    0.0049585469
      3488.37      0.32804288    0.0050543280
      3491.86      0.32652391    0.0051480484
      3495.35      0.32934910    0.0053050016
      3498.84      0.33650191    0.0053735474
      3502.34      0.33743364    0.0054092842
      3505.84      0.34055792    0.0053999719
      3509.35      0.34358191    0.0054177997
      3512.86      0.34532247    0.0053261011
      3516.37      0.34840426    0.0052116271
      3519.89      0.34935618    0.0050876339
      3523.41      0.35077942    0.0049847470
      3526.93      0.35115605    0.0048668325
      3530.46      0.35062611    0.0047719050
      3533.99      0.34986905    0.0047186378
      3537.53      0.34993593    0.0047884411
      3541.06      0.34949201    0.0051054435
      3544.60      0.34930303    0.0049285281
      3548.15      0.34978332    0.0047843608
      3551.70      0.35010393    0.0047734636
      3555.25      0.35022583    0.0047645969
      3558.80      0.34905636    0.0047560036
      3562.36      0.34952502    0.0047476957
      3565.92      0.34790282    0.0047395739
      3569.49      0.34448032    0.0047924050
      3573.06      0.34366275    0.0047828567
      3576.64      0.34744602    0.0047737312
      3580.21      0.34771363    0.0047647001
      3583.79      0.34634006    0.0047560062
      3587.38      0.34792109    0.0048057219
      3590.96      0.34734768    0.0047971206
      3594.55      0.34317163    0.0048507641
      3598.15      0.34216306    0.0048424766
      3601.75      0.33924163    0.0048967529
      3605.35      0.33812116    0.0048886912
      3608.96      0.33630795    0.0048809903
      3612.56      0.33440199    0.0048733301
      3616.18      0.33352233    0.0048024316
      3619.79      0.33348783    0.0047937668
      3623.41      0.33317073    0.0047851488
      3627.04      0.33048821    0.0047766856
      3630.66      0.32931981    0.0047684071
      3634.29      0.32530516    0.0047603282
      3637.93      0.32070535    0.0047523747
      3641.57      0.31791682    0.0048054356
      3645.21      0.31485486    0.0047976124
      3648.86      0.31032636    0.0047896970
      3652.50      0.30502834    0.0047819507
      3656.16      0.30005970    0.0047159550
      3659.81      0.29425065    0.0047075623
      3663.47      0.28647963    0.0046993681
      3667.14      0.27914797    0.0046911395
      3670.80      0.27400101    0.0046830596
      3674.48      0.26912438    0.0046750999
      3678.15      0.26478958    0.0046670857
      3681.83      0.25926470    0.0046593809
      3685.51      0.25790997    0.0046516103
      3689.20      0.25829092    0.0046439441
      3692.88      0.25732995    0.0046363955
      3696.58      0.25747716    0.0046287690
      3700.27      0.26085527    0.0046214280
      3703.98      0.26250121    0.0046140006
      3707.68      0.26280038    0.0046066405
      3711.39      0.26552732    0.0045993994
      3715.10      0.26889583    0.0045331301
      3718.81      0.27057809    0.0045261314
      3722.53      0.27392132    0.0045190653
      3726.26      0.27671244    0.0045119422
      3729.98      0.27785068    0.0045050068
      3733.71      0.28280993    0.0044980011
      3737.45      0.28561940    0.0044911992
      3741.18      0.29204320    0.0044843127
      3744.93      0.29729346    0.0044773616
      3748.67      0.30114477    0.0044705959
      3752.42      0.30506107    0.0044637530
      3756.17      0.31121592    0.0044571056
      3759.93      0.31862658    0.0044503702
      3763.69      0.32491346    0.0044435703
      3767.45      0.33190470    0.0044369437
      3771.22      0.33730912    0.0044302315
      3774.99      0.34140997    0.0044237172
      3778.77      0.34506251    0.0044171155
      3782.54      0.34997051    0.0044104502
      3786.33      0.35443323    0.0044039593
      3790.11      0.35896706    0.0043973830
      3793.90      0.36752285    0.0043910156
      3797.70      0.37737800    0.0043845555
      3801.50      0.38500337    0.0043780316
      3805.30      0.39420062    0.0043716994
      3809.10      0.40251508    0.0043652800
      3812.91      0.41319798    0.0043590687
      3816.73      0.42144470    0.0043527791
      3820.54      0.43142851    0.0043464467
      3824.36      0.44171520    0.0043402170
      3828.19      0.45343372    0.0042819707
      3832.02      0.46438006    0.0042759709
      3835.85      0.47156935    0.0042700612
      3839.68      0.47912223    0.0042640627
      3843.52      0.48367076    0.0042583151
      3847.37      0.48605206    0.0042524959
      3851.22      0.49036202    0.0042467565
      3855.07      0.49532968    0.0042411076
      3858.92      0.49819333    0.0042353918
      3862.78      0.50346758    0.0042299268
      3866.64      0.51095065    0.0042244040
      3870.51      0.51529687    0.0042189872
      3874.38      0.51697468    0.0042136798
      3878.26      0.52084259    0.0042083380
      3882.13      0.52849487    0.0042033014
      3886.02      0.53923033    0.0041454150
      3889.90      0.54781192    0.0041398627
      3893.79      0.55920555    0.0041343010
      3897.69      0.56882298    0.0041287621
      3901.59      0.57858743    0.0041232922
      3905.49      0.58975962    0.0041691203
      3909.39      0.59858657    0.0041638155
      3913.30      0.60855843    0.0041586478
      3917.22      0.61681856    0.0041535038
      3921.13      0.62330438    0.0041486098
      3925.06      0.63402390    0.0041437509
      3928.98      0.63971729    0.0040895956
      3932.91      0.64297374    0.0040840095
      3936.84      0.64863132    0.0040785757
      3940.78      0.65287992    0.0040732738
      3944.72      0.65364454    0.0040680212
      3948.67      0.65624743    0.0040628979
      3952.61      0.65957383    0.0040579577
      3956.57      0.66514609    0.0040532293
      3960.52      0.66714123    0.0040486255
      3964.48      0.66664762    0.0039979516
      3968.45      0.66668698    0.0040419833
      3972.42      0.66581301    0.0040365379
      3976.39      0.66562363    0.0040312369
      3980.37      0.66777097    0.0040261457
      3984.35      0.66996762    0.0040212907
      3988.33      0.67448557    0.0040166042
      3992.32      0.67721617    0.0039662979
      3996.31      0.68251729    0.0039619908
      4000.31      0.68743416    0.0039579235
      4004.31      0.69038516    0.0039540886
      4008.31      0.69536717    0.0039963812
      4012.32      0.70107640    0.0039914553
      4016.33      0.70531218    0.0039867661
      4020.35      0.71044219    0.0039368738
      4024.37      0.71534826    0.0039326487
      4028.40      0.71997359    0.0039287035
      4032.42      0.72196595    0.0039250244
      4036.46      0.72124296    0.0039216147
      4040.50      0.71976958    0.0039185170
      4044.54      0.71587347    0.0039133784
      4048.58      0.71420460    0.0039092175
      4052.63      0.71112815    0.0039052079
      4056.68      0.70847669    0.0039015252
      4060.74      0.70619568    0.0038980875
      4064.80      0.70160249    0.0038950793
      4068.86      0.69727459    0.0038455485
      4072.93      0.69613954    0.0038413693
      4077.01      0.69273213    0.0038833004
      4081.08      0.68922038    0.0038796815
      4085.17      0.68682471    0.0038764537
      4089.25      0.68420448    0.0038735253
      4093.34      0.67878546    0.0038246221
      4097.43      0.67682429    0.0038206221
      4101.53      0.67503935    0.0038624600
      4105.63      0.67101222    0.0038591581
      4109.74      0.66512844    0.0038562591
      4113.85      0.66288414    0.0038087673
      4117.96      0.66037910    0.0038047571
      4122.08      0.65773777    0.0038011377
      4126.20      0.65633695    0.0037978563
      4130.33      0.65311539    0.0038402879
      4134.46      0.65131804    0.0037937572
      4138.59      0.65098504    0.0037897336
      4142.73      0.64994942    0.0037860177
      4146.88      0.65141957    0.0037828611
      4151.02      0.65376759    0.0037834949
      4155.18      0.65795069    0.0037791177
      4159.33      0.65955293    0.0037752729
      4163.49      0.66219560    0.0037718284
      4167.65      0.66328550    0.0037280667
      4171.82      0.66372531    0.0037255717
      4175.99      0.66674901    0.0037653161
      4180.17      0.66757699    0.0037615717
      4184.35      0.66341961    0.0037584849
      4188.54      0.66152083    0.0037151441
      4192.72      0.66051453    0.0037131683
      4196.92      0.65704126    0.0037520553
      4201.11      0.65233674    0.0037487591
      4205.31      0.64586267    0.0037055594
      4209.52      0.64009805    0.0037033826
      4213.73      0.63499012    0.0037018881
      4217.94      0.62853070    0.0037396326
      4222.16      0.62440186    0.0036965258
      4226.38      0.61990192    0.0036944034
      4230.61      0.61654363    0.0036929968
      4234.84      0.61332003    0.0036907113
      4239.08      0.60831018    0.0036881638
      4243.32      0.60379944    0.0036861729
      4247.56      0.59987521    0.0036847559
      4251.81      0.59440342    0.0036411498
      4256.06      0.59209389    0.0036802461
      4260.32      0.58810607    0.0036784767
      4264.58      0.58424495    0.0036773171
      4268.84      0.58108389    0.0036337049
      4273.11      0.57948732    0.0036729873
      4277.38      0.57939255    0.0036715267
      4281.66      0.58213974    0.0036293746
      4285.94      0.58494588    0.0036267645
      4290.23      0.59017306    0.0036664197
      4294.52      0.59515963    0.0036256346
      4298.81      0.60045843    0.0036226856
      4303.11      0.60798957    0.0036204170
      4307.42      0.61385528    0.0036604461
      4311.72      0.62084720    0.0036190238
      4316.04      0.62668901    0.0036165453
      4320.35      0.63360665    0.0036148013
      4324.67      0.64001547    0.0036158794
      4329.00      0.64695004    0.0036130711
      4333.33      0.65332660    0.0036111072
      4337.66      0.65946125    0.0036130177
      4342.00      0.66578250    0.0036099905
      4346.34      0.67321515    0.0036078759
      4350.69      0.68072583    0.0035693659
      4355.04      0.69101891    0.0036072193
      4359.39      0.70253940    0.0036049192
      4363.75      0.71189999    0.0035665010
      4368.12      0.72336542    0.0036047512
      4372.48      0.73455378    0.0036024478
      4376.86      0.74466216    0.0035639839
      4381.23      0.75608820    0.0035634644
      4385.61      0.76806097    0.0036001322
      4390.00      0.77742316    0.0035616544
      4394.39      0.78890900    0.0035612891
      4398.79      0.80077149    0.0035980273
      4403.18      0.81150792    0.0035597657
      4407.59      0.82144718    0.0035594404
      4412.00      0.83095664    0.0035963225
      4416.41      0.83947456    0.0035581265
      4420.82      0.84736516    0.0035580749
      4425.25      0.85696355    0.0035578433
      4429.67      0.86378311    0.0035569628
      4434.10      0.86967004    0.0035571012
      4438.54      0.87553469    0.0035567584
      4442.97      0.88063162    0.0035560607
      4447.42      0.88539960    0.0035564379
      4451.86      0.89118881    0.0035558572
      4456.32      0.89796763    0.0035553988
      4460.77      0.90244429    0.0035176743
      4465.24      0.90897763    0.0035553506
      4469.70      0.91538483    0.0035553456
      4474.17      0.92230067    0.0035171018
      4478.65      0.93006406    0.0035552130
      4483.12      0.93954597    0.0035183204
      4487.61      0.94553240    0.0035168979
      4492.09      0.95384926    0.0035555370
      4496.59      0.95867802    0.0035180139
      4501.08      0.96629293    0.0035171653
      4505.58      0.97210832    0.0035196868
      4510.09      0.97612548    0.0035181609
      4514.60      0.97628836    0.0035567971
      4519.12      0.97812378    0.0035196638
      4523.63      0.97972555    0.0035188316
      4528.16      0.98003512    0.0035216356
      4532.69      0.97984032    0.0035201881
      4537.22      0.97962795    0.0034854749
      4541.76      0.97818679    0.0035219766
      4546.30      0.97485175    0.0035212504
      4550.85      0.97304711    0.0035241415
      4555.40      0.97131908    0.0035228703
      4559.95      0.97040956    0.0034885962
      4564.51      0.96666310    0.0035248494
      4569.08      0.96338863    0.0034900821
      4573.65      0.96064529    0.0035271529
      4578.22      0.95763557    0.0034918951
      4582.80      0.95543271    0.0034926512
      4587.38      0.95474523    0.0034939994
      4591.97      0.95217817    0.0034943603
      4596.56      0.95167337    0.0035309019
      4601.16      0.95124910    0.0034963526
      4605.76      0.95076166    0.0034979090
      4610.37      0.95075725    0.0034985967
      4614.98      0.94958422    0.0034998254
      4619.59      0.95106739    0.0035010697
      4624.21      0.95200468    0.0035020063
      4628.84      0.94909134    0.0035037435
      4633.47      0.94743820    0.0035044112
      4638.10      0.94688448    0.0034696261
      4642.74      0.94677238    0.0035070149
      4647.38      0.94445789    0.0034726048
      4652.03      0.94134335    0.0035098436
      4656.68      0.94002267    0.0034757360
      4661.34      0.93858097    0.0035128513
      4666.00      0.93769772    0.0034790231
      4670.67      0.93674782    0.0035160149
      4675.33      0.93453374    0.0034823275
      4680.01      0.93102537    0.0034820822
      4684.69      0.92768134    0.0034857348
      4689.38      0.92105584    0.0034854156
      4694.07      0.91487285    0.0034892374
      4698.76      0.90598949    0.0034888813
      4703.46      0.89431379    0.0034928422
      4708.16      0.88490435    0.0034925004
      4712.87      0.86981703    0.0034965520
      4717.58      0.85657928    0.0034962285
      4722.30      0.84223369    0.0035003747
      4727.03      0.83019684    0.0035001504
      4731.75      0.81583543    0.0035042317
      4736.48      0.80379237    0.0035041034
      4741.22      0.79310113    0.0035081491
      4745.96      0.78156642    0.0034753335
      4750.71      0.77165541    0.0035121206
      4755.46      0.76306446    0.0034794517
      4760.22      0.75362657    0.0035162677
      4764.97      0.74411857    0.0034838292
      4769.74      0.73637560    0.0035204834
      4774.51      0.72814107    0.0034882852
      4779.29      0.72196227    0.0035248059
      4784.07      0.71387092    0.0034928969
      4788.85      0.70860317    0.0034962865
      4793.64      0.70608258    0.0034976789
      4798.43      0.70546088    0.0035008592
      4803.23      0.70720411    0.0035026478
      4808.03      0.71508090    0.0035055996
      4812.84      0.72533860    0.0035078280
      4817.66      0.74093845    0.0035105142
      4822.48      0.75901022    0.0034788052
      4827.30      0.77951004    0.0035156271
      4832.12      0.80122341    0.0034835632
      4836.96      0.82304102    0.0035209793
      4841.79      0.84901724    0.0035244172
      4846.63      0.87404057    0.0034932965
      4851.48      0.89963893    0.0035296578
      4856.33      0.92652197    0.0034981034
      4861.19      0.95212387    0.0035351537
      4866.05      0.97664450    0.0035031397
      4870.92      0.99892042    0.0035083538
      4875.79       1.0195637    0.0035084472
      4880.66       1.0426732    0.0035132133
      4885.55       1.0592746    0.0035140545
      4890.43       1.0740257    0.0035183499
      4895.32       1.0894889    0.0035238561
      4900.22       1.1029442    0.0035238278
      4905.12       1.1141231    0.0035288069
      4910.02       1.1217319    0.0035296667
      4914.94       1.1284830    0.0035341102
      4919.85       1.1302177    0.0035397193
      4924.77       1.1276538    0.0035398235
      4929.70       1.1215195    0.0035448180
      4934.62       1.1140663    0.0035142735
      4939.56       1.1042791    0.0035504034
      4944.50       1.0930445    0.0035208909
      4949.44       1.0812209    0.0035247309
      4954.39       1.0695778    0.0035614557
      4959.35       1.0607680    0.0035313141
      4964.31       1.0504515    0.0035355454
      4969.27       1.0430609    0.0035384577
      4974.24       1.0372052    0.0035420731
      4979.22       1.0319599    0.0035466067
      4984.20       1.0304849    0.0035492132
      4989.18       1.0304955    0.0035531094
      4994.17       1.0314558    0.0035578433
      4999.16       1.0341865    0.0035602795
      5004.16       1.0393040    0.0035643478
      5009.17       1.0463491    0.0035341613
      5014.18       1.0493034    0.0035716226
      5019.19       1.0520809    0.0035759653
      5024.21       1.0532403    0.0035457539
      5029.23       1.0549999    0.0035833676
      5034.26       1.0550481    0.0035877854
      5039.30       1.0565431    0.0035574394
      5044.34       1.0575007    0.0035953668
      5049.39       1.0571768    0.0035997605
      5054.43       1.0577545    0.0035693795
      5059.49       1.0549376    0.0035751521
      5064.55       1.0541382    0.0036119883
      5069.61       1.0534031    0.0035814259
      5074.68       1.0519978    0.0035871537
      5079.76       1.0494433    0.0036244784
      5084.84       1.0463657    0.0035937018
      5089.92       1.0428855    0.0035993362
      5095.01       1.0413857    0.0036055292
      5100.11       1.0401252    0.0036062299
      5105.21       1.0397359    0.0036116485
      5110.31       1.0382727    0.0036177495
      5115.42       1.0371267    0.0035879302
      5120.54       1.0378915    0.0036242975
      5125.66       1.0405222    0.0036301170
      5130.79       1.0443540    0.0036010122
      5135.92       1.0515374    0.0036060221
      5141.05       1.0558411    0.0036427733
      5146.20       1.0633677    0.0036144474
      5151.34       1.0738256    0.0036191717
      5156.49       1.0815195    0.0036244535
      5161.65       1.0921163    0.0036615726
      5166.81       1.1003393    0.0036328584
      5171.98       1.1103659    0.0036378021
      5177.15       1.1189202    0.0036432631
      5182.33       1.1269666    0.0036470474
      5187.51       1.1339074    0.0036517684
      5192.70       1.1421758    0.0036567955
      5197.89       1.1502731    0.0036622844
      5203.09       1.1593726    0.0036332586
      5208.29       1.1686463    0.0036710379
      5213.50       1.1762430    0.0036762118
      5218.72       1.1877502    0.0036817137
      5223.93       1.1981432    0.0036524276
      5229.16       1.2084450    0.0036585438
      5234.39       1.2168667    0.0036959533
      5239.62       1.2235766    0.0037014022
      5244.86       1.2321633    0.0036718691
      5250.11       1.2407131    0.0036779353
      5255.36       1.2442617    0.0036843113
      5260.61       1.2491080    0.0037215218
      5265.87       1.2558783    0.0036916660
      5271.14       1.2607405    0.0036975913
      5276.41       1.2629009    0.0037037484
      5281.69       1.2665690    0.0037102745
      5286.97       1.2710028    0.0036812439
      5292.26       1.2771028    0.0037176713
      5297.55       1.2855919    0.0037235993
      5302.85       1.2957423    0.0037298233
      5308.15       1.3071544    0.0037363138
      5313.46       1.3189556    0.0037073817
      5318.77       1.3311309    0.0037131373
      5324.09       1.3459945    0.0037500287
      5329.42       1.3624247    0.0037562384
      5334.75       1.3780879    0.0037626072
      5340.08       1.3995614    0.0037342207
      5345.42       1.4223355    0.0037398708
      5350.77       1.4442761    0.0037457116
      5356.12       1.4660277    0.0037517524
      5361.48       1.4892726    0.0037892488
      5366.83       1.5138370    0.0037616697
      5372.20       1.5338047    0.0037672710
      5377.58       1.5553547    0.0037730336
      5382.95       1.5765843    0.0037789126
      5388.34       1.5942228    0.0037849423
      5393.72       1.6111781    0.0037911352
      5399.12       1.6208404    0.0037624137
      5404.52       1.6268451    0.0037687934
      5409.92       1.6296893    0.0038069549
      5415.33       1.6287668    0.0038128394
      5420.75       1.6221901    0.0038187510
      5426.17       1.6143133    0.0038248675
      5431.60       1.6028816    0.0037957156
      5437.03       1.5872144    0.0038020085
      5442.47       1.5701959    0.0038083787
      5447.91       1.5540746    0.0038148018
      5453.36       1.5364505    0.0038213227
      5458.81       1.5194723    0.0038278715
      5464.27       1.5032130    0.0038345570
      5469.73       1.4911356    0.0038056327
      5475.20       1.4823360    0.0038423497
      5480.68       1.4775198    0.0038485806
      5486.16       1.4751220    0.0038548889
      5491.65       1.4773836    0.0038612673
      5497.14       1.4796376    0.0038676436
      5502.64       1.4819174    0.0038741482
      5508.14       1.4852938    0.0038806606
      5513.65       1.4889636    0.0038872412
      5519.16       1.4885921    0.0038591462
      5524.68       1.4843265    0.0038653309
      5530.20       1.4775601    0.0038715067
      5535.73       1.4661064    0.0038777372
      5541.27       1.4492932    0.0038839421
      5546.81       1.4286956    0.0038902467
      5552.36       1.4023911    0.0038966213
      5557.91       1.3718653    0.0039029901
      5563.47       1.3370211    0.0039093902
      5569.04       1.3011958    0.0039157625
      5574.60       1.2682975    0.0039222383
      5580.18       1.2364304    0.0039286734
      5585.76       1.2113325    0.0039000426
      5591.35       1.1875792    0.0039064583
      5596.94       1.1688596    0.0039128406
      5602.53       1.1544959    0.0039193013
      5608.14       1.1489136    0.0039257173
      5613.75       1.1495142    0.0039322237
      5619.36       1.1575717    0.0039387905
      5624.98       1.1717973    0.0039455209
      5630.60       1.1913903    0.0039525121
      5636.23       1.2157131    0.0039593541
      5641.87       1.2369074    0.0039661567
      5647.51       1.2596141    0.0039731571
      5653.16       1.2857381    0.0039807408
      5658.82       1.3107073    0.0039895749
      5664.47       1.3360288    0.0039993782
      5670.14       1.3605541    0.0040094794
      5675.81       1.3844191    0.0040196586
      5681.48       1.4075243    0.0040303362
      5687.17       1.4284554    0.0040411941
      5692.85       1.4511703    0.0040508404
      5698.55       1.4696763    0.0040592163
      5704.25       1.4884324    0.0040668348
      5709.95       1.5113151    0.0040738324
      5715.66       1.5310487    0.0040801782
      5721.38       1.5509339    0.0040859279
      5727.10       1.5684929    0.0040599304
      5732.83       1.5829637    0.0040657554
      5738.56       1.5965081    0.0040716816
      5744.30       1.6059942    0.0040773181
      5750.04       1.6112636    0.0040823472
      5755.79       1.6166399    0.0040870195
      5761.55       1.6203508    0.0040913235
      5767.31       1.6246730    0.0040957643
      5773.08       1.6303075    0.0041001089
      5778.85       1.6339131    0.0041037655
      5784.63       1.6357340    0.0041074299
      5790.41       1.6378799    0.0041119480
      5796.21       1.6397209    0.0040846736
      5802.00       1.6411427    0.0040890373
      5807.81       1.6440833    0.0040931427
      5813.61       1.6448612    0.0040979602
      5819.43       1.6455105    0.0041033312
      5825.25       1.6435258    0.0041089789
      5831.07       1.6408799    0.0041148017
      5836.90       1.6368959    0.0041208612
      5842.74       1.6323242    0.0041271850
      5848.58       1.6245393    0.0041381054
      5854.43       1.6171384    0.0041439933
      5860.29       1.6073497    0.0041499642
      5866.15       1.5980284    0.0041560169
      5872.01       1.5858627    0.0041621859
      5877.89       1.5790848    0.0041684286
      5883.76       1.5716245    0.0041747864
      5889.65       1.5605308    0.0041500046
      5895.54       1.5522021    0.0041564559
      5901.43       1.5455983    0.0041629934
      5907.34       1.5350189    0.0041696470
      5913.24       1.5242324    0.0042105237
      5919.16       1.5157937    0.0042166277
      5925.08       1.5055961    0.0041913372
      5931.00       1.4968159    0.0041976678
      5936.93       1.4888056    0.0042040562
      5942.87       1.4803481    0.0042105882
      5948.81       1.4703611    0.0042172563
      5954.76       1.4610007    0.0041912189
      5960.72       1.4493524    0.0041972709
      5966.68       1.4376713    0.0042387807
      5972.64       1.4243585    0.0042450959
      5978.62       1.4097774    0.0042516482
      5984.60       1.3963826    0.0042261221
      5990.58       1.3861613    0.0042320049
      5996.57       1.3756880    0.0042383859
      6002.57       1.3651551    0.0042459847
      6008.57       1.3551560    0.0042904982
      6014.58       1.3437723    0.0042646576
      6020.60       1.3283541    0.0042706338
      6026.62       1.3199140    0.0042791256
      6032.65       1.3122478    0.0042899975
      6038.68       1.3069469    0.0042732202
      6044.72       1.3005223    0.0043253055
      6050.76       1.2948446    0.0043407520
      6056.81       1.2912311    0.0043562870
      6062.87       1.2821384    0.0043398122
      6068.93       1.2698112    0.0043525657
      6075.00       1.2556623    0.0043994579
      6081.08       1.2405564    0.0044052846
      6087.16       1.2230484    0.0043755113
      6093.25       1.2049200    0.0043760367
      6099.34       1.1892459    0.0043749837
      6105.44       1.1710123    0.0044059742
      6111.54       1.1515436    0.0043722392
      6117.66       1.1329944    0.0043737788
      6123.78       1.1124024    0.0043770169
      6129.90       1.0941082    0.0043790614
      6136.03       1.0767541    0.0043814041
      6142.17       1.0653390    0.0043844494
      6148.31       1.0526441    0.0043880232
      6154.46       1.0434422    0.0043589559
      6160.61       1.0343160    0.0043975419
      6166.77       1.0297455    0.0044017743
      6172.94       1.0234144    0.0043744124
      6179.11       1.0142384    0.0043786342
      6185.29       1.0025524    0.0043835716
      6191.48      0.99677173    0.0044249531
      6197.67      0.99438009    0.0043983496
      6203.87      0.98892266    0.0044036225
      6210.07      0.98292523    0.0044456468
      6216.28      0.97852926    0.0044205905
      6222.50      0.97585980    0.0044275377
      6228.72      0.97715598    0.0044361885
      6234.95      0.97650405    0.0044512001
      6241.19      0.97622774    0.0044592505
      6247.42      0.97713265    0.0044672997
      6253.67      0.98001281    0.0044442518
      6259.93      0.98206134    0.0044874119
      6266.19      0.98482471    0.0044623719
      6272.46      0.98666760    0.0044684520
      6278.73      0.98998608    0.0045082588
      6285.01      0.99449797    0.0044799622
      6291.29      0.99692633    0.0044839204
      6297.58      0.99734609    0.0044886227
      6303.88       1.0003977    0.0044945491
      6310.19       1.0050550    0.0044996200
      6316.50       1.0088631    0.0045056128
      6322.81       1.0091409    0.0045117644
      6329.14       1.0098495    0.0045160461
      6335.47       1.0103274    0.0044867965
      6341.80       1.0102774    0.0045249991
      6348.14       1.0083623    0.0045293872
      6354.49       1.0045480    0.0045003065
      6360.85       1.0021139    0.0045387016
      6367.21       1.0005997    0.0045091901
      6373.57       1.0026008    0.0045122496
      6379.95       1.0038805    0.0045520072
      6386.33       1.0089507    0.0045238435
      6392.72       1.0156072    0.0045283385
      6399.11       1.0249419    0.0045366382
      6405.51       1.0376554    0.0045409733
      6411.92       1.0548726    0.0045500758
      6418.32       1.0702053    0.0045538903
      6424.74       1.0913544    0.0045272462
      6431.17       1.1132452    0.0045668430
      6437.60       1.1334642    0.0045711914
      6444.04       1.1535588    0.0045450259
      6450.48       1.1740884    0.0045840465
      6456.94       1.1936248    0.0045573260
      6463.39       1.2114396    0.0045968483
      6469.85       1.2286562    0.0045696764
      6476.33       1.2466833    0.0045750137
      6482.80       1.2625001    0.0045819599
      6489.28       1.2754598    0.0045870117
      6495.77       1.2878507    0.0045941968
      6502.27       1.2985508    0.0045989386
      6508.77       1.3071648    0.0045715197
      6515.28       1.3123434    0.0046108204
      6521.80       1.3177563    0.0045834776
      6528.32       1.3204517    0.0046226352
      6534.85       1.3230396    0.0045953682
      6541.38       1.3218163    0.0046343086
      6547.92       1.3210327    0.0046070875
      6554.47       1.3199376    0.0046108740
      6561.03       1.3152017    0.0046208085
      6567.59       1.3117543    0.0046329320
      6574.16       1.3120680    0.0046591343
      6580.73       1.3115483    0.0046642664
      6587.31       1.3117822    0.0046676872
      6593.90       1.3128436    0.0046820254
      6600.50       1.3155490    0.0047259275
      6607.10       1.3155655    0.0047697232
      6613.70       1.3115155    0.0048484275
      6620.32       1.3124560    0.0049139926
      6626.94       1.3124512    0.0050096879
      6633.57       1.3114874    0.0050760595
      6640.20       1.3097703    0.0051529051
      6646.84       1.3091958    0.0051537024
      6653.49       1.3038189    0.0052131937
      6660.14       1.2932746    0.0051637680
      6666.80       1.2881107    0.0051672563
      6673.47       1.2826826    0.0050825621
      6680.14       1.2718245    0.0050575962
      6686.82       1.2592866    0.0049747096
      6693.51       1.2437184    0.0049356169
      6700.20       1.2309060    0.0049188081
      6706.90       1.2106338    0.0048862851
      6713.61       1.1907558    0.0048600003
      6720.32       1.1690916    0.0048411363
      6727.05       1.1463632    0.0047977731
      6733.77       1.1230072    0.0048197042
      6740.51       1.1013858    0.0047803655
      6747.25       1.0875416    0.0048097181
      6754.00       1.0750756    0.0047764537
      6760.75       1.0671009    0.0047804095
      6767.51       1.0690444    0.0047823229
      6774.28       1.0746832    0.0047867423
      6781.05       1.0792588    0.0047899454
      6787.84       1.0895749    0.0047878425
      6794.62       1.1100526    0.0047868024
      6801.42       1.1301199    0.0047837558
      6808.22       1.1512378    0.0047836933
      6815.03       1.1781556    0.0047512532
      6821.85       1.1987948    0.0047833975
      6828.67       1.2230637    0.0047841390
      6835.50       1.2371854    0.0047516340
      6842.33       1.2501521    0.0047851844
      6849.17       1.2579511    0.0047552070
      6856.02       1.2673376    0.0047609571
      6862.88       1.2751215    0.0047998807
      6869.74       1.2783705    0.0047770947
      6876.61       1.2772159    0.0047877524
      6883.49       1.2701955    0.0047972045
      6890.37       1.2630287    0.0048145803
      6897.27       1.2593787    0.0048419948
      6904.16       1.2484340    0.0048466777
      6911.07       1.2343716    0.0049240912
      6917.98       1.2203763    0.0049492219
      6924.89       1.2094052    0.0050132743
      6931.82       1.2016090    0.0050952914
      6938.75       1.1949262    0.0050939580
      6945.69       1.1866642    0.0051215373
      6952.64       1.1763218    0.0051372392
      6959.59       1.1697261    0.0051392580
      6966.55       1.1601016    0.0051352283
      6973.52       1.1623028    0.0051257843
      6980.49       1.1653444    0.0051173526
      6987.47       1.1737523    0.0051151167
      6994.46       1.1811231    0.0051227721
      7001.46       1.1834499    0.0050946431
      7008.46       1.1873918    0.0051379104
      7015.46       1.1939244    0.0051419061
      7022.48       1.2021563    0.0051022990
      7029.51       1.2067639    0.0050883993
      7036.53       1.2082705    0.0051023648
      7043.57       1.2103632    0.0050514806
      7050.62       1.2137185    0.0050321805
      7057.66       1.2219343    0.0050116044
      7064.72       1.2300814    0.0049862195
      7071.79       1.2320215    0.0049653968
      7078.86       1.2297420    0.0049386492
      7085.94       1.2309093    0.0049153565
      7093.03       1.2329070    0.0048659878
      7100.12       1.2368677    0.0048501572
      7107.22       1.2434827    0.0048696817
      7114.33       1.2434793    0.0048601821
      7121.44       1.2396243    0.0048215054
      7128.56       1.2339543    0.0048158830
      7135.69       1.2261991    0.0048097588
      7142.83       1.2215078    0.0048345057
      7149.97       1.2123403    0.0047964918
      7157.12       1.2011324    0.0047916058
      7164.28       1.1861546    0.0047881316
      7171.44       1.1748972    0.0047861674
      7178.62       1.1660250    0.0047529615
      7185.80       1.1596901    0.0047820857
      7192.98       1.1538804    0.0047810085
      7200.17       1.1487943    0.0047809258
      7207.38       1.1423202    0.0047815785
      7214.58       1.1362029    0.0047504422
      7221.80       1.1357873    0.0047507501
      7229.02       1.1369630    0.0047514842
      7236.25       1.1385773    0.0047525451
      7243.49       1.1393298    0.0047839958
      7250.73       1.1366580    0.0047543915
      7257.98       1.1334863    0.0047611335
      7265.24       1.1319760    0.0047930339
      7272.51       1.1362959    0.0048541617
      7279.78       1.1417207    0.0049004231
      7287.06       1.1398813    0.0048428533
      7294.35       1.1404026    0.0048534090
      7301.64       1.1397499    0.0049447656
      7308.94       1.1379488    0.0051082842
      7316.25       1.1361007    0.0053254503
      7323.57       1.1348112    0.0056243384
      7330.89       1.1304399    0.0059136762
      7338.22       1.1234444    0.0062994587
      7345.56       1.1153915    0.0066873024
      7352.91       1.1087722    0.0070209646
      7360.26       1.1053073    0.0072305193
      7367.62       1.1019944    0.0072606636
      7374.99       1.0958902    0.0071038854
      7382.37       1.0765396    0.0068057505
      7389.75       1.0611315    0.0064499790
      7397.14       1.0469775    0.0060791849
      7404.53       1.0376192    0.0057375773
      7411.94       1.0337842    0.0054673223
      7419.35       1.0182171    0.0052584077
      7426.77       1.0001428    0.0050823394
      7434.20      0.98078484    0.0049576749
      7441.63      0.96311743    0.0048877019
      7449.07      0.95355357    0.0048347488
      7456.52      0.94906738    0.0047698326
      7463.98      0.94315840    0.0047301954
      7471.45      0.93518769    0.0047005853
      7478.92      0.92990010    0.0046801177
      7486.40      0.92902778    0.0046665589
      7493.88      0.93546648    0.0046577553
      7501.38      0.94209994    0.0046519631
      7508.88      0.94802650    0.0046476544
      7516.39      0.95360921    0.0046443044
      7523.91      0.95854719    0.0046418478
      7531.43      0.96998095    0.0046397262
      7538.96      0.98172204    0.0046375398
      7546.50      0.99217286    0.0046353915
      7554.05       1.0018233    0.0046334397
      7561.60       1.0047673    0.0046313222
      7569.16       1.0052873    0.0046293407
      7576.73       1.0050951    0.0046281603
      7584.31       1.0045006    0.0046277519
      7591.89       1.0118128    0.0046277719
      7599.49       1.0126654    0.0046283782
      7607.09       1.0118598    0.0046297241
      7614.70       1.0067263    0.0046313436
      7622.31       1.0008923    0.0046032794
      7629.93      0.99726312    0.0046011195
      7637.56      0.99722149    0.0045694177
      7645.20      0.99491863    0.0045387966
      7652.85      0.99413795    0.0045078875
      7660.50      0.99156842    0.0044777543
      7668.16      0.98848975    0.0044216147
      7675.83      0.99024452    0.0044174230
      7683.50      0.99127062    0.0043636691
      7691.19      0.98957363    0.0043118028
      7698.88      0.98596730    0.0042850655
      7706.58      0.98392369    0.0042593156
      7714.29      0.97849861    0.0042335372
      7722.00      0.97206284    0.0041856518
      7729.73      0.96593900    0.0041386861
      7737.45      0.95738715    0.0041130958
      7745.19      0.94950834    0.0040877123
      7752.94      0.94208346    0.0040623267
      7760.69      0.93565618    0.0040192502
      7768.45      0.92911618    0.0039971700
      7776.22      0.91885459    0.0039579359
      7784.00      0.90733974    0.0039399251
      7791.78      0.89505222    0.0039207938
      7799.57      0.88488000    0.0038852826
      7807.37      0.87246313    0.0038718612
      7815.18      0.85846137    0.0038456793
      7822.99      0.84486747    0.0038427229
      7830.82      0.83452832    0.0038400513
      7838.65      0.82310600    0.0038521969
      7846.49      0.81068550    0.0038433147
      7854.34      0.79996878    0.0038243834
      7862.19      0.79237261    0.0038226167
      7870.05      0.78278916    0.0038045388
      7877.93      0.77443256    0.0038046088
      7885.80      0.76756907    0.0037837645
      7893.69      0.76034506    0.0037891931
      7901.58      0.75783239    0.0037581710
      7909.49      0.75390204    0.0037393788
      7917.40      0.75115001    0.0037035095
      7925.31      0.74924214    0.0036780675
      7933.24      0.74557327    0.0036373925
      7941.17      0.74117749    0.0036086483
      7949.11      0.73805292    0.0035674454
      7957.06      0.73734974    0.0035372896
      7965.02      0.73571274    0.0034965216
      7972.98      0.73574506    0.0034676555
      7980.96      0.73367770    0.0034285993
      7988.94      0.73336649    0.0034011080
      7996.93      0.73145657    0.0033632495
      8004.93      0.72765437    0.0033631720
      8012.93      0.72445011    0.0033977701
      8020.95      0.72176114    0.0034494344
      8028.97      0.71858827    0.0035064483
      8036.99      0.71485356    0.0035796167
      8045.03      0.71081619    0.0036543689
      8053.08      0.70547323    0.0037626151
      8061.13      0.70088745    0.0039191154
      8069.20      0.69740881    0.0041052325
      8077.26      0.69226304    0.0043194465
      8085.34      0.68711242    0.0046433830
      8093.43      0.68119922    0.0051416054
      8101.52      0.67556924    0.0057097913
      8109.62      0.66975767    0.0063203592
      8117.73      0.66431971    0.0071808487
      8125.85      0.65925638    0.0084476478
      8133.98      0.65248649    0.0099341278
