# data from 
# via WISEREP
# de-redshifted assuming z=   0.00239000
# phase in rest-frame days relative to JD =        2451480.9
# type is SNII
# phase is       94.4000
# WARNING: fake error spectrum!

       4499.2500      0.21694878     0.092715399
       4500.4900      0.20811978     0.092873374
       4501.7400      0.20606147     0.093032237
       4502.9900      0.19877857     0.093190715
       4504.2300      0.20080536     0.093347543
       4505.4800      0.19138534     0.093505251
       4506.7300      0.19626635     0.093662573
       4507.9800      0.20087786     0.093819510
       4509.2200      0.19847597     0.093974811
       4510.4700      0.19778723     0.094130982
       4511.7200      0.19632309     0.094286767
       4512.9600      0.20181875     0.094440927
       4514.2100      0.21020173     0.094595948
       4515.4600      0.20680693     0.094750585
       4516.7100      0.20548779     0.094904838
       4517.9500      0.21092671     0.095057479
       4519.2000      0.21336801     0.095210970
       4520.4500      0.21744681     0.095364078
       4521.6900      0.22430418     0.095515584
       4522.9400      0.22369898     0.095667931
       4524.1900      0.22587707     0.095819896
       4525.4300      0.22877226     0.095970269
       4526.6800      0.24489046     0.096121475
       4527.9300      0.25062411     0.096272300
       4529.1800      0.25594957     0.096422745
       4530.4200      0.26980457     0.096571610
       4531.6700      0.27213712     0.096721297
       4532.9200      0.28314106     0.096870605
       4534.1600      0.29375256     0.097018344
       4535.4100      0.29365642     0.097166896
       4536.6600      0.29953664     0.097315069
       4537.9000      0.31542632     0.097461683
       4539.1500      0.33029945     0.097609103
       4540.4000      0.33335067     0.097756145
       4541.6500      0.34217494     0.097902809
       4542.8900      0.35904807     0.098047927
       4544.1400      0.35890465     0.098193840
       4545.3900      0.37104019     0.098339376
       4546.6300      0.38896612     0.098483375
       4547.8800      0.39895666     0.098628161
       4549.1300      0.41549882     0.098772571
       4550.3700      0.41870764     0.098915455
       4551.6200      0.44304019     0.099059117
       4552.8700      0.45534279     0.099202404
       4554.1200      0.46811663     0.099345316
       4555.3600      0.49612608     0.099486715
       4556.6100      0.52115524     0.099628882
       4557.8600      0.53421277     0.099770674
       4559.1000      0.56754768     0.099910963
       4560.3500      0.59912057      0.10005201
       4561.6000      0.62034043      0.10019269
       4562.8400      0.65979196      0.10033187
       4564.0900      0.69529078      0.10047180
       4565.3400      0.71690150      0.10061136
       4566.5900      0.76713318      0.10075055
       4567.8300      0.82096139      0.10088826
       4569.0800      0.86348779      0.10102671
       4570.3300      0.90492199      0.10116478
       4571.5700      0.95423798      0.10130139
       4572.8200       1.0081734      0.10143873
       4574.0700       1.0436690      0.10157570
       4575.3100       1.0741245      0.10171121
       4576.5600       1.1141009      0.10184744
       4577.8100       1.1325847      0.10198330
       4579.0600       1.1204602      0.10211880
       4580.3000       1.1096217      0.10225284
       4581.5500       1.1128968      0.10238760
       4582.8000       1.1105122      0.10252199
       4584.0400       1.0950749      0.10265494
       4585.2900       1.0610780      0.10278860
       4586.5400       1.0197998      0.10292189
       4587.7900      0.97982979      0.10305482
       4589.0300      0.95176517      0.10318632
       4590.2800      0.89823641      0.10331851
       4591.5300      0.86189598      0.10345034
       4592.7700      0.84524823      0.10358075
       4594.0200      0.81519779      0.10371185
       4595.2700      0.77618913      0.10384258
       4596.5100      0.75477699      0.10397191
       4597.7600      0.74666509      0.10410191
       4599.0100      0.72364539      0.10423155
       4600.2600      0.72212451      0.10436083
       4601.5000      0.72291726      0.10448871
       4602.7500      0.72689204      0.10461727
       4604.0000      0.73092671      0.10474546
       4605.2400      0.75281166      0.10487226
       4606.4900      0.78121040      0.10499973
       4607.7400      0.79680378      0.10512683
       4608.9800      0.82544996      0.10525256
       4610.2300      0.84986288      0.10537894
       4611.4800      0.88815760      0.10550496
       4612.7300      0.91687313      0.10563062
       4613.9700      0.94832624      0.10575492
       4615.2200      0.96466194      0.10587986
       4616.4700      0.98461308      0.10600444
       4617.7100       1.0066178      0.10612767
       4618.9600       1.0321923      0.10625153
       4620.2100       1.0470402      0.10637503
       4621.4500       1.0576753      0.10649719
       4622.7000       1.0363499      0.10661998
       4623.9500       1.0154641      0.10674241
       4625.2000       1.0128968      0.10686448
       4626.4400      0.98848385      0.10698522
       4627.6900      0.94966588      0.10710657
       4628.9400      0.92910481      0.10722757
       4630.1800      0.91564539      0.10734725
       4631.4300      0.89238613      0.10746754
       4632.6800      0.88075020      0.10758747
       4633.9200      0.87458471      0.10770609
       4635.1700      0.84896296      0.10782531
       4636.4200      0.82633412      0.10794417
       4637.6700      0.82150197      0.10806268
       4638.9100      0.82470922      0.10817989
       4640.1600      0.81855319      0.10829769
       4641.4100      0.82254531      0.10841514
       4642.6500      0.82424744      0.10853129
       4643.9000      0.83403783      0.10864803
       4645.1500      0.84752876      0.10876442
       4646.4000      0.88703231      0.10888045
       4647.6400      0.93503073      0.10899521
       4648.8900      0.95911426      0.10911054
       4650.1400      0.98627738      0.10922551
       4651.3800       1.0467801      0.10933922
       4652.6300       1.1043956      0.10945350
       4653.8800       1.1518629      0.10956742
       4655.1200       1.1963798      0.10968008
       4656.3700       1.2366651      0.10979330
       4657.6200       1.2531442      0.10990617
       4658.8700       1.2714295      0.11001869
       4660.1100       1.3024066      0.11012997
       4661.3600       1.3059054      0.11024179
       4662.6100       1.3163436      0.11035326
       4663.8500       1.3399149      0.11046350
       4665.1000       1.3361009      0.11057427
       4666.3500       1.3198629      0.11068470
       4667.5900       1.3119259      0.11079390
       4668.8400       1.3070764      0.11090363
       4670.0900       1.2977069      0.11101302
       4671.3400       1.2700867      0.11112205
       4672.5800       1.2338440      0.11122987
       4673.8300       1.2063767      0.11133822
       4675.0800       1.1927833      0.11144621
       4676.3200       1.1669220      0.11155300
       4677.5700       1.1415571      0.11166031
       4678.8200       1.1300520      0.11176727
       4680.0600       1.1048290      0.11187303
       4681.3100       1.0898188      0.11197930
       4682.5600       1.0757179      0.11208523
       4683.8100       1.0612530      0.11219081
       4685.0500       1.0609393      0.11229520
       4686.3000       1.0547155      0.11240010
       4687.5500       1.0513822      0.11250465
       4688.7900       1.0630339      0.11260802
       4690.0400       1.0801024      0.11271188
       4691.2900       1.0905201      0.11281540
       4692.5300       1.1028779      0.11291776
       4693.7800       1.1132199      0.11302060
       4695.0300       1.1029441      0.11312309
       4696.2800       1.0976485      0.11322525
       4697.5200       1.1022411      0.11332624
       4698.7700       1.0941135      0.11342772
       4700.0200       1.0784113      0.11352885
       4701.2600       1.0707376      0.11362883
       4702.5100       1.0597447      0.11372928
       4703.7600       1.0446194      0.11382940
       4705.0000       1.0459638      0.11392837
       4706.2500       1.0392451      0.11402780
       4707.5000       1.0282175      0.11412690
       4708.7500       1.0268716      0.11422565
       4709.9900       1.0307329      0.11432328
       4711.2400       1.0492640      0.11442136
       4712.4900       1.0784854      0.11451910
       4713.7300       1.0983231      0.11461573
       4714.9800       1.1218928      0.11471280
       4716.2300       1.1449724      0.11480953
       4717.4800       1.1520536      0.11490592
       4718.7200       1.1613712      0.11500121
       4719.9700       1.1590654      0.11509693
       4721.2200       1.1592939      0.11519231
       4722.4600       1.1535619      0.11528660
       4723.7100       1.1572072      0.11538132
       4724.9600       1.1475776      0.11547570
       4726.2000       1.1229961      0.11556899
       4727.4500       1.1112593      0.11566270
       4728.7000       1.0767013      0.11575608
       4729.9500       1.0518991      0.11584912
       4731.1900       1.0318314      0.11594109
       4732.4400      0.99749251      0.11603346
       4733.6900      0.97679117      0.11612551
       4734.9300      0.95471868      0.11621648
       4736.1800      0.92706856      0.11630786
       4737.4300      0.90938219      0.11639891
       4738.6700      0.89596375      0.11648890
       4739.9200      0.88509535      0.11657928
       4741.1700      0.87336958      0.11666933
       4742.4200      0.85291253      0.11675906
       4743.6600      0.85173365      0.11684773
       4744.9100      0.85256107      0.11693679
       4746.1600      0.85297242      0.11702552
       4747.4000      0.85531127      0.11711321
       4748.6500      0.83543262      0.11720129
       4749.9000      0.82173522      0.11728903
       4751.1400      0.81970213      0.11737574
       4752.3900      0.80695035      0.11746283
       4753.6400      0.80397636      0.11754958
       4754.8900      0.80504965      0.11763601
       4756.1300      0.79595587      0.11772142
       4757.3800      0.79562017      0.11780720
       4758.6300      0.81163278      0.11789264
       4759.8700      0.81497400      0.11797708
       4761.1200      0.81776202      0.11806187
       4762.3700      0.82594641      0.11814634
       4763.6100      0.81857683      0.11822980
       4764.8600      0.82420646      0.11831362
       4766.1100      0.82597478      0.11839711
       4767.3600      0.80174626      0.11848027
       4768.6000      0.78477384      0.11856245
       4769.8500      0.78396217      0.11864496
       4771.1000      0.77375887      0.11872715
       4772.3400      0.76036407      0.11880836
       4773.5900      0.75088889      0.11888990
       4774.8400      0.73658314      0.11897112
       4776.0800      0.73726399      0.11905137
       4777.3300      0.74827738      0.11913194
       4778.5800      0.75826320      0.11921219
       4779.8300      0.77034515      0.11929212
       4781.0700      0.78428211      0.11937109
       4782.3200      0.80703546      0.11945037
       4783.5700      0.84126241      0.11952933
       4784.8100      0.87784397      0.11960734
       4786.0600      0.89349567      0.11968566
       4787.3100      0.91467612      0.11976366
       4788.5600      0.94689362      0.11984134
       4789.8000      0.97453586      0.11991808
       4791.0500      0.97645232      0.11999512
       4792.3000      0.97187549      0.12007184
       4793.5400      0.97594957      0.12014763
       4794.7900      0.98770213      0.12022371
       4796.0400      0.99110954      0.12029947
       4797.2800      0.97853270      0.12037431
       4798.5300      0.97375414      0.12044944
       4799.7800      0.99336958      0.12052425
       4801.0300       1.0020331      0.12059874
       4802.2700       1.0070938      0.12067232
       4803.5200       1.0312325      0.12074618
       4804.7700       1.0524413      0.12081972
       4806.0100       1.0603641      0.12089235
       4807.2600       1.0589850      0.12096526
       4808.5100       1.0683105      0.12103785
       4809.7500       1.0579433      0.12110955
       4811.0000       1.0423010      0.12118151
       4812.2500       1.0238739      0.12125316
       4813.5000      0.99551615      0.12132449
       4814.7400      0.96408511      0.12139494
       4815.9900      0.93087628      0.12146564
       4817.2400      0.89035461      0.12153603
       4818.4800      0.84699764      0.12160555
       4819.7300      0.80956816      0.12167531
       4820.9800      0.77374941      0.12174476
       4822.2200      0.73714421      0.12181334
       4823.4700      0.69780457      0.12188217
       4824.7200      0.65415603      0.12195068
       4825.9700      0.62846809      0.12201888
       4827.2100      0.61319307      0.12208623
       4828.4600      0.59710954      0.12215381
       4829.7100      0.58940898      0.12222107
       4830.9500      0.59348148      0.12228750
       4832.2000      0.59962963      0.12235414
       4833.4500      0.61356659      0.12242048
       4834.6900      0.63789913      0.12248598
       4835.9400      0.65436091      0.12255169
       4837.1900      0.66926399      0.12261710
       4838.4400      0.69554452      0.12268220
       4839.6800      0.70987076      0.12274647
       4840.9300      0.71405043      0.12281095
       4842.1800      0.72502128      0.12287513
       4843.4200      0.73098188      0.12293848
       4844.6700      0.74168952      0.12300204
       4845.9200      0.74625217      0.12306529
       4847.1700      0.74053743      0.12312823
       4848.4100      0.74392750      0.12319037
       4849.6600      0.74259259      0.12325270
       4850.9100      0.73102443      0.12331473
       4852.1500      0.73624586      0.12337595
       4853.4000      0.74587392      0.12343736
       4854.6500      0.72473128      0.12349847
       4855.8900      0.73904965      0.12355879
       4857.1400      0.75052797      0.12361929
       4858.3900      0.75368322      0.12367948
       4859.6400      0.76220646      0.12373937
       4860.8800      0.76099448      0.12379848
       4862.1300      0.77288574      0.12385776
       4863.3800      0.77641292      0.12391674
       4864.6200      0.78141056      0.12397495
       4865.8700      0.76179039      0.12403332
       4867.1200      0.73653901      0.12409140
       4868.3600      0.72398582      0.12414870
       4869.6100      0.69702128      0.12420617
       4870.8600      0.67026320      0.12426334
       4872.1100      0.63726399      0.12432020
       4873.3500      0.61897084      0.12437631
       4874.6000      0.57956974      0.12443258
       4875.8500      0.55512372      0.12448854
       4877.0900      0.53808668      0.12454375
       4878.3400      0.49954452      0.12459912
       4879.5900      0.48818755      0.12465418
       4880.8300      0.47124035      0.12470851
       4882.0800      0.46561229      0.12476297
       4883.3300      0.45111899      0.12481714
       4884.5800      0.44723562      0.12487101
       4885.8200      0.44939795      0.12492415
       4887.0700      0.44845075      0.12497742
       4888.3200      0.44889677      0.12503039
       4889.5600      0.45832151      0.12508265
       4890.8100      0.47141371      0.12513503
       4892.0600      0.48157289      0.12518711
       4893.3000      0.49607880      0.12523849
       4894.5500      0.51264460      0.12528998
       4895.8000      0.54045390      0.12534117
       4897.0500      0.56931915      0.12539207
       4898.2900      0.59978251      0.12544227
       4899.5400      0.63355398      0.12549258
       4900.7900      0.67059259      0.12554259
       4902.0300      0.72217179      0.12559192
       4903.2800      0.77278487      0.12564134
       4904.5300      0.80823798      0.12569048
       4905.7700      0.86990701      0.12573892
       4907.0200      0.95434988      0.12578747
       4908.2700       1.0033018      0.12583572
       4909.5200       1.0617715      0.12588368
       4910.7600       1.1397904      0.12593097
       4912.0100       1.2276202      0.12597834
       4913.2600       1.3096738      0.12602543
       4914.5000       1.3626556      0.12607184
       4915.7500       1.4315603      0.12611834
       4917.0000       1.4998408      0.12616455
       4918.2500       1.5598251      0.12621047
       4919.4900       1.6168479      0.12625573
       4920.7400       1.6655634      0.12630107
       4921.9900       1.6939165      0.12634612
       4923.2300       1.7118203      0.12639052
       4924.4800       1.7420804      0.12643499
       4925.7300       1.7543105      0.12647917
       4926.9700       1.7739953      0.12652271
       4928.2200       1.7852640      0.12656632
       4929.4700       1.7791332      0.12660963
       4930.7200       1.7648542      0.12665266
       4931.9600       1.7426950      0.12669505
       4933.2100       1.7517258      0.12673751
       4934.4600       1.7578566      0.12677967
       4935.7000       1.7596690      0.12682122
       4936.9500       1.7602049      0.12686281
       4938.2000       1.7605516      0.12690411
       4939.4400       1.7478329      0.12694481
       4940.6900       1.7429472      0.12698554
       4941.9400       1.7291411      0.12702599
       4943.1900       1.7046809      0.12706615
       4944.4300       1.6781403      0.12710572
       4945.6800       1.6545942      0.12714531
       4946.9300       1.6049173      0.12718462
       4948.1700       1.5373286      0.12722334
       4949.4200       1.4989866      0.12726208
       4950.6700       1.4466950      0.12730054
       4951.9100       1.3832750      0.12733841
       4953.1600       1.3101671      0.12737631
       4954.4100       1.2253948      0.12741392
       4955.6600       1.1656091      0.12745125
       4956.9000       1.1109188      0.12748800
       4958.1500       1.0488574      0.12752477
       4959.4000      0.98733806      0.12756125
       4960.6400      0.92542317      0.12759717
       4961.8900      0.85368322      0.12763309
       4963.1400      0.79045075      0.12766873
       4964.3800      0.74718519      0.12770381
       4965.6300      0.69921040      0.12773890
       4966.8800      0.64115209      0.12777370
       4968.1300      0.59724980      0.12780822
       4969.3700      0.55457526      0.12784219
       4970.6200      0.51164854      0.12787616
       4971.8700      0.48995272      0.12790985
       4973.1100      0.46696612      0.12794299
       4974.3600      0.44237352      0.12797612
       4975.6100      0.43664460      0.12800898
       4976.8500      0.43624429      0.12804129
       4978.1000      0.42722774      0.12807359
       4979.3500      0.43513633      0.12810562
       4980.6000      0.44637352      0.12813736
       4981.8400      0.45664460      0.12816858
       4983.0900      0.48007723      0.12819978
       4984.3400      0.49539638      0.12823070
       4985.5800      0.51020173      0.12826109
       4986.8300      0.53420804      0.12829146
       4988.0800      0.56638140      0.12832049
       4989.3300      0.59525926      0.12835119
       4990.5700      0.62993853      0.12838166
       4991.8200      0.66965012      0.12841192
       4993.0700      0.71258629      0.12844026
       4994.3100      0.75435146      0.12846830
       4995.5600      0.80111584      0.12849587
       4996.8100      0.84977463      0.12852311
       4998.0500      0.90420331      0.12854974
       4999.3000      0.96155083      0.12857713
       5000.5500       1.0087076      0.12860462
       5001.8000       1.0591158      0.12863176
       5003.0400       1.0996107      0.12865890
       5004.2900       1.1409362      0.12868557
       5005.5400       1.1793633      0.12871245
       5006.7800       1.2222317      0.12873911
       5008.0300       1.2670827      0.12876506
       5009.2800       1.3204192      0.12879105
       5010.5200       1.3774326      0.12881582
       5011.7700       1.4355839      0.12884117
       5013.0200       1.4858282      0.12886586
       5014.2700       1.5226320      0.12889095
       5015.5100       1.5572057      0.12891488
       5016.7600       1.6005043      0.12893904
       5018.0100       1.6385658      0.12896237
       5019.2500       1.6618440      0.12898586
       5020.5000       1.6815445      0.12900896
       5021.7500       1.6997951      0.12903162
       5023.0000       1.7166588      0.12905415
       5024.2400       1.7346730      0.12907610
       5025.4900       1.7433570      0.12909736
       5026.7400       1.7388495      0.12911788
       5027.9800       1.7211190      0.12913805
       5029.2300       1.7063199      0.12915864
       5030.4800       1.6956816      0.12917902
       5031.7200       1.6695508      0.12919938
       5032.9700       1.6518361      0.12921983
       5034.2200       1.6417967      0.12924070
       5035.4700       1.6116942      0.12926072
       5036.7100       1.5746414      0.12928098
       5037.9600       1.5462522      0.12930106
       5039.2100       1.5059338      0.12932094
       5040.4500       1.4680536      0.12934018
       5041.7000       1.4371868      0.12935906
       5042.9500       1.3928605      0.12937734
       5044.1900       1.3474909      0.12939465
       5045.4400       1.2934074      0.12941219
       5046.6900       1.2465075      0.12942903
       5047.9400       1.2169204      0.12944578
       5049.1800       1.1793034      0.12946199
       5050.4300       1.1559574      0.12947863
       5051.6800       1.1463010      0.12949545
       5052.9200       1.1255792      0.12951213
       5054.1700       1.1081781      0.12952860
       5055.4200       1.1032939      0.12954502
       5056.6600       1.0900205      0.12956067
       5057.9100       1.0732183      0.12957589
       5059.1600       1.0756154      0.12959051
       5060.4100       1.0827565      0.12960462
       5061.6500       1.0787423      0.12961813
       5062.9000       1.0862900      0.12963129
       5064.1500       1.1021702      0.12964428
       5065.3900       1.1213790      0.12965661
       5066.6400       1.1353349      0.12966974
       5067.8900       1.1473601      0.12968250
       5069.1300       1.1581214      0.12969584
       5070.3800       1.1496990      0.12970881
       5071.6300       1.1413097      0.12972194
       5072.8800       1.1429220      0.12973495
       5074.1200       1.1376580      0.12974772
       5075.3700       1.1283830      0.12975995
       5076.6200       1.1161166      0.12977180
       5077.8600       1.0980898      0.12978259
       5079.1100       1.0839354      0.12979366
       5080.3600       1.0744397      0.12980369
       5081.6000       1.0623593      0.12981343
       5082.8500       1.0415902      0.12982290
       5084.1000       1.0195729      0.12983243
       5085.3500      0.99380457      0.12984177
       5086.5900      0.96427266      0.12985091
       5087.8400      0.93325296      0.12985956
       5089.0900      0.90347675      0.12986865
       5090.3300      0.87705280      0.12987749
       5091.5800      0.85134437      0.12988573
       5092.8300      0.83073759      0.12989368
       5094.0800      0.81084318      0.12990153
       5095.3200      0.78022695      0.12990941
       5096.5700      0.75363121      0.12991674
       5097.8200      0.74375414      0.12992377
       5099.0600      0.72789598      0.12993016
       5100.3100      0.70498976      0.12993738
       5101.5600      0.68814500      0.12994365
       5102.8000      0.67539322      0.12994957
       5104.0500      0.65697400      0.12995566
       5105.3000      0.64460205      0.12996164
       5106.5500      0.62997951      0.12996699
       5107.7900      0.59941529      0.12997236
       5109.0400      0.57406147      0.12997697
       5110.2900      0.55279905      0.12998110
       5111.5300      0.53074704      0.12998520
       5112.7800      0.50996375      0.12998841
       5114.0300      0.48145311      0.12999183
       5115.2700      0.45457053      0.12999519
       5116.5200      0.43455634      0.12999836
       5117.7700      0.41783136      0.13000100
       5119.0200      0.40092356      0.13000364
       5120.2600      0.38424901      0.13000618
       5121.5100      0.37651379      0.13000843
       5122.7600      0.36861623      0.13001098
       5124.0000      0.36356186      0.13001320
       5125.2500      0.36267612      0.13001526
       5126.5000      0.36063199      0.13001725
       5127.7400      0.36041450      0.13001858
       5128.9900      0.36143893      0.13001979
       5130.2400      0.37090465      0.13002048
       5131.4900      0.37961860      0.13002021
       5132.7300      0.38675335      0.13002029
       5133.9800      0.39966115      0.13002018
       5135.2300      0.41122931      0.13001947
       5136.4700      0.42078329      0.13001927
       5137.7200      0.42740268      0.13001866
       5138.9700      0.43899133      0.13001778
       5140.2100      0.44581403      0.13001645
       5141.4600      0.45323404      0.13001492
       5142.7100      0.46424113      0.13001241
       5143.9600      0.47899291      0.13001018
       5145.2000      0.49441765      0.13000740
       5146.4500      0.49888101      0.13000493
       5147.7000      0.50281324      0.13000205
       5148.9400      0.51467297      0.12999992
       5150.1900      0.52871552      0.12999709
       5151.4400      0.54430733      0.12999425
       5152.6900      0.55355556      0.12999067
       5153.9300      0.56657368      0.12998686
       5155.1800      0.58652482      0.12998252
       5156.4300      0.59850749      0.12997726
       5157.6700      0.60789756      0.12997204
       5158.9200      0.62044129      0.12996674
       5160.1700      0.63965800      0.12996137
       5161.4100      0.66185500      0.12995617
       5162.6600      0.68556816      0.12995131
       5163.9100      0.69815603      0.12994562
       5165.1600      0.70751931      0.12994038
       5166.4000      0.71474704      0.12993427
       5167.6500      0.72230260      0.12992831
       5168.9000      0.73930339      0.12992127
       5170.1400      0.76504492      0.12991506
       5171.3900      0.77678802      0.12990759
       5172.6400      0.78447754      0.12990050
       5173.8800      0.80015603      0.12989276
       5175.1300      0.81475177      0.12988502
       5176.3800      0.82860205      0.12987670
       5177.6300      0.82680536      0.12986795
       5178.8700      0.82693459      0.12985883
       5180.1200      0.83262096      0.12984954
       5181.3700      0.83119622      0.12984005
       5182.6100      0.82986604      0.12983021
       5183.8600      0.82884634      0.12982042
       5185.1100      0.81063515      0.12981081
       5186.3500      0.79700394      0.12980157
       5187.6000      0.78664460      0.12979180
       5188.8500      0.77364697      0.12978159
       5190.1000      0.76588495      0.12977137
       5191.3400      0.75508117      0.12976098
       5192.5900      0.74999527      0.12974985
       5193.8400      0.74592750      0.12973914
       5195.0800      0.74347675      0.12972768
       5196.3300      0.74140426      0.12971575
       5197.5800      0.74812924      0.12970377
       5198.8200      0.74628369      0.12969095
       5200.0700      0.74628054      0.12967862
       5201.3200      0.75568794      0.12966569
       5202.5700      0.76212608      0.12965304
       5203.8100      0.76935697      0.12963962
       5205.0600      0.78368006      0.12962620
       5206.3100      0.79358550      0.12961276
       5207.5500      0.80944996      0.12959882
       5208.8000      0.83199527      0.12958520
       5210.0500      0.85155398      0.12957064
       5211.2900      0.85698030      0.12955643
       5212.5400      0.87044602      0.12954159
       5213.7900      0.89565012      0.12952665
       5215.0400      0.91463672      0.12951123
       5216.2800      0.92936958      0.12949600
       5217.5300      0.93077226      0.12948022
       5218.7800      0.92947991      0.12946440
       5220.0200      0.93335540      0.12944838
       5221.2700      0.93620646      0.12943217
       5222.5200      0.92358550      0.12941529
       5223.7700      0.91501024      0.12939854
       5225.0100      0.89704965      0.12938184
       5226.2600      0.87806777      0.12936461
       5227.5100      0.86419543      0.12934757
       5228.7500      0.83548306      0.12933036
       5230.0000      0.81703388      0.12931261
       5231.2500      0.79872498      0.12929462
       5232.4900      0.78282270      0.12927688
       5233.7400      0.77185028      0.12925860
       5234.9900      0.74702285      0.12923993
       5236.2400      0.73163121      0.12922070
       5237.4800      0.72947045      0.12920121
       5238.7300      0.73641292      0.12918199
       5239.9800      0.72770686      0.12916214
       5241.2200      0.73535382      0.12914238
       5242.4700      0.74883530      0.12912202
       5243.7200      0.75556974      0.12910215
       5244.9600      0.77989283      0.12908144
       5246.2100      0.79616076      0.12906102
       5247.4600      0.81264460      0.12904016
       5248.7100      0.83818125      0.12901935
       5249.9500      0.84976359      0.12899855
       5251.2000      0.86577305      0.12897737
       5252.4500      0.90676596      0.12895573
       5253.6900      0.91722143      0.12893407
       5254.9400      0.93161072      0.12891195
       5256.1900      0.96243184      0.12888986
       5257.4300      0.97446966      0.12886768
       5258.6800      0.97691568      0.12884455
       5259.9300       1.0082443      0.12882147
       5261.1800       1.0260362      0.12879815
       5262.4200       1.0185059      0.12877474
       5263.6700       1.0252987      0.12875113
       5264.9200       1.0290985      0.12872715
       5266.1600       1.0125910      0.12870302
       5267.4100      0.98964697      0.12867918
       5268.6600      0.95738534      0.12865437
       5269.9000      0.92259259      0.12863029
       5271.1500      0.89910954      0.12860593
       5272.4000      0.85931757      0.12858063
       5273.6500      0.82755083      0.12855539
       5274.8900      0.79903704      0.12853031
       5276.1400      0.77813081      0.12850440
       5277.3900      0.75225217      0.12847788
       5278.6300      0.73723247      0.12845185
       5279.8800      0.72416233      0.12842539
       5281.1300      0.71440189      0.12839861
       5282.3800      0.70546730      0.12837142
       5283.6200      0.71428369      0.12834480
       5284.8700      0.70895193      0.12831775
       5286.1200      0.70739638      0.12829027
       5287.3600      0.70908274      0.12826289
       5288.6100      0.73059417      0.12823517
       5289.8600      0.74225690      0.12820716
       5291.1000      0.74978093      0.12817920
       5292.3500      0.75814500      0.12815080
       5293.6000      0.76878014      0.12812200
       5294.8500      0.78704492      0.12809269
       5296.0900      0.80080063      0.12806373
       5297.3400      0.81739322      0.12803462
       5298.5900      0.82764539      0.12800520
       5299.8300      0.85332230      0.12797581
       5301.0800      0.86526872      0.12794608
       5302.3300      0.87555083      0.12791593
       5303.5700      0.88915997      0.12788621
       5304.8200      0.91822380      0.12785595
       5306.0700      0.94176832      0.12782536
       5307.3200      0.96118361      0.12779481
       5308.5600      0.98513948      0.12776359
       5309.8100      0.99793538      0.12773256
       5311.0600       1.0344760      0.12770144
       5312.3000       1.0674641      0.12767014
       5313.5500       1.0934689      0.12763828
       5314.8000       1.1176028      0.12760607
       5316.0400       1.1519669      0.12757437
       5317.2900       1.1786414      0.12754173
       5318.5400       1.1800252      0.12750893
       5319.7900       1.1906745      0.12747583
       5321.0300       1.1784255      0.12744305
       5322.2800       1.1730875      0.12740997
       5323.5300       1.1711300      0.12737693
       5324.7700       1.1549835      0.12734331
       5326.0200       1.1348968      0.12730953
       5327.2700       1.1105169      0.12727585
       5328.5100       1.1011552      0.12724175
       5329.7600       1.0887218      0.12720712
       5331.0100       1.0648306      0.12717226
       5332.2600       1.0511158      0.12713731
       5333.5000       1.0510449      0.12710204
       5334.7500       1.0459291      0.12706626
       5336.0000       1.0340362      0.12703037
       5337.2400       1.0402191      0.12699526
       5338.4900       1.0508605      0.12695959
       5339.7400       1.0589157      0.12692356
       5340.9800       1.0730638      0.12688866
       5342.2300       1.0914547      0.12685195
       5343.4800       1.1046336      0.12681544
       5344.7300       1.1167991      0.12677921
       5345.9700       1.1372403      0.12674250
       5347.2200       1.1381355      0.12670536
       5348.4700       1.1438361      0.12666848
       5349.7100       1.1519228      0.12663048
       5350.9600       1.1656769      0.12659267
       5352.2100       1.1637336      0.12655461
       5353.4600       1.1696596      0.12651654
       5354.7000       1.1772955      0.12647807
       5355.9500       1.1922333      0.12643960
       5357.2000       1.2012955      0.12640124
       5358.4400       1.2061970      0.12636253
       5359.6900       1.2308652      0.12632330
       5360.9400       1.2430118      0.12628412
       5362.1800       1.2520394      0.12624474
       5363.4300       1.2531474      0.12620549
       5364.6800       1.2587250      0.12616558
       5365.9300       1.2604760      0.12612562
       5367.1700       1.2452041      0.12608537
       5368.4200       1.2308243      0.12604543
       5369.6700       1.2161103      0.12600472
       5370.9100       1.2082963      0.12596448
       5372.1600       1.2129756      0.12592258
       5373.4100       1.2101103      0.12588129
       5374.6500       1.1974153      0.12584037
       5375.9000       1.1843924      0.12579847
       5377.1500       1.1679559      0.12575703
       5378.4000       1.1598235      0.12571481
       5379.6400       1.1536123      0.12567318
       5380.8900       1.1421671      0.12563111
       5382.1400       1.1296675      0.12558909
       5383.3800       1.1129173      0.12554731
       5384.6300       1.0992530      0.12550493
       5385.8800       1.0909094      0.12546269
       5387.1200       1.0778172      0.12542018
       5388.3700       1.0716769      0.12537694
       5389.6200       1.0672072      0.12533322
       5390.8700       1.0630229      0.12528974
       5392.1100       1.0613696      0.12524528
       5393.3600       1.0606320      0.12520039
       5394.6100       1.0689046      0.12515544
       5395.8500       1.0882285      0.12511098
       5397.1000       1.1009157      0.12506542
       5398.3500       1.1120678      0.12502034
       5399.5900       1.1412813      0.12497553
       5400.8400       1.1632120      0.12493013
       5402.0900       1.1840615      0.12488541
       5403.3400       1.2135099      0.12484040
       5404.5800       1.2471742      0.12479556
       5405.8300       1.2732750      0.12474996
       5407.0800       1.3074200      0.12470416
       5408.3200       1.3386935      0.12465833
       5409.5700       1.3570008      0.12461163
       5410.8200       1.3852482      0.12456552
       5412.0600       1.4170087      0.12451867
       5413.3100       1.4383798      0.12447142
       5414.5600       1.4485437      0.12442388
       5415.8100       1.4666194      0.12437619
       5417.0500       1.4920095      0.12432906
       5418.3000       1.5060252      0.12428116
       5419.5500       1.5206950      0.12423369
       5420.7900       1.5315335      0.12418670
       5422.0400       1.5453712      0.12413887
       5423.2900       1.5620662      0.12409057
       5424.5400       1.5730402      0.12404249
       5425.7800       1.5804098      0.12399426
       5427.0300       1.5845075      0.12394536
       5428.2800       1.5914894      0.12389620
       5429.5200       1.5911111      0.12384704
       5430.7700       1.5849803      0.12379770
       5432.0200       1.5897242      0.12374755
       5433.2600       1.5901024      0.12369808
       5434.5100       1.5831836      0.12364769
       5435.7600       1.5781560      0.12359758
       5437.0100       1.5692797      0.12354726
       5438.2500       1.5487266      0.12349741
       5439.5000       1.5271064      0.12344717
       5440.7500       1.5131095      0.12339676
       5441.9900       1.4913050      0.12334638
       5443.2400       1.4598329      0.12329543
       5444.4900       1.4298645      0.12324415
       5445.7300       1.4127675      0.12319302
       5446.9800       1.3936249      0.12314147
       5448.2300       1.3672876      0.12308936
       5449.4800       1.3486273      0.12303728
       5450.7200       1.3356659      0.12298529
       5451.9700       1.3217336      0.12293257
       5453.2200       1.3014878      0.12287966
       5454.4600       1.2931158      0.12282698
       5455.7100       1.2817920      0.12277378
       5456.9600       1.2556911      0.12272046
       5458.2000       1.2471332      0.12266763
       5459.4500       1.2459748      0.12261428
       5460.7000       1.2329299      0.12256075
       5461.9500       1.2162443      0.12250721
       5463.1900       1.1995319      0.12245350
       5464.4400       1.1858897      0.12239984
       5465.6900       1.1703924      0.12234626
       5466.9300       1.1531442      0.12229203
       5468.1800       1.1397510      0.12223830
       5469.4300       1.1265122      0.12218386
       5470.6700       1.1069125      0.12212925
       5471.9200       1.0979354      0.12207483
       5473.1700       1.0889898      0.12201940
       5474.4200       1.0693176      0.12196432
       5475.6600       1.0500520      0.12190922
       5476.9100       1.0232025      0.12185377
       5478.1600       1.0114799      0.12179782
       5479.4000      0.99637352      0.12174215
       5480.6500      0.97860520      0.12168585
       5481.9000      0.95976990      0.12162984
       5483.1500      0.93834988      0.12157315
       5484.3900      0.91390544      0.12151756
       5485.6400      0.89007092      0.12146097
       5486.8900      0.87700236      0.12140414
       5488.1300      0.86427108      0.12134741
       5489.3800      0.84439716      0.12129027
       5490.6300      0.83117573      0.12123217
       5491.8700      0.82599685      0.12117448
       5493.1200      0.82652167      0.12111618
       5494.3700      0.81262727      0.12105782
       5495.6200      0.80992908      0.12099937
       5496.8600      0.81824271      0.12094141
       5498.1100      0.83009299      0.12088284
       5499.3600      0.84489992      0.12082451
       5500.6000      0.86417652      0.12076672
       5501.8500      0.89186446      0.12070822
       5503.1000      0.92393696      0.12064919
       5504.3400      0.95884634      0.12059077
       5505.5900      0.99688731      0.12053147
       5506.8400       1.0377226      0.12047217
       5508.0900       1.0873570      0.12041211
       5509.3300       1.1443058      0.12035285
       5510.5800       1.1921655      0.12029270
       5511.8300       1.2621277      0.12023289
       5513.0700       1.3214862      0.12017271
       5514.3200       1.3700804      0.12011245
       5515.5700       1.4258692      0.12005232
       5516.8100       1.4611395      0.11999218
       5518.0600       1.4893160      0.11993119
       5519.3100       1.5252876      0.11987079
       5520.5600       1.5548983      0.11980946
       5521.8000       1.5847754      0.11974885
       5523.0500       1.6268243      0.11968713
       5524.3000       1.6465721      0.11962551
       5525.5400       1.6515524      0.11956435
       5526.7900       1.6608038      0.11950214
       5528.0400       1.6874704      0.11944055
       5529.2800       1.6884003      0.11937831
       5530.5300       1.6998582      0.11931593
       5531.7800       1.7072498      0.11925318
       5533.0300       1.7074232      0.11919067
       5534.2700       1.7033885      0.11912777
       5535.5200       1.7005831      0.11906482
       5536.7700       1.6996848      0.11900169
       5538.0100       1.6897400      0.11893885
       5539.2600       1.6778566      0.11887513
       5540.5100       1.6624586      0.11881168
       5541.7500       1.6529551      0.11874823
       5543.0000       1.6377620      0.11868428
       5544.2500       1.6185658      0.11862047
       5545.5000       1.6033885      0.11855623
       5546.7400       1.5772577      0.11849251
       5547.9900       1.5675950      0.11842821
       5549.2400       1.5581308      0.11836368
       5550.4800       1.5368069      0.11829933
       5551.7300       1.5134137      0.11823442
       5552.9800       1.5003987      0.11816925
       5554.2300       1.4914641      0.11810437
       5555.4700       1.4808385      0.11803956
       5556.7200       1.4656958      0.11797450
       5557.9700       1.4383483      0.11790882
       5559.2100       1.4207880      0.11784353
       5560.4600       1.4160599      0.11777763
       5561.7100       1.3921592      0.11771185
       5562.9500       1.3815571      0.11764601
       5564.2000       1.3833302      0.11757935
       5565.4500       1.3756596      0.11751264
       5566.7000       1.3741828      0.11744586
       5567.9400       1.3673459      0.11737941
       5569.1900       1.3545169      0.11731267
       5570.4400       1.3447155      0.11724564
       5571.6800       1.3428463      0.11717869
       5572.9300       1.3435083      0.11711171
       5574.1800       1.3263404      0.11704420
       5575.4200       1.3169787      0.11697706
       5576.6700       1.3033018      0.11690944
       5577.9200       1.2966556      0.11684121
       5579.1700       1.2876942      0.11677296
       5580.4100       1.2807155      0.11670523
       5581.6600       1.2646399      0.11663694
       5582.9100       1.2532482      0.11656819
       5584.1500       1.2484744      0.11650036
       5585.4000       1.2339622      0.11643214
       5586.6500       1.2130134      0.11636290
       5587.9000       1.1956690      0.11629457
       5589.1400       1.1803562      0.11622639
       5590.3900       1.1624523      0.11615688
       5591.6400       1.1323641      0.11608752
       5592.8800       1.1140110      0.11601811
       5594.1300       1.0995319      0.11594837
       5595.3800       1.0846604      0.11587802
       5596.6200       1.0607518      0.11580868
       5597.8700       1.0241954      0.11573833
       5599.1200       1.0023483      0.11566820
       5600.3600      0.98043341      0.11559840
       5601.6100      0.95051537      0.11552808
       5602.8600      0.91455004      0.11545717
       5604.1100      0.88050591      0.11538639
       5605.3500      0.85705910      0.11531586
       5606.6000      0.82310008      0.11524505
       5607.8500      0.78587864      0.11517348
       5609.0900      0.76136958      0.11510282
       5610.3400      0.73752719      0.11503132
       5611.5900      0.71009456      0.11496002
       5612.8300      0.68768322      0.11488902
       5614.0800      0.66662411      0.11481739
       5615.3300      0.64661466      0.11474537
       5616.5800      0.63422695      0.11467327
       5617.8200      0.62238140      0.11460149
       5619.0700      0.61178408      0.11452899
       5620.3200      0.60692987      0.11445654
       5621.5600      0.60216548      0.11438423
       5622.8100      0.60099764      0.11431171
       5624.0600      0.59953507      0.11423854
       5625.3100      0.60253586      0.11416575
       5626.5500      0.60860205      0.11409327
       5627.8000      0.61248227      0.11402019
       5629.0500      0.62739953      0.11394684
       5630.2900      0.64600630      0.11387395
       5631.5400      0.65833727      0.11380050
       5632.7900      0.68471395      0.11372654
       5634.0300      0.71420331      0.11365343
       5635.2800      0.74080378      0.11357917
       5636.5300      0.76853901      0.11350476
       5637.7800      0.79157447      0.11343053
       5639.0200      0.82258156      0.11335667
       5640.2700      0.85336801      0.11328147
       5641.5200      0.88538219      0.11320677
       5642.7600      0.92546099      0.11313250
       5644.0100      0.96115366      0.11305735
       5645.2600      0.99572892      0.11298255
       5646.5000       1.0308968      0.11290818
       5647.7500       1.0599921      0.11283299
       5649.0000       1.0897116      0.11275769
       5650.2500       1.1102490      0.11268205
       5651.4900       1.1297006      0.11260695
       5652.7400       1.1590039      0.11253129
       5653.9900       1.1741592      0.11245486
       5655.2300       1.1742553      0.11237931
       5656.4800       1.1963530      0.11230288
       5657.7300       1.2331978      0.11222648
       5658.9800       1.2528132      0.11215026
       5660.2200       1.2853286      0.11207452
       5661.4700       1.3172577      0.11199815
       5662.7200       1.3332451      0.11192206
       5663.9600       1.3560252      0.11184635
       5665.2100       1.3807076      0.11176929
       5666.4600       1.4021954      0.11169248
       5667.7000       1.4077683      0.11161559
       5668.9500       1.4189535      0.11153777
       5670.2000       1.4295035      0.11145999
       5671.4500       1.4416312      0.11138146
       5672.6900       1.4476722      0.11130375
       5673.9400       1.4389535      0.11122547
       5675.1900       1.4232072      0.11114733
       5676.4300       1.4195020      0.11106991
       5677.6800       1.4210355      0.11099257
       5678.9300       1.4153302      0.11091448
       5680.1700       1.4018739      0.11083703
       5681.4200       1.4057794      0.11075930
       5682.6700       1.3962270      0.11068110
       5683.9200       1.3820110      0.11060271
       5685.1600       1.3848369      0.11052445
       5686.4100       1.3763231      0.11044530
       5687.6600       1.3600552      0.11036624
       5688.9000       1.3543924      0.11028724
       5690.1500       1.3475477      0.11020735
       5691.4000       1.3476422      0.11012741
       5692.6400       1.3436060      0.11004828
       5693.8900       1.3314972      0.10996845
       5695.1400       1.3273727      0.10988854
       5696.3900       1.3206493      0.10980875
       5697.6300       1.3084886      0.10973000
       5698.8800       1.3083578      0.10964999
       5700.1300       1.3099039      0.10957046
       5701.3700       1.2950623      0.10949092
       5702.6200       1.2808069      0.10941083
       5703.8700       1.2722143      0.10933025
       5705.1100       1.2733128      0.10925037
       5706.3600       1.2663136      0.10917016
       5707.6100       1.2630402      0.10908873
       5708.8600       1.2652561      0.10900790
       5710.1000       1.2594862      0.10892729
       5711.3500       1.2386273      0.10884565
       5712.6000       1.2296738      0.10876336
       5713.8400       1.2431237      0.10868242
       5715.0900       1.2363814      0.10860010
       5716.3400       1.2324697      0.10851805
       5717.5800       1.2317226      0.10843701
       5718.8300       1.2184224      0.10835492
       5720.0800       1.2058865      0.10827356
       5721.3300       1.2027076      0.10819132
       5722.5700       1.2063388      0.10811033
       5723.8200       1.1961608      0.10802787
       5725.0700       1.1876738      0.10794609
       5726.3100       1.1890181      0.10786405
       5727.5600       1.1817825      0.10778145
       5728.8100       1.1742506      0.10769823
       5730.0600       1.1690276      0.10761495
       5731.3000       1.1628290      0.10753211
       5732.5500       1.1466414      0.10744827
       5733.8000       1.1340725      0.10736481
       5735.0400       1.1248826      0.10728180
       5736.2900       1.1156202      0.10719898
       5737.5400       1.1085595      0.10711578
       5738.7800       1.0956454      0.10703306
       5740.0300       1.0864476      0.10694998
       5741.2800       1.0867770      0.10686682
       5742.5300       1.0822222      0.10678340
       5743.7700       1.0687045      0.10670051
       5745.0200       1.0549582      0.10661669
       5746.2700       1.0322222      0.10653231
       5747.5100       1.0145910      0.10644820
       5748.7600       1.0036249      0.10636389
       5750.0100      0.99420173      0.10627909
       5751.2500      0.97780772      0.10619476
       5752.5000      0.95901655      0.10610984
       5753.7500      0.95196690      0.10602491
       5755.0000      0.93927187      0.10593967
       5756.2400      0.92031206      0.10585543
       5757.4900      0.90291883      0.10577042
       5758.7400      0.88193853      0.10568511
       5759.9800      0.86622065      0.10560074
       5761.2300      0.85006619      0.10551563
       5762.4800      0.83437983      0.10543026
       5763.7200      0.82180299      0.10534562
       5764.9700      0.80357447      0.10526025
       5766.2200      0.77641765      0.10517485
       5767.4700      0.76075335      0.10508947
       5768.7100      0.75827423      0.10500418
       5769.9600      0.74713318      0.10491848
       5771.2100      0.73010244      0.10483212
       5772.4500      0.71506856      0.10474688
       5773.7000      0.70462411      0.10465994
       5774.9500      0.69709535      0.10457323
       5776.1900      0.68808668      0.10448687
       5777.4400      0.67165327      0.10439985
       5778.6900      0.65274389      0.10431310
       5779.9400      0.64086840      0.10422589
       5781.1800      0.63433570      0.10413950
       5782.4300      0.62504807      0.10405256
       5783.6800      0.61513002      0.10396537
       5784.9200      0.60265248      0.10387897
       5786.1700      0.58764539      0.10379175
       5787.4200      0.58041608      0.10370452
       5788.6700      0.57393696      0.10361680
       5789.9100      0.56298660      0.10353031
       5791.1600      0.55500394      0.10344231
       5792.4100      0.54491568      0.10335465
       5793.6500      0.54128132      0.10326754
       5794.9000      0.54144050      0.10317941
       5796.1500      0.53200788      0.10309150
       5797.3900      0.52805831      0.10300386
       5798.6400      0.52730654      0.10291583
       5799.8900      0.51628211      0.10282767
       5801.1400      0.50930812      0.10273918
       5802.3800      0.51000788      0.10265164
       5803.6300      0.50827108      0.10256328
       5804.8800      0.50094563      0.10247473
       5806.1200      0.49446809      0.10238672
       5807.3700      0.49098030      0.10229787
       5808.6200      0.48344050      0.10220893
       5809.8600      0.47374310      0.10212065
       5811.1100      0.46476123      0.10203161
       5812.3600      0.46154768      0.10194215
       5813.6100      0.45826950      0.10185302
       5814.8500      0.44726556      0.10176417
       5816.1000      0.44059732      0.10167472
       5817.3500      0.43602049      0.10158551
       5818.5900      0.42795902      0.10149630
       5819.8400      0.41981087      0.10140695
       5821.0900      0.41405516      0.10131703
       5822.3300      0.40962963      0.10122799
       5823.5800      0.40588180      0.10113761
       5824.8300      0.40135855      0.10104787
       5826.0800      0.39548148      0.10095783
       5827.3200      0.39263042      0.10086826
       5828.5700      0.39286052      0.10077811
       5829.8200      0.39013712      0.10068802
       5831.0600      0.38936013      0.10059826
       5832.3100      0.39508747      0.10050771
       5833.5600      0.39748463      0.10041716
       5834.8000      0.39652009      0.10032765
       5836.0500      0.40322459      0.10023665
       5837.3000      0.41449803      0.10014576
       5838.5500      0.42571631      0.10005490
       5839.7900      0.43673601     0.099964617
       5841.0400      0.44692514     0.099872760
       5842.2900      0.46012608     0.099781533
       5843.5300      0.47418597     0.099690791
       5844.7800      0.48776359     0.099599418
       5846.0300      0.50067770     0.099508322
       5847.2700      0.51974626     0.099418152
       5848.5200      0.53908905     0.099327674
       5849.7700      0.55632782     0.099238092
       5851.0200      0.57628211     0.099149989
       5852.2600      0.59857841     0.099064445
       5853.5100      0.62593853     0.098981679
       5854.7600      0.64834673     0.098903302
       5856.0000      0.67400000     0.098831075
       5857.2500      0.70875335     0.098764682
       5858.5000      0.74068558     0.098706447
       5859.7500      0.76635776     0.098657619
       5860.9900      0.80963121     0.098618501
       5862.2400      0.85690465     0.098589562
       5863.4900      0.89897400     0.098571210
       5864.7300      0.94678802     0.098561729
       5865.9800       1.0019748     0.098560219
       5867.2300       1.0616217     0.098563160
       5868.4700       1.1233050     0.098567716
       5869.7200       1.1935414     0.098568395
       5870.9700       1.2654578     0.098560459
       5872.2200       1.3412293     0.098540452
       5873.4600       1.3971206     0.098504302
       5874.7100       1.4336139     0.098450553
       5875.9600       1.4829519     0.098380837
       5877.2000       1.5509645     0.098299217
       5878.4500       1.6223798     0.098208935
       5879.7000       1.6751931     0.098113542
       5880.9400       1.7152876     0.098016383
       5882.1900       1.7493932     0.097914856
       5883.4400       1.7869976     0.097806919
       5884.6900       1.8322931     0.097689268
       5885.9300       1.8629314     0.097559510
       5887.1800       1.8367376     0.097416667
       5888.4300       1.7303704     0.097264151
       5889.6700       1.6067612     0.097109918
       5890.9200       1.6084161     0.096957281
       5892.1700       1.7244444     0.096815006
       5893.4100       1.8209614     0.096687312
       5894.6600       1.7897872     0.096575375
       5895.9100       1.7092514     0.096480387
       5897.1600       1.7219228     0.096401083
       5898.4000       1.8195587     0.096337095
       5899.6500       1.9146572     0.096283522
       5900.9000       1.9520252     0.096236801
       5902.1400       1.9577778     0.096191014
       5903.3900       1.9479905     0.096138230
       5904.6400       1.9405989     0.096070862
       5905.8800       1.9314421     0.095981937
       5907.1300       1.9191332     0.095868296
       5908.3800       1.9100867     0.095728648
       5909.6300       1.8939795     0.095567625
       5910.8700       1.8835146     0.095393232
       5912.1200       1.8556501     0.095212710
       5913.3700       1.8444602     0.095034918
       5914.6100       1.8241135     0.094870921
       5915.8600       1.8216864     0.094723228
       5917.1100       1.8126872     0.094596049
       5918.3500       1.7940583     0.094495218
       5919.6000       1.7777305     0.094419730
       5920.8500       1.7715997     0.094370736
       5922.1000       1.7593381     0.094346108
       5923.3400       1.7383767     0.094341802
       5924.5900       1.7127660     0.094350528
       5925.8400       1.7052955     0.094361317
       5927.0800       1.6873759     0.094362000
       5928.3300       1.6785500     0.094342194
       5929.5800       1.6644287     0.094290996
       5930.8300       1.6466824     0.094203918
       5932.0700       1.6304177     0.094083817
       5933.3200       1.6225690     0.093932931
       5934.5700       1.6005516     0.093760962
       5935.8100       1.5938377     0.093579614
       5937.0600       1.5837825     0.093397663
       5938.3100       1.5734452     0.093223555
       5939.5500       1.5612955     0.093063855
       5940.8000       1.5433428     0.092918300
       5942.0500       1.5281860     0.092785311
       5943.3000       1.5134563     0.092663276
       5944.5400       1.5020504     0.092549712
       5945.7900       1.4824318     0.092441186
       5947.0400       1.4603972     0.092338593
       5948.2800       1.4429913     0.092242314
       5949.5300       1.4431348     0.092150776
       5950.7800       1.4325437     0.092063224
       5952.0200       1.4191426     0.091977592
       5953.2700       1.3919322     0.091889672
       5954.5200       1.3798708     0.091797344
       5955.7700       1.3574815     0.091700006
       5957.0100       1.3519968     0.091597589
       5958.2600       1.3517920     0.091489952
       5959.5100       1.3441545     0.091379022
       5960.7500       1.3450985     0.091265925
       5962.0000       1.3402238     0.091149362
       5963.2500       1.3411694     0.091030359
       5964.4900       1.3565217     0.090910407
       5965.7400       1.3592199     0.090789174
       5966.9900       1.3578881     0.090668419
       5968.2400       1.3735004     0.090551767
       5969.4800       1.3906414     0.090439802
       5970.7300       1.3940126     0.090332023
       5971.9800       1.3903168     0.090228479
       5973.2200       1.3885642     0.090127845
       5974.4700       1.3898377     0.090026377
       5975.7200       1.3926667     0.089922775
       5976.9600       1.4019858     0.089816181
       5978.2100       1.3975351     0.089705305
       5979.4600       1.3881229     0.089591101
       5980.7100       1.3899054     0.089474452
       5981.9500       1.3844161     0.089357684
       5983.2000       1.3756186     0.089239783
       5984.4500       1.3696076     0.089122270
       5985.6900       1.3598266     0.089006706
       5986.9400       1.3524775     0.088890986
       5988.1900       1.3443814     0.088775623
       5989.4400       1.3328999     0.088660761
       5990.6800       1.3298723     0.088547783
       5991.9300       1.3264271     0.088434373
       5993.1800       1.3171694     0.088322888
       5994.4200       1.3076596     0.088214022
       5995.6700       1.3027754     0.088105961
       5996.9200       1.2929377     0.088000255
       5998.1600       1.2865453     0.087896711
       5999.4100       1.2865721     0.087793905
       6000.6600       1.2774563     0.087692335
       6001.9100       1.2675587     0.087591214
       6003.1500       1.2587770     0.087491733
       6004.4000       1.2588069     0.087391421
       6005.6500       1.2515745     0.087291948
       6006.8900       1.2530118     0.087192906
       6008.1400       1.2548779     0.087093616
       6009.3900       1.2493365     0.086994255
       6010.6300       1.2450496     0.086895491
       6011.8800       1.2382679     0.086796463
       6013.1300       1.2352293     0.086697413
       6014.3800       1.2228968     0.086597972
       6015.6200       1.2217415     0.086499771
       6016.8700       1.2208589     0.086400343
       6018.1200       1.2144712     0.086300895
       6019.3600       1.2075650     0.086202344
       6020.6100       1.2007991     0.086102659
       6021.8600       1.1963058     0.086002920
       6023.1000       1.1989708     0.085904141
       6024.3500       1.1928448     0.085804383
       6025.6000       1.1862222     0.085704776
       6026.8500       1.1891253     0.085604795
       6028.0900       1.1729236     0.085505728
       6029.3400       1.1685043     0.085405745
       6030.5900       1.1778109     0.085305736
       6031.8300       1.1699496     0.085206612
       6033.0800       1.1704697     0.085106886
       6034.3300       1.1678361     0.085006709
       6035.5700       1.1664350     0.084907215
       6036.8200       1.1701749     0.084807514
       6038.0700       1.1711836     0.084707101
       6039.3200       1.1546745     0.084606936
       6040.5600       1.1508526     0.084507740
       6041.8100       1.1572987     0.084407773
       6043.0600       1.1441371     0.084307491
       6044.3000       1.1341135     0.084208033
       6045.5500       1.1263310     0.084107819
       6046.8000       1.1171095     0.084007663
       6048.0400       1.1099165     0.083908187
       6049.2900       1.1059527     0.083807641
       6050.5400       1.0975099     0.083707412
       6051.7900       1.0977400     0.083606937
       6053.0300       1.0930292     0.083507174
       6054.2800       1.0824161     0.083406403
       6055.5300       1.0835823     0.083305780
       6056.7700       1.0828826     0.083206046
       6058.0200       1.0726241     0.083105397
       6059.2700       1.0683735     0.083004540
       6060.5200       1.0705942     0.082903930
       6061.7600       1.0645989     0.082803771
       6063.0100       1.0535792     0.082703163
       6064.2600       1.0310875     0.082602471
       6065.5000       1.0197195     0.082502251
       6066.7500      0.99911269     0.082401537
       6068.0000      0.98052482     0.082300677
       6069.2400      0.95884949     0.082200605
       6070.4900      0.93154925     0.082099964
       6071.7400      0.90660047     0.081999050
       6072.9900      0.88124192     0.081898183
       6074.2300      0.85743578     0.081797838
       6075.4800      0.83125138     0.081696976
       6076.7300      0.81131915     0.081595903
       6077.9700      0.78920567     0.081495749
       6079.2200      0.77384082     0.081394591
       6080.4700      0.76072025     0.081293548
       6081.7100      0.74191647     0.081193053
       6082.9600      0.72920095     0.081091946
       6084.2100      0.72539322     0.080990965
       6085.4600      0.71368006     0.080889501
       6086.7000      0.70315997     0.080788775
       6087.9500      0.69676911     0.080687501
       6089.2000      0.68985816     0.080586175
       6090.4400      0.68881009     0.080485536
       6091.6900      0.68708274     0.080384275
       6092.9400      0.67876911     0.080282867
       6094.1800      0.67734594     0.080181962
       6095.4300      0.67838928     0.080080664
       6096.6800      0.67991489     0.079979449
       6097.9300      0.68644444     0.079877802
       6099.1700      0.68999054     0.079776986
       6100.4200      0.68904177     0.079675480
       6101.6700      0.68952876     0.079574285
       6102.9100      0.69680378     0.079473522
       6104.1600      0.70797478     0.079372174
       6105.4100      0.71203152     0.079270588
       6106.6500      0.72240820     0.079169805
       6107.9000      0.73743105     0.079068436
       6109.1500      0.74984870     0.078966868
       6110.4000      0.77206935     0.078865202
       6111.6400      0.79020016     0.078764468
       6112.8900      0.80333964     0.078662846
       6114.1400      0.82653586     0.078561127
       6115.3800      0.84803783     0.078460051
       6116.6300      0.86754137     0.078358233
       6117.8800      0.89905595     0.078256380
       6119.1200      0.93831048     0.078155423
       6120.3700      0.97642238     0.078053673
       6121.6200       1.0129645     0.077951656
       6122.8700       1.0558298     0.077849968
       6124.1100       1.0967612     0.077748986
       6125.3600       1.1251300     0.077646981
       6126.6100       1.1564334     0.077545118
       6127.8500       1.1904965     0.077444075
       6129.1000       1.2182837     0.077342147
       6130.3500       1.2484823     0.077240280
       6131.6000       1.2738991     0.077138444
       6132.8400       1.2930938     0.077037292
       6134.0900       1.3185453     0.076935577
       6135.3400       1.3372403     0.076833529
       6136.5800       1.3595760     0.076732412
       6137.8300       1.3834247     0.076630710
       6139.0800       1.4023467     0.076528744
       6140.3200       1.4238329     0.076427606
       6141.5700       1.4202175     0.076325685
       6142.8200       1.4128589     0.076223427
       6144.0700       1.4212845     0.076121408
       6145.3100       1.4282112     0.076019887
       6146.5600       1.4204271     0.075918048
       6147.8100       1.4111931     0.075815945
       6149.0500       1.4174389     0.075714730
       6150.3000       1.4143121     0.075612500
       6151.5500       1.4126399     0.075510568
       6152.7900       1.4132246     0.075409363
       6154.0400       1.4005831     0.075307274
       6155.2900       1.3905043     0.075205142
       6156.5400       1.3966509     0.075103122
       6157.7800       1.3904413     0.075001845
       6159.0300       1.3802459     0.074899801
       6160.2800       1.3806525     0.074797876
       6161.5200       1.3643846     0.074696444
       6162.7700       1.3469015     0.074594357
       6164.0200       1.3421986     0.074492132
       6165.2600       1.3378582     0.074390718
       6166.5100       1.3261481     0.074288181
       6167.7600       1.3129330     0.074185953
       6169.0100       1.3034515     0.074083606
       6170.2500       1.2992514     0.073982213
       6171.5000       1.2779685     0.073879760
       6172.7500       1.2519764     0.073777560
       6173.9900       1.2480394     0.073676261
       6175.2400       1.2359874     0.073574132
       6176.4900       1.2136722     0.073472192
       6177.7300       1.1960315     0.073371058
       6178.9800       1.1763956     0.073268963
       6180.2300       1.1576013     0.073166935
       6181.4800       1.1399054     0.073064643
       6182.7200       1.1182364     0.072963272
       6183.9700       1.0979669     0.072861212
       6185.2200       1.0809693     0.072758712
       6186.4600       1.0548605     0.072657281
       6187.7100       1.0262033     0.072554829
       6188.9600      0.99882742     0.072452584
       6190.2100      0.97185343     0.072350166
       6191.4500      0.94745311     0.072248904
       6192.7000      0.92828369     0.072146771
       6193.9500      0.90371158     0.072044618
       6195.1900      0.87223325     0.071943288
       6196.4400      0.84603310     0.071840983
       6197.6900      0.82401103     0.071738693
       6198.9300      0.80007250     0.071637342
       6200.1800      0.78348936     0.071535142
       6201.4300      0.76535225     0.071433233
       6202.6800      0.74398897     0.071330731
       6203.9200      0.72735697     0.071229450
       6205.1700      0.71357447     0.071127282
       6206.4200      0.71317730     0.071025063
       6207.6600      0.71684161     0.070923526
       6208.9100      0.71683373     0.070821172
       6210.1600      0.72162805     0.070719143
       6211.4000      0.73172419     0.070617792
       6212.6500      0.74655792     0.070515579
       6213.9000      0.76404413     0.070413389
       6215.1500      0.78991332     0.070311447
       6216.3900      0.82875020     0.070210060
       6217.6400      0.86571474     0.070107903
       6218.8900      0.90323247     0.070005783
       6220.1300      0.94387234     0.069904607
       6221.3800      0.98295193     0.069802496
       6222.6300       1.0214673     0.069700513
       6223.8800       1.0611694     0.069598441
       6225.1200       1.0976139     0.069497091
       6226.3700       1.1243420     0.069394978
       6227.6200       1.1515524     0.069292906
       6228.8600       1.1769756     0.069191598
       6230.1100       1.1948416     0.069089556
       6231.3600       1.2005611     0.068987573
       6232.6000       1.2094374     0.068886535
       6233.8500       1.2286414     0.068784961
       6235.1000       1.2368306     0.068683739
       6236.3400       1.2410812     0.068583869
       6237.5900       1.2479701     0.068483521
       6238.8400       1.2550654     0.068384299
       6240.0900       1.2519102     0.068286551
       6241.3300       1.2544523     0.068190524
       6242.5800       1.2479433     0.068095725
       6243.8300       1.2375823     0.068003570
       6245.0700       1.2372861     0.067915539
       6246.3200       1.2308716     0.067832150
       6247.5700       1.2282900     0.067756135
       6248.8100       1.2226194     0.067692549
       6250.0600       1.2241686     0.067645542
       6251.3100       1.2296312     0.067622070
       6252.5600       1.2329204     0.067630766
       6253.8000       1.2386099     0.067678117
       6255.0500       1.2434831     0.067769896
       6256.3000       1.2488463     0.067903334
       6257.5400       1.2432624     0.068070393
       6258.7900       1.2343688     0.068256709
       6260.0400       1.2218928     0.068435980
       6261.2900       1.2179937     0.068581215
       6262.5300       1.2276470     0.068664655
       6263.7800       1.2195067     0.068668251
       6265.0300       1.2030307     0.068584225
       6266.2700       1.1883846     0.068423580
       6267.5200       1.1760630     0.068199815
       6268.7700       1.1749173     0.067940603
       6270.0100       1.1721040     0.067675600
       6271.2600       1.1501229     0.067422075
       6272.5100       1.1545690     0.067197164
       6273.7600       1.1544271     0.067007107
       6275.0000       1.1400804     0.066851053
       6276.2500       1.1439401     0.066718633
       6277.5000       1.1396990     0.066602285
       6278.7400       1.1321734     0.066492783
       6279.9900       1.1305422     0.066380487
       6281.2400       1.1247470     0.066261276
       6282.4800       1.1374279     0.066133398
       6283.7300       1.1391206     0.065994771
       6284.9800       1.1352545     0.065848414
       6286.2300       1.1432120     0.065696600
       6287.4700       1.1383546     0.065542964
       6288.7200       1.1393790     0.065387240
       6289.9700       1.1388448     0.065232304
       6291.2100       1.1442853     0.065080952
       6292.4600       1.1511237     0.064930683
       6293.7100       1.1602790     0.064783617
       6294.9600       1.1625232     0.064639535
       6296.2000       1.1720615     0.064499460
       6297.4500       1.1829204     0.064361131
       6298.7000       1.1825406     0.064225255
       6299.9400       1.1686572     0.064092873
       6301.1900       1.1747250     0.063960736
       6302.4400       1.1701545     0.063830120
       6303.6800       1.1697242     0.063701160
       6304.9300       1.1634957     0.063571837
       6306.1800       1.1528306     0.063442610
       6307.4300       1.1374941     0.063314209
       6308.6700       1.1394815     0.063187486
       6309.9200       1.1291395     0.063060702
       6311.1700       1.0907502     0.062935527
       6312.4100       1.0607139     0.062813083
       6313.6600       1.0374027     0.062691279
       6314.9100       1.0190465     0.062571282
       6316.1500       1.0096911     0.062454180
       6317.4000      0.99401103     0.062338020
       6318.6500      0.99927975     0.062223262
       6319.9000       1.0081135     0.062110347
       6321.1400       1.0042191     0.062000297
       6322.3900      0.99939322     0.061890670
       6323.6400       1.0049819     0.061782461
       6324.8800      0.99801261     0.061676062
       6326.1300      0.99718676     0.061569224
       6327.3800      0.99964224     0.061462677
       6328.6200      0.99835303     0.061356629
       6329.8700       1.0016139     0.061249177
       6331.1200       1.0020898     0.061141134
       6332.3700      0.99392750     0.061032125
       6333.6100      0.98988180     0.060923490
       6334.8600      0.97771631     0.060813603
       6336.1100      0.97110323     0.060703685
       6337.3500      0.96422222     0.060594937
       6338.6000      0.95371946     0.060486064
       6339.8500      0.96130812     0.060377643
       6341.0900      0.96833570     0.060270934
       6342.3400      0.98124350     0.060164072
       6343.5900      0.99804571     0.060057731
       6344.8400       1.0182049     0.059951483
       6346.0800       1.0357116     0.059846605
       6347.3300       1.0447376     0.059740862
       6348.5800       1.0614799     0.059635282
       6349.8200       1.0784019     0.059530871
       6351.0700       1.0831080     0.059425906
       6352.3200       1.0789945     0.059321148
       6353.5600       1.0820520     0.059217070
       6354.8100       1.0863168     0.059111407
       6356.0600       1.0882238     0.059005356
       6357.3100       1.0907864     0.058899097
       6358.5500       1.0959574     0.058793239
       6359.8000       1.0996123     0.058686474
       6361.0500       1.0999165     0.058580394
       6362.2900       1.0914452     0.058475818
       6363.5400       1.0804334     0.058371898
       6364.7900       1.0721608     0.058269303
       6366.0400       1.0663530     0.058167967
       6367.2800       1.0549220     0.058068620
       6368.5300       1.0474736     0.057969289
       6369.7800       1.0420063     0.057869933
       6371.0200       1.0244744     0.057770944
       6372.2700       1.0074153     0.057670154
       6373.5200      0.99688574     0.057568604
       6374.7600      0.98121355     0.057466228
       6376.0100      0.96265406     0.057361682
       6377.2600      0.94883846     0.057256686
       6378.5100      0.94153822     0.057150930
       6379.7500      0.93046493     0.057046173
       6381.0000      0.91433727     0.056941155
       6382.2500      0.90033255     0.056836883
       6383.4900      0.89234200     0.056734447
       6384.7400      0.88556501     0.056632341
       6385.9900      0.88485264     0.056531141
       6387.2300      0.88364539     0.056431524
       6388.4800      0.89221119     0.056331653
       6389.7300      0.89431994     0.056232499
       6390.9800      0.88724350     0.056133654
       6392.2200      0.89328448     0.056035703
       6393.4700      0.88549094     0.055937283
       6394.7200      0.88897400     0.055838663
       6395.9600      0.88062096     0.055741486
       6397.2100      0.87116785     0.055643097
       6398.4600      0.86784870     0.055544828
       6399.7000      0.86442238     0.055447542
       6400.9500      0.85891883     0.055349274
       6402.2000      0.84957604     0.055251019
       6403.4500      0.83940898     0.055152931
       6404.6900      0.83444444     0.055055690
       6405.9400      0.82312214     0.054957766
       6407.1900      0.80942159     0.054859742
       6408.4300      0.79697715     0.054762596
       6409.6800      0.77825374     0.054664900
       6410.9300      0.75820489     0.054567177
       6412.1700      0.74576044     0.054470194
       6413.4200      0.72650433     0.054372507
       6414.6700      0.70576517     0.054275092
       6415.9200      0.68374941     0.054177579
       6417.1600      0.67129708     0.054081066
       6418.4100      0.65495193     0.053983553
       6419.6600      0.63852167     0.053886441
       6420.9000      0.63201103     0.053790261
       6422.1500      0.62351458     0.053693421
       6423.4000      0.61452640     0.053596803
       6424.6500      0.61041135     0.053500609
       6425.8900      0.61580142     0.053405089
       6427.1400      0.62111742     0.053309406
       6428.3900      0.62324507     0.053214214
       6429.6300      0.63218282     0.053120124
       6430.8800      0.64062884     0.053026311
       6432.1300      0.65004728     0.052933647
       6433.3700      0.65381718     0.052843147
       6434.6200      0.65671552     0.052753793
       6435.8700      0.66271395     0.052666315
       6437.1200      0.67106698     0.052581243
       6438.3600      0.67717573     0.052498916
       6439.6100      0.68039086     0.052418210
       6440.8600      0.68314578     0.052338885
       6442.1000      0.68577620     0.052261543
       6443.3500      0.68493617     0.052184984
       6444.6000      0.68135855     0.052109042
       6445.8400      0.67885894     0.052035273
       6447.0900      0.67779196     0.051962613
       6448.3400      0.67573838     0.051892073
       6449.5900      0.67642711     0.051824329
       6450.8300      0.67425374     0.051759980
       6452.0800      0.67353191     0.051698134
       6453.3300      0.67820489     0.051638918
       6454.5700      0.67475020     0.051581259
       6455.8200      0.67680536     0.051522973
       6457.0700      0.68519779     0.051462161
       6458.3100      0.69330339     0.051397099
       6459.5600      0.70960914     0.051325553
       6460.8100      0.72787864     0.051246763
       6462.0600      0.73811190     0.051160124
       6463.3000      0.75027266     0.051066689
       6464.5500      0.77373838     0.050965927
       6465.8000      0.79023483     0.050860252
       6467.0400      0.80269504     0.050751718
       6468.2900      0.81499448     0.050639795
       6469.5400      0.83024113     0.050526403
       6470.7800      0.85200315     0.050413202
       6472.0300      0.85782191     0.050298486
       6473.2800      0.86011978     0.050183381
       6474.5300      0.87778408     0.050067044
       6475.7700      0.88937746     0.049949619
       6477.0200      0.89159023     0.049828953
       6478.2700      0.90546572     0.049705086
       6479.5100      0.91688101     0.049579751
       6480.7600      0.92309535     0.049451303
       6482.0100      0.93605989     0.049322857
       6483.2500      0.95629630     0.049197014
       6484.5000      0.98509220     0.049074444
       6485.7500       1.0130859     0.048957954
       6487.0000       1.0336659     0.048849573
       6488.2400       1.0554137     0.048751837
       6489.4900       1.0820757     0.048664386
       6490.7400       1.1011127     0.048587564
       6491.9800       1.1185863     0.048522236
       6493.2300       1.1301749     0.048466035
       6494.4800       1.1314704     0.048416599
       6495.7300       1.1276485     0.048370560
       6496.9700       1.1222837     0.048323348
       6498.2200       1.1042411     0.048269252
       6499.4700       1.0710386     0.048203433
       6500.7100       1.0388337     0.048123821
       6501.9600       1.0060646     0.048026980
       6503.2100      0.97087628     0.047914168
       6504.4500      0.93052482     0.047789169
       6505.7000      0.89962490     0.047654526
       6506.9500      0.87680851     0.047515861
       6508.2000      0.85150355     0.047378017
       6509.4400      0.84185343     0.047245754
       6510.6900      0.84043972     0.047119492
       6511.9400      0.83678487     0.047001394
       6513.1800      0.85632467     0.046892285
       6514.4300      0.88221434     0.046788965
       6515.6800      0.91196848     0.046690850
       6516.9200      0.95745784     0.046597125
       6518.1700       1.0073302     0.046505092
       6519.4200       1.0632498     0.046415003
       6520.6700       1.1289614     0.046326958
       6521.9100       1.1989519     0.046241821
       6523.1600       1.2705059     0.046158820
       6524.4100       1.3521545     0.046078749
       6525.6500       1.4391899     0.046001761
       6526.9000       1.5236139     0.045925611
       6528.1500       1.5695162     0.045849677
       6529.3900       1.6496612     0.045773260
       6530.6400       1.7213239     0.045693814
       6531.8900       1.7842396     0.045611305
       6533.1400       1.8508747     0.045525386
       6534.3800       1.9000158     0.045436621
       6535.6300       1.9384870     0.045344435
       6536.8800       1.9765800     0.045250144
       6538.1200       2.0105437     0.045155069
       6539.3700       2.0438928     0.045058709
       6540.6200       2.0662096     0.044962389
       6541.8600       2.0849803     0.044867140
       6543.1100       2.1142159     0.044771583
       6544.3600       2.1362017     0.044676191
       6545.6100       2.1352088     0.044580693
       6546.8500       2.1317573     0.044485526
       6548.1000       2.1527029     0.044389073
       6549.3500       2.1906541     0.044292043
       6550.5900       2.2158392     0.044195582
       6551.8400       2.2375414     0.044098335
       6553.0900       2.2671710     0.044000978
       6554.3300       2.2859574     0.043904375
       6555.5800       2.3045548     0.043806961
       6556.8300       2.3413554     0.043708588
       6558.0800       2.3703231     0.043609334
       6559.3200       2.3838928     0.043509501
       6560.5700       2.4079117     0.043408389
       6561.8200       2.4369898     0.043306981
       6563.0600       2.4612608     0.043206814
       6564.3100       2.4775887     0.043106834
       6565.5600       2.4909850     0.043008010
       6566.8100       2.5050906     0.042910325
       6568.0500       2.5039716     0.042814374
       6569.3000       2.4965327     0.042718041
       6570.5500       2.4963278     0.042621772
       6571.7900       2.4989125     0.042526395
       6573.0400       2.4979196     0.042430411
       6574.2900       2.5026162     0.042334815
       6575.5300       2.5105437     0.042240880
       6576.7800       2.5101970     0.042147612
       6578.0300       2.5095035     0.042055973
       6579.2800       2.5106225     0.041965917
       6580.5200       2.5068085     0.041878100
       6581.7700       2.5002679     0.041790704
       6583.0200       2.4967218     0.041703986
       6584.2600       2.4879905     0.041618642
       6585.5100       2.4802522     0.041532617
       6586.7600       2.4727817     0.041446715
       6588.0000       2.4563436     0.041361459
       6589.2500       2.4377778     0.041275561
       6590.5000       2.4272183     0.041189566
       6591.7500       2.4079590     0.041103441
       6592.9900       2.3825532     0.041018096
       6594.2400       2.3729866     0.040931920
       6595.4900       2.3547675     0.040845560
       6596.7300       2.3234831     0.040759996
       6597.9800       2.2958550     0.040673534
       6599.2300       2.2736643     0.040587071
       6600.4700       2.2486998     0.040501322
       6601.7200       2.2219858     0.040414774
       6602.9700       2.1875808     0.040328248
       6604.2200       2.1586288     0.040241950
       6605.4600       2.1476123     0.040156285
       6606.7100       2.1206147     0.040069999
       6607.9600       2.0879590     0.039983771
       6609.2000       2.0707644     0.039898275
       6610.4500       2.0466667     0.039812382
       6611.7000       2.0214815     0.039726446
       6612.9400       2.0094090     0.039641438
       6614.1900       1.9889519     0.039555647
       6615.4400       1.9592120     0.039470075
       6616.6900       1.9319464     0.039384636
       6617.9300       1.9135067     0.039299973
       6619.1800       1.8926714     0.039214665
       6620.4300       1.8594799     0.039129452
       6621.6700       1.8402049     0.039045143
       6622.9200       1.8240820     0.038960089
       6624.1700       1.8065091     0.038875255
       6625.4200       1.7676281     0.038790342
       6626.6600       1.7429945     0.038706272
       6627.9100       1.7207723     0.038621510
       6629.1600       1.6968637     0.038536940
       6630.4000       1.6663199     0.038453019
       6631.6500       1.6459259     0.038368600
       6632.9000       1.6260835     0.038284278
       6634.1400       1.5996217     0.038200890
       6635.3900       1.5861151     0.038116812
       6636.6400       1.5537132     0.038032886
       6637.8900       1.5213948     0.037948950
       6639.1300       1.5152136     0.037865963
       6640.3800       1.5011678     0.037782570
       6641.6300       1.4686052     0.037699015
       6642.8700       1.4443247     0.037616270
       6644.1200       1.4347691     0.037532971
       6645.3700       1.4131269     0.037449830
       6646.6100       1.4063152     0.037367337
       6647.8600       1.3960331     0.037284408
       6649.1100       1.3733018     0.037201504
       6650.3600       1.3635666     0.037118755
       6651.6000       1.3640630     0.037036772
       6652.8500       1.3468574     0.036954197
       6654.1000       1.3398660     0.036871690
       6655.3400       1.3397652     0.036790022
       6656.5900       1.3292340     0.036707821
       6657.8400       1.3248322     0.036625556
       6659.0800       1.3171568     0.036544317
       6660.3300       1.3159228     0.036462400
       6661.5800       1.3034704     0.036380493
       6662.8300       1.2964019     0.036298833
       6664.0700       1.2829393     0.036217906
       6665.3200       1.2755965     0.036136421
       6666.5700       1.2706288     0.036054932
       6667.8100       1.2645658     0.035974399
       6669.0600       1.2564366     0.035893179
       6670.3100       1.2434279     0.035812115
       6671.5500       1.2312435     0.035731863
       6672.8000       1.2250843     0.035650977
       6674.0500       1.2218676     0.035570277
       6675.3000       1.2120299     0.035489629
       6676.5400       1.1996249     0.035409679
       6677.7900       1.1977683     0.035329324
       6679.0400       1.1806793     0.035248935
       6680.2800       1.1693853     0.035169479
       6681.5300       1.1571615     0.035089297
       6682.7800       1.1511143     0.035009454
       6684.0200       1.1417321     0.034930286
       6685.2700       1.1386698     0.034850616
       6686.5200       1.1317794     0.034770989
       6687.7700       1.1236627     0.034691512
       6689.0100       1.1276548     0.034612824
       6690.2600       1.1212987     0.034533561
       6691.5100       1.1214090     0.034454355
       6692.7500       1.1092719     0.034375948
       6694.0000       1.1097746     0.034297000
       6695.2500       1.1111931     0.034218201
       6696.5000       1.1020441     0.034139461
       6697.7400       1.0979370     0.034061466
       6698.9900       1.0941734     0.033983075
       6700.2400       1.0861939     0.033904701
       6701.4800       1.0857699     0.033827092
       6702.7300       1.0824886     0.033749040
       6703.9800       1.0750528     0.033671008
       6705.2200       1.0740804     0.033593717
       6706.4700       1.0764050     0.033515965
       6707.7200       1.0736060     0.033438455
       6708.9700       1.0594153     0.033360845
       6710.2100       1.0484035     0.033284080
       6711.4600       1.0476517     0.033206782
       6712.7100       1.0466509     0.033129696
       6713.9500       1.0415382     0.033053364
       6715.2000       1.0302238     0.032976327
       6716.4500       1.0271206     0.032899582
       6717.6900       1.0299212     0.032823494
       6718.9400       1.0230954     0.032746872
       6720.1900       1.0191899     0.032670473
       6721.4400       1.0134263     0.032594217
       6722.6800       1.0032199     0.032518641
       6723.9300      0.99891095     0.032442546
       6725.1800       1.0000000     0.032366622
       6726.4200      0.99636249     0.032291427
       6727.6700      0.99396690     0.032215746
       6728.9200      0.99457526     0.032140131
       6730.1600      0.99198582     0.032065162
       6731.4100      0.98777620     0.031989918
       6732.6600      0.98626793     0.031914664
       6733.9100      0.98809141     0.031839509
       6735.1500      0.98554925     0.031765109
       6736.4000      0.98150355     0.031690201
       6737.6500      0.98073916     0.031615479
       6738.8900      0.97694405     0.031541468
       6740.1400      0.96962963     0.031467067
       6741.3900      0.97528605     0.031392606
       6742.6300      0.97218440     0.031319089
       6743.8800      0.96573995     0.031245007
       6745.1300      0.96526084     0.031171019
       6746.3800      0.95875177     0.031097188
       6747.6200      0.95498660     0.031024118
       6748.8700      0.95028054     0.030950556
       6750.1200      0.94764224     0.030877126
       6751.3600      0.95116942     0.030804355
       6752.6100      0.95229314     0.030731181
       6753.8600      0.94926872     0.030658126
       6755.1000      0.94336643     0.030585846
       6756.3500      0.93839086     0.030513053
       6757.6000      0.94531442     0.030440361
       6758.8500      0.94649330     0.030367898
       6760.0900      0.93693144     0.030296027
       6761.3400      0.93114421     0.030223746
       6762.5900      0.93163278     0.030151551
       6763.8300      0.93592435     0.030080170
       6765.0800      0.93889677     0.030008290
       6766.3300      0.94249961     0.029936498
       6767.5800      0.93869188     0.029864817
       6768.8200      0.94129078     0.029793879
       6770.0700      0.94202049     0.029722581
       6771.3200      0.94563909     0.029651274
       6772.5600      0.94584870     0.029580835
       6773.8100      0.94783452     0.029509756
       6775.0600      0.93795114     0.029438912
       6776.3000      0.94096612     0.029368787
       6777.5500      0.94000630     0.029298270
       6778.8000      0.93862411     0.029227814
       6780.0500      0.94054689     0.029157559
       6781.2900      0.94275177     0.029087917
       6782.5400      0.93767061     0.029017925
       6783.7900      0.93255162     0.028948091
       6785.0300      0.92915051     0.028878871
       6786.2800      0.93186288     0.028809266
       6787.5300      0.92797951     0.028739681
       6788.7700      0.92174153     0.028670904
       6790.0200      0.92260205     0.028601654
       6791.2700      0.92730024     0.028532624
       6792.5200      0.92246336     0.028463704
       6793.7600      0.92147833     0.028395418
       6795.0100      0.91493302     0.028326852
       6796.2600      0.90950670     0.028258245
       6797.5000      0.92103704     0.028190449
       6798.7500      0.92324823     0.028122238
       6800.0000      0.92742002     0.028054186
       6801.2400      0.93355240     0.027986762
       6802.4900      0.93395587     0.027918924
       6803.7400      0.92928132     0.027851279
       6804.9900      0.92708747     0.027783752
       6806.2300      0.93528763     0.027716963
       6807.4800      0.93927660     0.027649707
       6808.7300      0.93884476     0.027582660
       6809.9700      0.93824901     0.027516258
       6811.2200      0.93833727     0.027449389
       6812.4700      0.93930339     0.027382702
       6813.7100      0.93598109     0.027316637
       6814.9600      0.92749251     0.027250235
       6816.2100      0.93208668     0.027183929
       6817.4600      0.93515051     0.027117764
       6818.7000      0.94141214     0.027052194
       6819.9500      0.94235934     0.026986347
       6821.2000      0.93539480     0.026920571
       6822.4400      0.93266351     0.026855521
       6823.6900      0.93451694     0.026790082
       6824.9400      0.93674704     0.026724926
       6826.1900      0.93583609     0.026659937
       6827.4300      0.93379984     0.026595723
       6828.6800      0.93687943     0.026531497
       6829.9300      0.93382664     0.026468099
       6831.1700      0.93502128     0.026406451
       6832.4200      0.93925611     0.026346982
       6833.6700      0.94107801     0.026292358
       6834.9100      0.94311742     0.026245809
       6836.1600      0.94174310     0.026212130
       6837.4100      0.93940741     0.026199584
       6838.6600      0.93391332     0.026218921
       6839.9000      0.92842553     0.026281152
       6841.1500      0.92731600     0.026403989
       6842.4000      0.92141529     0.026604186
       6843.6400      0.91776044     0.026894842
       6844.8900      0.92262569     0.027289380
       6846.1400      0.92228054     0.027792834
       6847.3800      0.91538377     0.028392270
       6848.6300      0.90767061     0.029073420
       6849.8800      0.89309535     0.029791895
       6851.1300      0.89659102     0.030490475
       6852.3700      0.91756974     0.031095039
       6853.6200      0.92289677     0.031547070
       6854.8700      0.92085894     0.031796062
       6856.1100      0.91561545     0.031812132
       6857.3600      0.91076438     0.031606055
       6858.6100      0.90975256     0.031219046
       6859.8500      0.91440032     0.030719287
       6861.1000      0.92225059     0.030159332
       6862.3500      0.91666982     0.029603863
       6863.6000      0.91038613     0.029099384
       6864.8400      0.91107486     0.028675581
       6866.0900      0.90632624     0.028340494
       6867.3400      0.90245705     0.028097957
       6868.5800      0.90386131     0.027937857
       6869.8300      0.89846651     0.027838226
       6871.0800      0.89567533     0.027781209
       6872.3300      0.89657683     0.027744750
       6873.5700      0.89634988     0.027709214
       6874.8200      0.90032939     0.027659970
       6876.0700      0.90327975     0.027587588
       6877.3100      0.90427108     0.027488601
       6878.5600      0.90381087     0.027361562
       6879.8100      0.90027266     0.027211147
       6881.0500      0.89574783     0.027042815
       6882.3000      0.89502916     0.026859110
       6883.5500      0.89395902     0.026666472
       6884.7900      0.89597636     0.026470637
       6886.0400      0.89852955     0.026271472
       6887.2900      0.88986446     0.026072932
       6888.5400      0.88633570     0.025876822
       6889.7800      0.89160441     0.025685920
       6891.0300      0.89525138     0.025497959
       6892.2800      0.89471237     0.025315337
       6893.5200      0.89149094     0.025140054
       6894.7700      0.88990229     0.024969782
       6896.0200      0.88551458     0.024806597
       6897.2700      0.88463672     0.024651097
       6898.5100      0.88325926     0.024504802
       6899.7600      0.87582506     0.024365524
       6901.0100      0.87799212     0.024234936
       6902.2500      0.88237037     0.024113910
       6903.5000      0.87918361     0.024000410
       6904.7500      0.87792908     0.023894693
       6905.9900      0.87784555     0.023797146
       6907.2400      0.87810087     0.023705497
       6908.4900      0.87500079     0.023619726
       6909.7400      0.87197478     0.023538885
       6910.9800      0.87910481     0.023463252
       6912.2300      0.88280221     0.023391104
       6913.4800      0.87431206     0.023323002
       6914.7200      0.86413081     0.023259077
       6915.9700      0.86544050     0.023198493
       6917.2200      0.87406777     0.023141139
       6918.4600      0.87297557     0.023086870
       6919.7100      0.86686210     0.023033492
       6920.9600      0.86521040     0.022980004
       6922.2100      0.86018125     0.022924394
       6923.4500      0.86044760     0.022865774
       6924.7000      0.86696769     0.022801988
       6925.9500      0.86457841     0.022733131
       6927.1900      0.86145942     0.022660307
       6928.4400      0.86453901     0.022583364
       6929.6900      0.86123404     0.022504498
       6930.9400      0.85917573     0.022425555
       6932.1800      0.85878172     0.022348541
       6933.4300      0.85600000     0.022273262
       6934.6800      0.85490780     0.022200543
       6935.9200      0.85602206     0.022130612
       6937.1700      0.85229314     0.022061073
       6938.4200      0.84948306     0.021990914
       6939.6600      0.84531600     0.021919003
       6940.9100      0.84184712     0.021842516
       6942.1600      0.84137904     0.021761112
       6943.4100      0.83647281     0.021674604
       6944.6500      0.83209929     0.021584635
       6945.9000      0.82884949     0.021491144
       6947.1500      0.82466351     0.021396854
       6948.3900      0.81852482     0.021305008
       6949.6400      0.81735855     0.021215943
       6950.8900      0.80802679     0.021132249
       6952.1300      0.79769740     0.021055582
       6953.3800      0.79490465     0.020985195
       6954.6300      0.79162175     0.020921620
       6955.8800      0.78796217     0.020864650
       6957.1200      0.78761229     0.020814172
       6958.3700      0.78656580     0.020769014
       6959.6200      0.77866351     0.020729002
       6960.8600      0.76905753     0.020694356
       6962.1100      0.76265248     0.020664244
       6963.3600      0.76555871     0.020638552
       6964.6000      0.76237510     0.020616845
       6965.8500      0.76222380     0.020597891
       6967.1000      0.76671710     0.020580572
       6968.3500      0.76802049     0.020563240
       6969.5900      0.77128132     0.020544253
       6970.8400      0.77759968     0.020521797
       6972.0900      0.78790386     0.020494597
       6973.3300      0.80516785     0.020462228
       6974.5800      0.81123877     0.020424322
       6975.8300      0.82425374     0.020381409
       6977.0700      0.83908589     0.020335022
       6978.3200      0.85057683     0.020285722
       6979.5700      0.85757604     0.020235189
       6980.8200      0.86376675     0.020184400
       6982.0600      0.87041923     0.020134549
       6983.3100      0.87968952     0.020085190
       6984.5600      0.88698030     0.020036777
       6985.8000      0.88945626     0.019989417
       6987.0500      0.89724507     0.019942123
       6988.3000      0.89458629     0.019894829
       6989.5400      0.89925611     0.019848088
       6990.7900      0.91513318     0.019801042
       6992.0400      0.91284634     0.019754378
       6993.2900      0.90945469     0.019708310
