# data from 
# via WISEREP
# de-redshifted assuming z=   0.00239000
# phase in rest-frame days relative to JD =        2451480.9
# type is SNII
# phase is       7.60000
# WARNING: fake error spectrum!

       3741.0600       1.1452514     0.064841442
       3744.0500       1.5193774     0.064652898
       3747.0400       1.2121483     0.064464742
       3750.0400       1.4873298     0.064276349
       3753.0300       1.2657060     0.064088972
       3756.0200      0.75397250     0.063901983
       3759.0200       1.0118924     0.063714759
       3762.0100      0.88755729     0.063528547
       3765.0000      0.91155120     0.063342723
       3767.9900       1.1619610     0.063157286
       3770.9900       1.3395611     0.062971617
       3773.9800       1.0273559     0.062786955
       3776.9700      0.60170692     0.062602680
       3779.9700       1.4881327     0.062418176
       3782.9600      0.99503228     0.062234673
       3785.9500      0.74652929     0.062051557
       3788.9400       1.4281604     0.061868825
       3791.9400       1.0020908     0.061685870
       3794.9300      0.96372897     0.061503910
       3797.9200       1.0832553     0.061322334
       3800.9200       1.2797310     0.061140538
       3803.9100       1.3290486     0.060959732
       3806.9000       1.0242950     0.060779310
       3809.8900      0.85883819     0.060599272
       3812.8900       1.0083297     0.060419017
       3815.8800       1.3301358     0.060239747
       3818.8700       1.3027465     0.060060859
       3821.8700      0.85621216     0.059881757
       3824.8600      0.97569665     0.059703636
       3827.8500       1.2899592     0.059525896
       3830.8400       1.1969441     0.059348539
       3833.8400       1.1943013     0.059170971
       3836.8300       1.2118891     0.058994378
       3839.8200       1.3466782     0.058818165
       3842.8200      0.96589503     0.058641746
       3845.8100      0.77982889     0.058466296
       3848.8000       1.0067993     0.058291226
       3851.7900       1.1304235     0.058116536
       3854.7900       1.0083632     0.057941644
       3857.7800      0.98030475     0.057767715
       3860.7700      0.98581608     0.057594165
       3863.7700       1.1407186     0.057420415
       3866.7600       1.1807865     0.057247624
       3869.7500       1.0006189     0.057075211
       3872.7400       1.0433045     0.056903177
       3875.7400       1.1973288     0.056730947
       3878.7300       1.2766199     0.056559669
       3881.7200       1.2284398     0.056388769
       3884.7200       1.1331834     0.056217677
       3887.7100       1.1731593     0.056047532
       3890.7000       1.0921955     0.055877764
       3893.6900       1.1809956     0.055708372
       3896.6900       1.3688740     0.055538792
       3899.6800       1.2355150     0.055370153
       3902.6700       1.2042451     0.055201891
       3905.6700       1.3944987     0.055033442
       3908.6600       1.4410648     0.054865931
       3911.6500       1.3757736     0.054698795
       3914.6400       1.3728130     0.054532034
       3917.6400       1.4535092     0.054365091
       3920.6300       1.5062222     0.054199079
       3923.6200       1.4262955     0.054033441
       3926.6200       1.4102047     0.053867624
       3929.6100       1.3973171     0.053702734
       3932.6000       1.4702522     0.053538217
       3935.5900       1.5464406     0.053374073
       3938.5900       1.5707858     0.053209755
       3941.5800       1.5402603     0.053046357
       3944.5700       1.6242013     0.052883331
       3947.5700       1.7074566     0.052720133
       3950.5600       1.5710952     0.052557852
       3953.5500       1.5058124     0.052395942
       3956.5400       1.5650487     0.052234403
       3959.5400       1.6159302     0.052072696
       3962.5300       1.6089804     0.051911899
       3965.5200       1.5466246     0.051751473
       3968.5200       1.5059964     0.051590882
       3971.5100       1.4315308     0.051431196
       3974.5000       1.3484093     0.051271880
       3977.4900       1.4103385     0.051112933
       3980.4900       1.3451477     0.050953826
       3983.4800       1.3681464     0.050795618
       3986.4700       1.3278527     0.050637779
       3989.4700       1.2928194     0.050479781
       3992.4600       1.3603017     0.050322679
       3995.4500       1.3846302     0.050165945
       3998.4400       1.3041766     0.050009578
       4001.4400       1.2963737     0.049853057
       4004.4300       1.2803834     0.049697425
       4007.4200       1.3203844     0.049542160
       4010.4200       1.3217643     0.049386744
       4013.4100       1.2157027     0.049232212
       4016.4000       1.2551768     0.049078047
       4019.3900       1.2532115     0.048924247
       4022.3900       1.2073562     0.048770300
       4025.3800       1.3118205     0.048617231
       4028.3700       1.2899257     0.048464528
       4031.3600       1.2750059     0.048312189
       4034.3600       1.1944435     0.048159707
       4037.3500       1.2054160     0.048008098
       4040.3400       1.3151992     0.047856853
       4043.3400       1.3396865     0.047705467
       4046.3300       1.2651959     0.047554950
       4049.3200       1.3356639     0.047404795
       4052.3100       1.3856338     0.047255004
       4055.3100       1.3349112     0.047105076
       4058.3000       1.3002292     0.046956010
       4061.2900       1.3098133     0.046807307
       4064.2900       1.3602097     0.046658470
       4067.2800       1.3591393     0.046510491
       4070.2700       1.3002793     0.046362873
       4073.2600       1.3952179     0.046215616
       4076.2600       1.4691232     0.046068230
       4079.2500       1.4213779     0.045921695
       4082.2400       1.3436256     0.045775521
       4085.2400       1.3797963     0.045629220
       4088.2300       1.3508681     0.045483767
       4091.2200       1.3439434     0.045338673
       4094.2100       1.3653949     0.045193939
       4097.2100       1.3591644     0.045049081
       4100.2000       1.3622002     0.044905065
       4103.1900       1.3598585     0.044761408
       4106.1900       1.3658967     0.044617630
       4109.1800       1.3789349     0.044474690
       4112.1700       1.3759409     0.044332107
       4115.1600       1.3742348     0.044189882
       4118.1600       1.4126802     0.044047541
       4121.1500       1.3588800     0.043906031
       4124.1400       1.3553173     0.043764878
       4127.1400       1.3562038     0.043623611
       4130.1300       1.3306376     0.043483171
       4133.1200       1.3566638     0.043343087
       4136.1100       1.3468705     0.043203359
       4139.1100       1.3619158     0.043063521
       4142.1000       1.3589887     0.042924505
       4145.0900       1.3125815     0.042785843
       4148.0900       1.2937142     0.042647074
       4151.0800       1.2586224     0.042509122
       4154.0700       1.2383585     0.042371525
       4157.0600       1.2891731     0.042234281
       4160.0600       1.2774061     0.042096934
       4163.0500       1.2475914     0.041960398
       4166.0400       1.3219399     0.041824215
       4169.0400       1.2996019     0.041687932
       4172.0300       1.2677299     0.041552456
       4175.0200       1.2880858     0.041417332
       4178.0100       1.2643094     0.041282560
       4181.0100       1.2323621     0.041147691
       4184.0000       1.2513799     0.041013623
       4186.9900       1.2716773     0.040879907
       4189.9900       1.2473907     0.040746096
       4192.9800       1.2095641     0.040613082
       4195.9700       1.2115378     0.040480419
       4198.9600       1.2150085     0.040348107
       4201.9600       1.1881210     0.040215703
       4204.9500       1.1847506     0.040084091
       4207.9400       1.1971950     0.039952828
       4210.9400       1.1862225     0.039821478
       4213.9300       1.1868999     0.039690914
       4216.9200       1.1636169     0.039560700
       4219.9100       1.1334928     0.039430834
       4222.9100       1.1716288     0.039300883
       4225.9000       1.1438798     0.039171714
       4228.8900       1.0950139     0.039042892
       4231.8900       1.1211655     0.038913989
       4234.8800       1.1467568     0.038785864
       4237.8700       1.1123256     0.038658085
       4240.8600       1.1126351     0.038530652
       4243.8600       1.1979393     0.038403142
       4246.8500       1.2840548     0.038276403
       4249.8400       1.2898421     0.038150010
       4252.8400       1.2527431     0.038023542
       4255.8300       1.3011407     0.037897841
       4258.8200       1.3769528     0.037772486
       4261.8100       1.3602934     0.037647475
       4264.8100       1.4264042     0.037522392
       4267.8000       1.3846051     0.037398071
       4270.7900       1.4075285     0.037274094
       4273.7900       1.4702690     0.037150048
       4276.7800       1.4521627     0.037026760
       4279.7700       1.4566203     0.036903814
       4282.7600       1.5195447     0.036781212
       4285.7600       1.5647309     0.036658545
       4288.7500       1.5894189     0.036536629
       4291.7400       1.5781203     0.036415055
       4294.7400       1.5374251     0.036293419
       4297.7300       1.5322400     0.036172530
       4300.7200       1.5521610     0.036051983
       4303.7100       1.5613772     0.035931777
       4306.7100       1.5696651     0.035811512
       4309.7000       1.6028836     0.035691988
       4312.6900       1.5761466     0.035572806
       4315.6900       1.5863496     0.035453566
       4318.6800       1.5764393     0.035335065
       4321.6700       1.5587010     0.035216903
       4324.6600       1.5394239     0.035099080
       4327.6600       1.5389556     0.034981205
       4330.6500       1.5413475     0.034864061
       4333.6400       1.5337203     0.034747257
       4336.6400       1.5232914     0.034630402
       4339.6300       1.4969725     0.034514275
       4342.6200       1.5215017     0.034398486
       4345.6100       1.5741143     0.034283034
       4348.6100       1.5603486     0.034167536
       4351.6000       1.5245292     0.034052760
       4354.5900       1.4727110     0.033938321
       4357.5900       1.4473706     0.033823837
       4360.5800       1.4492523     0.033710072
       4363.5700       1.4211688     0.033596643
       4366.5600       1.3887198     0.033483550
       4369.5600       1.4603753     0.033370416
       4372.5500       1.4722259     0.033257995
       4375.5400       1.4291138     0.033145909
       4378.5400       1.3468621     0.033033784
       4381.5300       1.3487439     0.032922369
       4384.5200       1.3938046     0.032811287
       4387.5100       1.4088750     0.032700540
       4390.5100       1.3944987     0.032589758
       4393.5000       1.3588466     0.032479679
       4396.4900       1.3669003     0.032369933
       4399.4900       1.3976433     0.032260155
       4402.4800       1.3844044     0.032151076
       4405.4700       1.3624260     0.032042330
       4408.4600       1.4188188     0.031933916
       4411.4600       1.4092681     0.031825472
       4414.4500       1.4066253     0.031717723
       4417.4400       1.4280684     0.031610305
       4420.4400       1.4210099     0.031502861
       4423.4300       1.4628508     0.031396106
       4426.4200       1.4358378     0.031289682
       4429.4100       1.3641739     0.031183588
       4432.4100       1.3590974     0.031077472
       4435.4000       1.4043087     0.030972039
       4438.3900       1.3952932     0.030866937
       4441.3800       1.3809671     0.030762163
       4444.3800       1.4132406     0.030657370
       4447.3700       1.4068595     0.030553256
       4450.3600       1.3980112     0.030449470
       4453.3600       1.3701786     0.030345668
       4456.3500       1.3713077     0.030242540
       4459.3400       1.3850818     0.030139740
       4462.3300       1.3845633     0.030037267
       4465.3300       1.3497976     0.029934781
       4468.3200       1.3621667     0.029832964
       4471.3100       1.3709397     0.029731473
       4474.3100       1.3678871     0.029629972
       4477.3000       1.3486351     0.029529136
       4480.2900       1.3209698     0.029428625
       4483.2800       1.3259375     0.029328441
       4486.2800       1.3820460     0.029228249
       4489.2700       1.4102884     0.029128716
       4492.2600       1.3841869     0.029029509
       4495.2600       1.3567474     0.028930296
       4498.2500       1.3613137     0.028831739
       4501.2400       1.3458251     0.028733506
       4504.2300       1.3056318     0.028635597
       4507.2300       1.3218228     0.028537686
       4510.2200       1.3360569     0.028440426
       4513.2100       1.3708226     0.028343488
       4516.2100       1.3378550     0.028246551
       4519.2000       1.2843224     0.028150261
       4522.1900       1.3165791     0.028054293
       4525.1800       1.3422875     0.027958647
       4528.1800       1.3245827     0.027863005
       4531.1700       1.3148647     0.027768004
       4534.1600       1.3187954     0.027673324
       4537.1600       1.2992758     0.027578650
       4540.1500       1.2511374     0.027484614
       4543.1400       1.2608052     0.027390898
       4546.1300       1.2976867     0.027297503
       4549.1300       1.2757753     0.027204117
       4552.1200       1.2603703     0.027111362
       4555.1100       1.2524253     0.027018927
       4558.1100       1.2973104     0.026926505
       4561.1000       1.2997190     0.026834709
       4564.0900       1.2482856     0.026743233
       4567.0800       1.2528853     0.026652075
       4570.0800       1.2842973     0.026560933
       4573.0700       1.2791707     0.026470413
       4576.0600       1.2686917     0.026380210
       4579.0600       1.2546583     0.026290026
       4582.0500       1.2232964     0.026200459
       4585.0400       1.2218998     0.026111210
       4588.0300       1.2367946     0.026022277
       4591.0300       1.2461446     0.025933366
       4594.0200       1.2399558     0.025845067
       4597.0100       1.2306644     0.025757084
       4600.0100       1.2624193     0.025669125
       4603.0000       1.2973522     0.025581775
       4605.9900       1.2449905     0.025494740
       4608.9800       1.1859716     0.025408020
       4611.9800       1.1672800     0.025321326
       4614.9700       1.1869836     0.025235237
       4617.9600       1.1802345     0.025149461
       4620.9600       1.1556886     0.025063715
       4623.9500       1.1496922     0.024978568
       4626.9400       1.1670040     0.024893735
       4629.9300       1.1864651     0.024809215
       4632.9300       1.1625882     0.024724727
       4635.9200       1.1575871     0.024640834
       4638.9100       1.1671796     0.024557253
       4641.9100       1.1429181     0.024473707
       4644.9000       1.0888920     0.024390751
       4647.8900       1.1021895     0.024308107
       4650.8800       1.0896949     0.024225774
       4653.8800       1.0779029     0.024143479
       4656.8700       1.0922457     0.024061770
       4659.8600       1.1026913     0.023980371
       4662.8600       1.0603486     0.023899012
       4665.8500       1.0449854     0.023818235
       4668.8400       1.0454287     0.023737767
       4671.8300       1.0519018     0.023657610
       4674.8300       1.0472017     0.023577495
       4677.8200       1.0274312     0.023497957
       4680.8100       1.0367059     0.023418727
       4683.8100       1.0325745     0.023339543
       4686.8000      0.99330111     0.023260932
       4689.7900      0.99767504     0.023182628
       4692.7800      0.98212792     0.023104633
       4695.7800      0.96945773     0.023026685
       4698.7700      0.96250795     0.022949306
       4701.7600      0.94220219     0.022872233
       4704.7600      0.92891312     0.022795211
       4707.7500      0.92034088     0.022718753
       4710.7400      0.90696819     0.022642601
       4713.7300      0.90679256     0.022566755
       4716.7300      0.87319774     0.022490963
       4719.7200      0.85586927     0.022415729
       4722.7100      0.87297193     0.022340801
       4725.7100      0.87088951     0.022265928
       4728.7000      0.87706152     0.022191611
       4731.6900      0.90656675     0.022117597
       4734.6800      0.88879504     0.022043888
       4737.6800      0.88146054     0.021970238
       4740.6700      0.92823571     0.021897138
       4743.6600      0.96428930     0.021824341
       4746.6600      0.98208611     0.021751606
       4749.6500      0.99039073     0.021679416
       4752.6400      0.99959857     0.021607529
       4755.6300       1.0551049     0.021535945
       4758.6300       1.1052588     0.021464424
       4761.6200       1.1360603     0.021393445
       4764.6100       1.1808116     0.021322767
       4767.6100       1.2327217     0.021252156
       4770.6000       1.2749891     0.021182082
       4773.5900       1.2974275     0.021112308
       4776.5800       1.3158014     0.021042836
       4779.5800       1.3386244     0.020973432
       4782.5700       1.3607366     0.020904561
       4785.5600       1.4067424     0.020835990
       4788.5600       1.4375606     0.020767490
       4791.5500       1.3940471     0.020699519
       4794.5400       1.4065082     0.020631846
       4797.5300       1.4530158     0.020564473
       4800.5300       1.4323002     0.020497174
       4803.5200       1.4658532     0.020430398
       4806.5100       1.4799451     0.020363921
       4809.5100       1.4233767     0.020297520
       4812.5000       1.4351019     0.020231639
       4815.4900       1.4753789     0.020166055
       4818.4800       1.4638795     0.020100768
       4821.4800       1.4763741     0.020035561
       4824.4700       1.4874887     0.019970868
       4827.4600       1.4823621     0.019906472
       4830.4600       1.5251480     0.019842158
       4833.4500       1.5125698     0.019778354
       4836.4400       1.5146272     0.019714846
       4839.4300       1.5080119     0.019651633
       4842.4300       1.5144181     0.019588505
       4845.4200       1.5252317     0.019525883
       4848.4100       1.5174539     0.019463555
       4851.4000       1.4916117     0.019401521
       4854.4000       1.4476048     0.019339576
       4857.3900       1.4472284     0.019278131
       4860.3800       1.4638042     0.019216979
       4863.3800       1.4512093     0.019155918
       4866.3700       1.4492022     0.019095353
       4869.3600       1.4395260     0.019035082
       4872.3500       1.4082227     0.018975102
       4875.3500       1.3971080     0.018915216
       4878.3400       1.3917556     0.018855822
       4881.3300       1.4237280     0.018796719
       4884.3300       1.4026444     0.018737711
       4887.3200       1.3694761     0.018679192
       4890.3100       1.3569899     0.018620964
       4893.3000       1.3504583     0.018563026
       4896.3000       1.3492707     0.018505186
       4899.2900       1.3534858     0.018447830
       4902.2800       1.3707808     0.018390764
       4905.2800       1.3610795     0.018333797
       4908.2700       1.3471047     0.018277311
       4911.2600       1.3398538     0.018221113
       4914.2500       1.3314656     0.018165204
       4917.2500       1.3324022     0.018109399
       4920.2400       1.3188037     0.018054068
       4923.2300       1.3003295     0.017999025
       4926.2300       1.3044358     0.017944087
       4929.2200       1.2976700     0.017889620
       4932.2100       1.2813535     0.017835441
       4935.2000       1.2959221     0.017781549
       4938.2000       1.3061168     0.017727764
       4941.1900       1.2786856     0.017674446
       4944.1800       1.2813953     0.017621414
       4947.1800       1.2416619     0.017568493
       4950.1700       1.2335664     0.017516033
       4953.1600       1.2495149     0.017463860
       4956.1500       1.2436022     0.017411971
       4959.1500       1.2334744     0.017360196
       4962.1400       1.2325628     0.017308878
       4965.1300       1.2290670     0.017257844
       4968.1300       1.2340933     0.017206926
       4971.1200       1.2184792     0.017156461
       4974.1100       1.2032750     0.017106281
       4977.1000       1.2134279     0.017056383
       4980.1000       1.1977470     0.017006604
       4983.0900       1.2105342     0.016957273
       4986.0800       1.1702489     0.016908226
       4989.0800       1.1649801     0.016859240
       4992.0700       1.1692119     0.016811084
       4995.0600       1.1593350     0.016762663
       4998.0500       1.1848092     0.016714434
       5001.0500       1.1688690     0.016666642
       5004.0400       1.1349814     0.016619351
       5007.0300       1.1350400     0.016572494
       5010.0300       1.1282742     0.016525586
       5013.0200       1.1120329     0.016479137
       5016.0100       1.0889757     0.016433032
       5019.0000       1.1000067     0.016387095
       5022.0000       1.1135717     0.016341245
       5024.9900       1.1168417     0.016295795
       5027.9800       1.1108119     0.016250354
       5030.9800       1.0977570     0.016205204
       5033.9700       1.1130449     0.016160751
       5036.9600       1.0935085     0.016116622
       5039.9500       1.0968956     0.016072849
       5042.9500       1.0880306     0.016029038
       5045.9400       1.0843759     0.015985487
       5048.9300       1.0850450     0.015942131
       5051.9300       1.0959756     0.015899114
       5054.9200       1.0996889     0.015856702
       5057.9100       1.1048239     0.015814447
       5060.9000       1.1125598     0.015772226
       5063.9000       1.0813736     0.015730077
       5066.8900       1.0701084     0.015688375
       5069.8800       1.0819172     0.015647194
       5072.8800       1.1199194     0.015606337
       5075.8700       1.1140233     0.015565886
       5078.8600       1.0994464     0.015525539
       5081.8500       1.0986435     0.015485265
       5084.8500       1.0752852     0.015445213
       5087.8400       1.1010270     0.015405532
       5090.8300       1.0883735     0.015366311
       5093.8300       1.0851035     0.015327120
       5096.8200       1.1089553     0.015288433
       5099.8100       1.1158214     0.015249971
       5102.8000       1.1051417     0.015211758
       5105.8000       1.0894858     0.015173773
       5108.7900       1.0738551     0.015136152
       5111.7800       1.0985599     0.015098650
       5114.7800       1.0981752     0.015061279
       5117.7700       1.0853879     0.015024333
       5120.7600       1.0933998     0.014987719
       5123.7500       1.0566186     0.014951493
       5126.7500       1.0742983     0.014915471
       5129.7400       1.0876125     0.014879767
       5132.7300       1.1191667     0.014844175
       5135.7300       1.1281989     0.014808810
       5138.7200       1.0871441     0.014773901
       5141.7100       1.0803867     0.014739203
       5144.7000       1.1157963     0.014704632
       5147.7000       1.0996471     0.014670333
       5150.6900       1.0668718     0.014636623
       5153.6800       1.0762720     0.014603043
       5156.6800       1.0932409     0.014569462
       5159.6700       1.0779363     0.014536223
       5162.6600       1.0443248     0.014503520
       5165.6500       1.0451193     0.014471097
       5168.6500       1.0392065     0.014438715
       5171.6400       1.0486820     0.014406764
       5174.6300       1.0230991     0.014375068
       5177.6300       1.0497023     0.014343416
       5180.6200       1.0615445     0.014312069
       5183.6100       1.0806125     0.014280998
       5186.6000       1.0786472     0.014250421
       5189.6000       1.0406199     0.014219983
       5192.5900       1.0212173     0.014189902
       5195.5800       1.0201719     0.014160112
       5198.5800       1.0390727     0.014130288
       5201.5700       1.0613605     0.014100927
       5204.5600       1.0375924     0.014071828
       5207.5500       1.0113237     0.014042988
       5210.5500       1.0250978     0.014014345
       5213.5400       1.0170107     0.013986057
       5216.5300       1.0136487     0.013957997
       5219.5300       1.0254826     0.013930095
       5222.5200       1.0301743     0.013902559
       5225.5100       1.0257418     0.013875316
       5228.5000       1.0271719     0.013848382
       5231.5000       1.0299903     0.013821599
       5234.4900      0.99185428     0.013795171
       5237.4800       1.0000000     0.013768902
       5240.4800       1.0212006     0.013742852
       5243.4700       1.0159653     0.013717159
       5246.4600       1.0125949     0.013691739
       5249.4500       1.0028184     0.013666609
       5252.4500      0.99668819     0.013641689
       5255.4400       1.0131469     0.013617083
       5258.4300       1.0257502     0.013592698
       5261.4300      0.99395343     0.013568484
       5264.4200      0.97690931     0.013544599
       5267.4100      0.98629278     0.013521008
       5270.4000      0.97898337     0.013497700
       5273.4000      0.96717459     0.013474550
       5276.3900      0.97853176     0.013451729
       5279.3800      0.99818519     0.013429094
       5282.3800      0.99660456     0.013406638
       5285.3700      0.96714114     0.013384624
       5288.3600      0.93867293     0.013362824
       5291.3500      0.94155822     0.013341277
       5294.3500      0.96490817     0.013319872
       5297.3400      0.98671930     0.013298835
       5300.3300      0.99975747     0.013278079
       5303.3200      0.99228080     0.013257578
       5306.3200      0.97554611     0.013237293
       5309.3100      0.96342789     0.013217306
       5312.3000      0.96357007     0.013197595
       5315.3000      0.95433714     0.013178012
       5318.2900      0.92790954     0.013158786
       5321.2800      0.94937778     0.013139777
       5324.2700      0.97528686     0.013121081
       5327.2700      0.95678754     0.013102583
       5330.2600      0.92994179     0.013084317
       5333.2500      0.94599906     0.013066275
       5336.2500      0.95234670     0.013048383
       5339.2400      0.92233968     0.013030933
       5342.2300      0.91725488     0.013013809
       5345.2200      0.93690831     0.012996927
       5348.2200      0.93262637     0.012980196
       5351.2100      0.93470879     0.012963659
       5354.2000      0.94165022     0.012947398
       5357.2000      0.93711739     0.012931419
       5360.1900      0.92642926     0.012915676
       5363.1800      0.93613053     0.012900248
       5366.1700      0.94441843     0.012885049
       5369.1700      0.91432777     0.012870041
       5372.1600      0.89146288     0.012855260
       5375.1500      0.90718563     0.012840790
       5378.1500      0.91617603     0.012826501
       5381.1400      0.90552972     0.012812578
       5384.1300      0.91434450     0.012799000
       5387.1200      0.91820828     0.012785654
       5390.1200      0.90038638     0.012772405
       5393.1100      0.90087144     0.012759294
       5396.1000      0.91587495     0.012746455
       5399.1000      0.91745559     0.012733821
       5402.0900      0.91226207     0.012721635
       5405.0800      0.89791925     0.012709798
       5408.0700      0.93633125     0.012698114
       5411.0700      0.93091192     0.012686610
       5414.0600      0.91632656     0.012675273
       5417.0500      0.94183421     0.012664233
       5420.0500      0.92789282     0.012653502
       5423.0400      0.91050580     0.012643081
       5426.0300      0.91743050     0.012632886
       5429.0200      0.90338039     0.012622858
       5432.0200      0.87867561     0.012613000
       5435.0100      0.88830997     0.012603420
       5438.0000      0.91544007     0.012594165
       5441.0000      0.91162647     0.012585191
       5443.9900      0.89149634     0.012576462
       5446.9800      0.88447128     0.012567903
       5449.9700      0.87548088     0.012559548
       5452.9700      0.89696584     0.012551387
       5455.9600      0.90866591     0.012543465
       5458.9500      0.89844612     0.012535871
       5461.9500      0.88112602     0.012528515
       5464.9400      0.85816914     0.012521453
       5467.9300      0.87228615     0.012514684
       5470.9200      0.89777707     0.012508070
       5473.9200      0.89181414     0.012501747
       5476.9100      0.87818218     0.012495637
       5479.9000      0.89135416     0.012489717
       5482.9000      0.89309370     0.012484039
       5485.8900      0.86851437     0.012478727
       5488.8800      0.86686683     0.012473597
       5491.8700      0.89600408     0.012468520
       5494.8700      0.88906266     0.012463677
       5497.8600      0.87963737     0.012459185
       5500.8500      0.86993611     0.012455050
       5503.8500      0.86089553     0.012451114
       5506.8400      0.88733985     0.012447407
       5509.8300      0.89671495     0.012443879
       5512.8200      0.86890744     0.012440589
       5515.8200      0.86889907     0.012437618
       5518.8100      0.87385007     0.012434891
       5521.8000      0.85437226     0.012432355
       5524.8000      0.84003780     0.012430013
       5527.7900      0.85256582     0.012427987
       5530.7800      0.86706754     0.012426093
       5533.7700      0.86315358     0.012424452
       5536.7700      0.85001505     0.012423069
       5539.7600      0.84650253     0.012421899
       5542.7500      0.86544509     0.012420996
       5545.7500      0.88127655     0.012420340
       5548.7400      0.87090623     0.012419955
       5551.7300      0.87819891     0.012419759
       5554.7200      0.87259559     0.012419819
       5557.7200      0.82310323     0.012420149
       5560.7100      0.79223230     0.012420653
       5563.7000      0.83004717     0.012421394
       5566.7000      0.85821932     0.012422323
       5569.6900      0.84268056     0.012423521
       5572.6800      0.82908624     0.012424985
       5575.6700      0.82742030     0.012426655
       5578.6700      0.84030542     0.012428528
       5581.6600      0.86288596     0.012430662
       5584.6500      0.86695882     0.012433049
       5587.6500      0.84988961     0.012435714
       5590.6400      0.85065065     0.012438574
       5593.6300      0.85568528     0.012441616
       5596.6200      0.84065668     0.012444852
       5599.6200      0.82945171     0.012448374
       5602.6100      0.83670926     0.012452119
       5605.6000      0.83438012     0.012456090
       5608.6000      0.83790520     0.012460303
       5611.5900      0.83289817     0.012464774
       5614.5800      0.81569765     0.012469498
       5617.5700      0.80465159     0.012474377
       5620.5700      0.80142926     0.012479493
       5623.5600      0.80651658     0.012484834
       5626.5500      0.81206470     0.012490442
       5629.5500      0.80621132     0.012496325
       5632.5400      0.80323069     0.012502343
       5635.5300      0.81052169     0.012508610
       5638.5200      0.80829709     0.012515087
       5641.5200      0.80474693     0.012521751
       5644.5100      0.81206386     0.012528688
       5647.5000      0.81466230     0.012535900
       5650.5000      0.81223196     0.012543310
       5653.4900      0.78706888     0.012550917
       5656.4800      0.81159803     0.012558699
       5659.4700      0.81824006     0.012566790
       5662.4700      0.80894858     0.012575207
       5665.4600      0.78544977     0.012583810
       5668.4500      0.78575503     0.012592532
       5671.4500      0.80640451     0.012601369
       5674.4400      0.80325996     0.012610445
       5677.4300      0.78868213     0.012619928
       5680.4200      0.78096377     0.012629657
       5683.4200      0.80103369     0.012639709
       5686.4100      0.81568093     0.012649797
       5689.4000      0.80168350     0.012660048
       5692.4000      0.77322952     0.012670499
       5695.3900      0.76282073     0.012681215
       5698.3800      0.78093450     0.012692272
       5701.3700      0.78870890     0.012703594
       5704.3700      0.78639063     0.012715075
       5707.3600      0.78652611     0.012726768
       5710.3500      0.77868648     0.012738621
       5713.3400      0.77619760     0.012750564
       5716.3400      0.78237547     0.012762750
       5719.3300      0.77579283     0.012775273
       5722.3200      0.76873097     0.012788120
       5725.3200      0.77472987     0.012801206
       5728.3100      0.77372713     0.012814322
       5731.3000      0.76378918     0.012827577
       5734.2900      0.75872027     0.012841043
       5737.2900      0.77965494     0.012854989
       5740.2800      0.78679457     0.012869160
       5743.2700      0.77601027     0.012883589
       5746.2700      0.76426337     0.012898143
       5749.2600      0.75795588     0.012912783
       5752.2500      0.74794266     0.012927608
       5755.2400      0.76540327     0.012942684
       5758.2400      0.79504650     0.012958098
       5761.2300      0.79608353     0.012973735
       5764.2200      0.79604422     0.012989594
       5767.2200      0.80329258     0.013005767
       5770.2100      0.79697672     0.013022047
       5773.2000      0.79104138     0.013038461
       5776.1900      0.78820041     0.013054971
       5779.1900      0.79418258     0.013071816
       5782.1800      0.82956127     0.013088864
       5785.1700      0.86093734     0.013106158
       5788.1700      0.84997324     0.013123710
       5791.1600      0.82015020     0.013141445
       5794.1500      0.81770816     0.013159394
       5797.1400      0.84216204     0.013177492
       5800.1400      0.85262436     0.013195969
       5803.1300      0.84391831     0.013214571
       5806.1200      0.83532851     0.013233372
       5809.1200      0.86288596     0.013252436
       5812.1100      0.88212960     0.013271600
       5815.1000      0.86878199     0.013291003
       5818.0900      0.83403891     0.013310657
       5821.0900      0.82254708     0.013330567
       5824.0800      0.84958017     0.013350558
       5827.0700      0.85132807     0.013370866
       5830.0700      0.85789315     0.013391470
       5833.0600      0.86227545     0.013412146
       5836.0500      0.84660288     0.013433064
       5839.0400      0.83743686     0.013454160
       5842.0400      0.85699829     0.013475440
       5845.0300      0.85529221     0.013496930
       5848.0200      0.84103302     0.013518840
       5851.0200      0.84333289     0.013541704
       5854.0100      0.83355970     0.013566533
       5857.0000      0.82376643     0.013595476
       5859.9900      0.82884036     0.013630860
       5862.9900      0.83540210     0.013674598
       5865.9800      0.84147627     0.013726164
       5868.9700      0.83679289     0.013781837
       5871.9700      0.79653431     0.013833787
       5874.9600      0.78333891     0.013874104
       5877.9500      0.77058509     0.013902916
       5880.9400      0.74997742     0.013926732
       5883.9400      0.77527598     0.013947276
       5886.9300      0.77845064     0.013959346
       5889.9200      0.75984846     0.013964068
       5892.9200      0.76436122     0.013972569
       5895.9100      0.76174355     0.013993645
       5898.9000      0.76158883     0.014028072
       5901.8900      0.78098301     0.014070352
       5904.8900      0.78079902     0.014108597
       5907.8800      0.78441107     0.014129054
       5910.8700      0.81356756     0.014131001
       5913.8700      0.82211053     0.014128401
       5916.8600      0.81484712     0.014137384
       5919.8500      0.82206286     0.014166848
       5922.8400      0.81331666     0.014218467
       5925.8400      0.79764326     0.014283793
       5928.8300      0.79705700     0.014341050
       5931.8200      0.78231944     0.014371479
       5934.8200      0.79170207     0.014376252
       5937.8100      0.80148362     0.014373526
       5940.8000      0.76752835     0.014380008
       5943.7900      0.78379972     0.014397901
       5946.7900      0.80396247     0.014422610
       5949.7800      0.78054227     0.014452573
       5952.7700      0.76925116     0.014485588
       5955.7700      0.78221741     0.014516392
       5958.7600      0.75916435     0.014542624
       5961.7500      0.73531094     0.014566050
       5964.7400      0.76495752     0.014587481
       5967.7400      0.79087245     0.014609099
       5970.7300      0.77429833     0.014634191
       5973.7200      0.76565333     0.014662988
       5976.7200      0.76822333     0.014691302
       5979.7100      0.76542000     0.014716527
       5982.7000      0.76970194     0.014739982
       5985.6900      0.75879470     0.014763739
       5988.6900      0.76998378     0.014788435
       5991.6800      0.76890493     0.014813783
       5994.6700      0.76861974     0.014840681
       5997.6700      0.76093149     0.014869670
       6000.6600      0.75750427     0.014900276
       6003.6500      0.74516609     0.014931829
       6006.6400      0.74458569     0.014963999
       6009.6400      0.76951627     0.014996681
       6012.6300      0.78707139     0.015029570
       6015.6200      0.80103787     0.015062656
       6018.6200      0.77805255     0.015096017
       6021.6100      0.76970779     0.015129411
       6024.6000      0.76352491     0.015163022
       6027.5900      0.75006189     0.015196815
       6030.5900      0.75196785     0.015230860
       6033.5800      0.74770180     0.015265077
       6036.5700      0.74695915     0.015299455
       6039.5700      0.73252183     0.015334074
       6042.5600      0.72401147     0.015368915
       6045.5500      0.75043238     0.015403873
       6048.5400      0.76667782     0.015439069
       6051.5400      0.75133058     0.015474545
       6054.5300      0.74235022     0.015509981
       6057.5200      0.74551651     0.015545703
       6060.5200      0.75034707     0.015581717
       6063.5100      0.74266216     0.015617788
       6066.5000      0.72842722     0.015654077
       6069.4900      0.74399609     0.015690551
       6072.4900      0.73881260     0.015727437
       6075.4800      0.72058760     0.015764272
       6078.4700      0.72676295     0.015801310
       6081.4700      0.74146874     0.015838669
       6084.4600      0.74782558     0.015876140
       6087.4500      0.74670241     0.015913652
       6090.4400      0.73401382     0.015951408
       6093.4400      0.73037500     0.015989522
       6096.4300      0.73397451     0.016027691
       6099.4200      0.71293279     0.016065985
       6102.4200      0.70876794     0.016104718
       6105.4100      0.73615729     0.016143477
       6108.4000      0.75059546     0.016182450
       6111.3900      0.75103787     0.016221583
       6114.3900      0.73129412     0.016260997
       6117.3800      0.70790486     0.016300431
       6120.3700      0.71596026     0.016340078
       6123.3700      0.74164771     0.016380058
       6126.3600      0.74616047     0.016420041
       6129.3500      0.71459623     0.016460249
       6132.3400      0.70663701     0.016500640
       6135.3400      0.70504215     0.016541413
       6138.3300      0.71087964     0.016582261
       6141.3200      0.72728482     0.016623235
       6144.3100      0.73559613     0.016664327
       6147.3100      0.73489947     0.016705765
       6150.3000      0.71134881     0.016747230
       6153.2900      0.69045261     0.016788980
       6156.2900      0.70034540     0.016830993
       6159.2800      0.69671746     0.016873081
       6162.2700      0.69994648     0.016915345
       6165.2600      0.69466681     0.016957731
       6168.2600      0.67823487     0.017000347
       6171.2500      0.66526612     0.017043049
       6174.2400      0.67520072     0.017086027
       6177.2400      0.67552521     0.017129423
       6180.2300      0.69572224     0.017172827
       6183.2200      0.69816679     0.017216321
       6186.2100      0.67399475     0.017259963
       6189.2100      0.67183956     0.017303899
       6192.2000      0.68837604     0.017347918
       6195.1900      0.68526411     0.017392191
       6198.1900      0.66578798     0.017436701
       6201.1800      0.65347406     0.017481362
       6204.1700      0.65350166     0.017526067
       6207.1600      0.65436223     0.017570973
       6210.1600      0.65414980     0.017616203
       6213.1500      0.67803583     0.017661470
       6216.1400      0.68512695     0.017706975
       6219.1400      0.67888051     0.017752783
       6222.1300      0.64604590     0.017798681
       6225.1200      0.65392065     0.017844654
       6228.1100      0.67709748     0.017890786
       6231.1100      0.66392801     0.017937340
       6234.1000      0.66397317     0.017984066
       6237.0900      0.66759526     0.018031534
       6240.0900      0.66230974     0.018080627
       6243.0800      0.67221256     0.018131918
       6246.0700      0.67506941     0.018188245
       6249.0600      0.64981601     0.018256527
       6252.0600      0.64166444     0.018355056
       6255.0500      0.67435269     0.018509854
       6258.0400      0.70520941     0.018728745
       6261.0400      0.69746847     0.018960741
       6264.0300      0.66435286     0.019108532
       6267.0200      0.65065065     0.019127496
       6270.0100      0.65076272     0.019074115
       6273.0100      0.65601980     0.019037162
       6276.0000      0.66873934     0.019051561
       6278.9900      0.66872679     0.019094520
       6281.9900      0.64630683     0.019134317
       6284.9800      0.62053324     0.019158862
       6287.9700      0.62278376     0.019174100
       6290.9600      0.63458502     0.019188542
       6293.9600      0.62279296     0.019206809
       6296.9500      0.59880658     0.019229810
       6299.9400      0.58164871     0.019257164
       6302.9400      0.58334225     0.019287286
       6305.9300      0.61409444     0.019318433
       6308.9200      0.62912806     0.019350478
       6311.9100      0.58623005     0.019384399
       6314.9100      0.58776302     0.019421343
       6317.9000      0.58469792     0.019461438
       6320.8900      0.56363363     0.019504587
       6323.8900      0.55843676     0.019550715
       6326.8800      0.55631586     0.019598277
       6329.8700      0.54493611     0.019645782
       6332.8600      0.55340464     0.019692073
       6335.8600      0.55363463     0.019737658
       6338.8500      0.54403957     0.019783543
       6341.8400      0.54914528     0.019830660
       6344.8400      0.53572074     0.019879021
       6347.8300      0.51434868     0.019927780
       6350.8200      0.52880357     0.019976942
       6353.8100      0.53905513     0.020026432
       6356.8100      0.53212876     0.020075225
       6359.8000      0.54236945     0.020123327
       6362.7900      0.57046884     0.020172388
       6365.7900      0.56961245     0.020224171
       6368.7800      0.57829007     0.020278072
       6371.7700      0.57007828     0.020331984
       6374.7600      0.58097297     0.020384045
       6377.7600      0.60948884     0.020433944
       6380.7500      0.63132088     0.020483179
       6383.7400      0.62283310     0.020533951
       6386.7400      0.62499916     0.020587027
       6389.7300      0.66125431     0.020641399
       6392.7200      0.67808684     0.020696601
       6395.7100      0.66783779     0.020752295
       6398.7100      0.68273843     0.020808235
       6401.7000      0.72754742     0.020864143
       6404.6900      0.78071204     0.020920176
       6407.6900      0.80571789     0.020976606
       6410.6800      0.81010688     0.021033018
       6413.6700      0.84673669     0.021089580
       6416.6600      0.88112602     0.021146417
       6419.6600      0.91939585     0.021203638
       6422.6500      0.93603854     0.021261125
       6425.6400      0.96336099     0.021319129
       6428.6400       1.0004014     0.021378241
       6431.6300       1.0219366     0.021438713
       6434.6200       1.0443917     0.021502427
       6437.6100       1.0706687     0.021570969
       6440.6100       1.0885241     0.021644969
       6443.6000       1.1196434     0.021722409
       6446.5900       1.1646539     0.021802893
       6449.5900       1.1919429     0.021888953
       6452.5800       1.2131185     0.021982142
       6455.5700       1.2347289     0.022080359
       6458.5600       1.2377898     0.022173983
       6461.5600       1.2383167     0.022252943
       6464.5500       1.2408591     0.022313193
       6467.5400       1.2756247     0.022360641
       6470.5400       1.2862627     0.022402552
       6473.5300       1.3020607     0.022442349
       6476.5200       1.3225672     0.022478316
       6479.5100       1.3228515     0.022507062
       6482.5100       1.3258455     0.022531198
       6485.5000       1.3397618     0.022562068
       6488.4900       1.3597832     0.022612781
       6491.4900       1.3772790     0.022692211
       6494.4800       1.3669170     0.022797812
       6497.4700       1.3684307     0.022911783
       6500.4600       1.3709397     0.023003745
       6503.4600       1.3554846     0.023053548
       6506.4500       1.3361657     0.023069993
       6509.4400       1.3829492     0.023082104
       6512.4400       1.3877580     0.023111965
       6515.4300       1.3919312     0.023161955
       6518.4200       1.4008296     0.023223226
       6521.4100       1.4222142     0.023290598
       6524.4100       1.4328187     0.023365574
       6527.4000       1.4151808     0.023447059
       6530.3900       1.4026862     0.023527777
       6533.3900       1.3958117     0.023600600
       6536.3800       1.3707641     0.023663723
       6539.3700       1.3710484     0.023721605
       6542.3600       1.4164269     0.023779076
       6545.3600       1.4100709     0.023837396
       6548.3500       1.3603017     0.023894353
       6551.3400       1.3675442     0.023949805
       6554.3300       1.3696183     0.024004807
       6557.3300       1.3547653     0.024058764
       6560.3200       1.3178002     0.024109094
       6563.3100       1.3327953     0.024158206
       6566.3100       1.3689158     0.024210054
       6569.3000       1.3635801     0.024264519
       6572.2900       1.3245158     0.024319343
       6575.2800       1.3067106     0.024374922
       6578.2800       1.3074967     0.024434526
       6581.2700       1.2762352     0.024498947
       6584.2600       1.2801074     0.024566251
       6587.2600       1.3347105     0.024634478
       6590.2500       1.2950273     0.024702400
       6593.2400       1.2660489     0.024769958
       6596.2300       1.2524337     0.024837081
       6599.2300       1.2529187     0.024904053
       6602.2200       1.2846737     0.024970536
       6605.2100       1.2535794     0.025036962
       6608.2100       1.2181280     0.025103634
       6611.2000       1.2473991     0.025170188
       6614.1900       1.2619677     0.025237002
       6617.1800       1.2400980     0.025303993
       6620.1800       1.2378651     0.025371266
       6623.1700       1.2336082     0.025438543
       6626.1600       1.2253538     0.025505872
       6629.1600       1.2243669     0.025573417
       6632.1500       1.1981735     0.025640827
       6635.1400       1.1810875     0.025708517
       6638.1300       1.1892333     0.025776317
       6641.1300       1.1695631     0.025844728
       6644.1200       1.1856622     0.025912890
       6647.1100       1.1526946     0.025981210
       6650.1100       1.1500602     0.026049930
       6653.1000       1.1548607     0.026118484
       6656.0900       1.1536313     0.026187276
       6659.0800       1.1501773     0.026256135
       6662.0800       1.1148764     0.026325323
       6665.0700       1.0909243     0.026394534
       6668.0600       1.0846687     0.026463804
       6671.0600       1.0933663     0.026533426
       6674.0500       1.1064212     0.026602978
       6677.0400       1.0877212     0.026672597
       6680.0300       1.0946292     0.026742436
       6683.0300       1.1062456     0.026812616
       6686.0200       1.0423929     0.026882746
       6689.0100       1.0717476     0.026953049
       6692.0100       1.0936089     0.027023609
       6695.0000       1.0286856     0.027094125
       6697.9900       1.0060800     0.027164682
       6700.9800       1.0294132     0.027235486
       6703.9800       1.0204981     0.027306657
       6706.9700      0.99167865     0.027377709
       6709.9600      0.97401566     0.027448906
       6712.9600      0.97138126     0.027520543
       6715.9500      0.97260228     0.027591983
       6718.9400      0.97762854     0.027663528
       6721.9300      0.99323420     0.027735381
       6724.9300       1.0080370     0.027807461
       6727.9200       1.0035125     0.027879485
       6730.9100      0.97407420     0.027951575
       6733.9100      0.92411267     0.028023982
       6736.9000      0.91771485     0.028096290
       6739.8900      0.95672900     0.028168852
       6742.8800      0.96128692     0.028241491
       6745.8800      0.92790118     0.028314398
       6748.8700      0.91269695     0.028387443
       6751.8600      0.92055832     0.028460473
       6754.8600      0.91509718     0.028533990
       6757.8500      0.94341485     0.028607284
       6760.8400      0.97516977     0.028680787
       6763.8300      0.96394641     0.028754374
       6766.8300      0.93356304     0.028828321
       6769.8200      0.92000636     0.028902135
       6772.8100      0.90339712     0.028976118
       6775.8100      0.88769110     0.029050316
       6778.8000      0.89357876     0.029124554
       6781.7900      0.88965644     0.029198914
       6784.7800      0.87542234     0.029273423
       6787.7800      0.90310441     0.029348162
       6790.7700      0.91000401     0.029422861
       6793.7600      0.86997792     0.029497736
       6796.7600      0.88882849     0.029573010
       6799.7500      0.93270164     0.029648179
       6802.7400      0.88910447     0.029723415
       6805.7300      0.86973539     0.029798860
       6808.7300      0.87763021     0.029874713
       6811.7200      0.87073061     0.029950298
       6814.7100      0.87437694     0.030026016
       6817.7100      0.87579868     0.030102057
       6820.7000      0.85724083     0.030177825
       6823.6900      0.87268759     0.030253829
       6826.6800      0.91411869     0.030330413
       6829.6800      0.90320476     0.030408993
       6832.6700      0.88495634     0.030496035
       6835.6600      0.86204128     0.030621202
       6838.6600      0.86921687     0.030873085
       6841.6500      0.90255244     0.031436085
       6844.6400      0.90375673     0.032570788
       6847.6300      0.89047603     0.034438807
       6850.6300      0.87695280     0.036789427
       6853.6200      0.88421202     0.038731285
       6856.6100      0.86568762     0.039309199
       6859.6100      0.83629863     0.038477946
       6862.6000      0.89004951     0.037134056
       6865.5900      0.92057505     0.036132369
       6868.5800      0.85985013     0.035760655
       6871.5800      0.86767805     0.035838106
       6874.5700      0.88994079     0.036014706
       6877.5600      0.86929214     0.036044683
       6880.5600      0.88774964     0.035877784
       6883.5500      0.89542702     0.035583646
       6886.5400      0.88405312     0.035241418
       6889.5300      0.86863982     0.034900005
       6892.5300      0.88769110     0.034582977
       6895.5200      0.93030977     0.034306757
       6898.5100      0.90938514     0.034081947
       6901.5100      0.84637708     0.033917224
       6904.5000      0.84072358     0.033816245
       6907.4900      0.88316663     0.033771771
       6910.4800      0.90846519     0.033770767
       6913.4800      0.92949854     0.033803420
       6916.4700      0.90501121     0.033865855
       6919.4600      0.85493259     0.033951148
       6922.4600      0.84421938     0.034035851
       6925.4500      0.84914528     0.034087651
       6928.4400      0.91643529     0.034098170
       6931.4300      0.95310775     0.034089838
       6934.4300      0.91601713     0.034092503
       6937.4200      0.90067909     0.034110389
       6940.4100      0.90649985     0.034116800
       6943.4100      0.93856421     0.034081366
       6946.4000      0.86470077     0.034006404
       6949.3900      0.82136035     0.033929315
       6952.3800      0.87194326     0.033892595
       6955.3800      0.90587261     0.033915277
       6958.3700      0.90186666     0.033994318
       6961.3600      0.92050815     0.034122189
       6964.3500      0.95075770     0.034292964
       6967.3500      0.96203124     0.034493005
       6970.3400      0.97159870     0.034688852
       6973.3300      0.98512193     0.034845463
       6976.3300      0.96223196     0.034950681
       6979.3200      0.93228348     0.035021573
       6982.3100      0.94126551     0.035085315
       6985.3100      0.97286990     0.035155182
       6988.3000      0.97148998     0.035228040
       6991.2900      0.93328706     0.035300214
       6994.2800      0.91155956     0.035375311
       6997.2800      0.94807313     0.035457871
       7000.2700      0.95440404     0.035545338
       7003.2600      0.91234570     0.035630660
       7006.2500      0.90489412     0.035702308
       7009.2500      0.92299200     0.035746879
       7012.2400      0.93105409     0.035764374
       7015.2300      0.93802061     0.035779956
       7018.2300      0.92619510     0.035821656
       7021.2200      0.94277925     0.035889210
       7024.2100      0.92877931     0.035963688
       7027.2000      0.97596427     0.036037560
       7030.2000      0.91548189     0.036119430
       7033.1900      0.89066002     0.036210453
       7036.1800      0.96547687     0.036298371
       7039.1800       1.0014719     0.036371816
       7042.1700      0.97353059     0.036431565
       7045.1600      0.95471348     0.036485640
       7048.1500      0.94525474     0.036539578
       7051.1500      0.97307062     0.036598020
       7054.1400      0.97053658     0.036665573
       7057.1300      0.96728331     0.036743263
       7060.1300      0.99902987     0.036824002
       7063.1200      0.94269561     0.036898598
       7066.1100      0.91195263     0.036966825
       7069.1000      0.92974108     0.037035126
       7072.1000      0.92436356     0.037108898
       7075.0900      0.91347473     0.037188566
       7078.0800      0.93540294     0.037272905
       7081.0800      0.92973271     0.037360375
       7084.0700      0.87096477     0.037446791
       7087.0600      0.91167665     0.037529721
       7090.0500      0.97528686     0.037607722
       7093.0500      0.95498946     0.037683652
       7096.0400      0.96683170     0.037760766
       7099.0300      0.97878266     0.037842582
       7102.0300      0.94801459     0.037930802
       7105.0200      0.96791055     0.038024613
       7108.0100       1.0021493     0.038123289
       7111.0000      0.96566086     0.038223621
       7114.0000      0.92160372     0.038323495
       7116.9900      0.94311377     0.038422837
       7119.9800      0.95830127     0.038527196
       7122.9800      0.92191316     0.038641966
       7125.9700      0.94796441     0.038767161
       7128.9600      0.93019269     0.038898242
       7131.9500       1.0168434     0.039030585
       7134.9500      0.99688054     0.039173807
       7137.9400      0.98528920     0.039359203
       7140.9300      0.98737163     0.039641294
       7143.9300      0.94451878     0.040077887
       7146.9200      0.95077443     0.040689108
       7149.9100      0.98118289     0.041435138
       7152.9000      0.99083397     0.042213919
       7155.9000      0.99263205     0.042921451
       7158.8900      0.95447931     0.043518531
       7161.8800       1.0061218     0.044051611
       7164.8800       1.0357860     0.044556216
       7167.8700      0.93072793     0.044972972
       7170.8600      0.89580337     0.045209379
       7173.8500       1.0014719     0.045251634
       7176.8500       1.0904476     0.045181199
       7179.8400       1.0541682     0.045067459
       7182.8300      0.96284247     0.044872655
       7185.8300      0.95789148     0.044491254
       7188.8200       1.0253571     0.043889899
       7191.8100       1.0435804     0.043179997
       7194.8000      0.98917807     0.042554966
       7197.8000      0.96184726     0.042160114
       7200.7900      0.96862978     0.042043116
       7203.7800      0.92305891     0.042182247
       7206.7800      0.90318804     0.042551808
       7209.7700      0.97317934     0.043123097
       7212.7600      0.98392600     0.043827651
       7215.7500      0.91849262     0.044522708
       7218.7500      0.96873014     0.045050598
       7221.7400       1.0930653     0.045331825
       7224.7300       1.0910497     0.045406030
       7227.7300      0.97625698     0.045371807
       7230.7200      0.96367879     0.045315823
       7233.7100      0.96372060     0.045268703
       7236.7000      0.96401331     0.045219180
       7239.7000       1.0235256     0.045169785
       7242.6900       1.0686281     0.045156227
       7245.6800       1.0618289     0.045206572
       7248.6800       1.0635517     0.045328243
       7251.6700       1.0577978     0.045517253
       7254.6600      0.98354130     0.045728441
       7257.6500      0.90877463     0.045849455
       7260.6500      0.98430235     0.045794573
       7263.6400       1.0959087     0.045634624
       7266.6300      0.97104673     0.045544694
       7269.6300      0.96965009     0.045609962
       7272.6200       1.1049744     0.045747341
       7275.6100       1.0544358     0.045833135
       7278.6000      0.88262302     0.045852960
       7281.6000      0.90719399     0.045878063
       7284.5900       1.0257251     0.045942151
       7287.5800      0.99658783     0.046006148
       7290.5800      0.96251631     0.046023197
       7293.5700      0.94061319     0.045981359
       7296.5600      0.89216539     0.045883777
       7299.5500      0.96344462     0.045726381
       7302.5500      0.97775399     0.045525495
       7305.5400       1.0178721     0.045335763
       7308.5300       1.0739220     0.045214176
       7311.5300       1.0817332     0.045170891
       7314.5200       1.0862326     0.045167800
       7317.5100      0.98882682     0.045166046
       7320.5000      0.96084368     0.045167232
       7323.5000       1.0259007     0.045200259
       7326.4900       1.0683939     0.045278320
       7329.4800       1.0601395     0.045383187
       7332.4800       1.0327501     0.045489170
       7335.4700       1.0356187     0.045589597
       7338.4600       1.0117586     0.045693993
       7341.4500      0.93425718     0.045805733
       7344.4500      0.92611983     0.045911678
       7347.4400       1.0156977     0.045991142
       7350.4300       1.0462901     0.046034752
       7353.4300       1.0349831     0.046053600
       7356.4200       1.0916352     0.046071950
       7359.4100       1.0926806     0.046112706
       7362.4000       1.0606162     0.046180153
       7365.4000       1.0801860     0.046263827
       7368.3900       1.0791824     0.046349835
       7371.3800       1.0430703     0.046430577
       7374.3800       1.0071254     0.046501494
       7377.3700      0.99897969     0.046557785
       7380.3600       1.0009116     0.046601927
       7383.3500       1.0220369     0.046644502
       7386.3500       1.0424765     0.046698261
       7389.3400       1.0317717     0.046767564
       7392.3300       1.0271468     0.046847767
       7395.3300       1.0129294     0.046931635
       7398.3200      0.93843876     0.047015762
       7401.3100      0.90609005     0.047101298
       7404.3000      0.93801224     0.047187330
       7407.3000      0.98014585     0.047271139
       7410.2900       1.0382113     0.047350788
       7413.2800       1.0495852     0.047429795
       7416.2700       1.0443164     0.047512828
       7419.2700       1.0010287     0.047601106
       7422.2600      0.99568461     0.047691447
       7425.2500      0.99117686     0.047780988
       7428.2500       1.0176714     0.047869629
       7431.2400       1.0550798     0.047958762
