# data from http://adsabs.harvard.edu/abs/2014ApJ...787..139D
# via WISEREP
# de-redshifted assuming z=   0.00259500
# phase in rest-frame days relative to JD =        2456002.5
# type is SNII
# phase is       3.00000
# WARNING: fake error spectrum!

       3174.6700       3.8136246      0.18309126
       3176.9700       7.5273408      0.18257317
       3179.2600       3.4704521      0.18205823
       3181.5500     -0.42842065      0.18154418
       3183.8500       4.5530319      0.18102879
       3186.1400       5.8194517      0.18051653
       3188.4400       2.2780892      0.18000294
       3190.7300       2.4533985      0.17949248
       3193.0200       7.0737513      0.17898290
       3195.3200       2.7761570      0.17847200
       3197.6100       2.5447457      0.17796421
       3199.9000     -0.32527723      0.17745731
       3202.2000       3.1837254      0.17694910
       3204.4900       4.6526195      0.17644398
       3206.7800       1.8992057      0.17593975
       3209.0800       6.1527264      0.17543421
       3211.3700       1.9036200      0.17493175
       3213.6600       4.6545517      0.17443019
       3215.9500       2.4338323      0.17392950
       3218.2500       3.3646708      0.17342752
       3220.5400       2.5009317      0.17292861
       3222.8300     -0.45126165      0.17243058
       3225.1200       2.1785474      0.17193343
       3227.4200       2.6059264      0.17143500
       3229.7100       2.8600580      0.17093961
       3232.0000       3.7705208      0.17044511
       3234.2900       3.2134642      0.16995149
       3236.5900       3.5310218      0.16945659
       3238.8800       2.1805713      0.16896473
       3241.1700       3.9501680      0.16847374
       3243.4600       3.1440736      0.16798363
       3245.7600       2.3688331      0.16749226
       3248.0500       3.2122117      0.16700390
       3250.3400       2.4049565      0.16651642
       3252.6300       2.7319307      0.16602981
       3254.9200       2.8111807      0.16554407
       3257.2200       3.0240645      0.16505710
       3259.5100       3.1859783      0.16457311
       3261.8000       3.1713151      0.16408999
       3264.0900       2.8136857      0.16360774
       3266.3800       3.5518405      0.16312636
       3268.6700       2.5793188      0.16264585
       3270.9600       3.4463877      0.16216621
       3273.2600       3.4165954      0.16168535
       3275.5500       2.8974950      0.16120744
       3277.8400       2.7870933      0.16073041
       3280.1300       3.0037498      0.16025423
       3282.4200       2.5301818      0.15977892
       3284.7100       3.2915076      0.15930448
       3287.0000       3.1200855      0.15883090
       3289.2900       3.3453567      0.15835818
       3291.5900       3.6298305      0.15788426
       3293.8800       3.0420727      0.15741327
       3296.1700       2.7575302      0.15694314
       3298.4600       3.3074232      0.15647387
       3300.7500       2.6149305      0.15600545
       3303.0400       3.2916527      0.15553790
       3305.3300       2.5258592      0.15507120
       3307.6200       2.9558729      0.15460536
       3309.9100       2.9246754      0.15414037
       3312.2000       3.0251718      0.15367624
       3314.4900       2.7614480      0.15321297
       3316.7800       2.6152665      0.15275055
       3319.0700       2.9675118      0.15228898
       3321.3600       2.9025126      0.15182827
       3323.6500       2.7641668      0.15136841
       3325.9400       2.9002673      0.15090939
       3328.2300       2.6485337      0.15045123
       3330.5200       2.8696960      0.14999392
       3332.8100       2.9391859      0.14953746
       3335.1000       3.0126394      0.14908185
       3337.3900       2.9747289      0.14862709
       3339.6800       3.1099969      0.14817317
       3341.9700       3.0544601      0.14772010
       3344.2600       2.8515427      0.14726787
       3346.5500       2.8041317      0.14681649
       3348.8400       2.9503284      0.14636595
       3351.1300       2.8533527      0.14591626
       3353.4200       2.8759890      0.14546741
       3355.7100       2.8766763      0.14501941
       3358.0000       3.0803574      0.14457224
       3360.2900       2.9315641      0.14412592
       3362.5800       3.5417214      0.14368043
       3364.8700       3.1005957      0.14323579
       3367.1500       3.4191920      0.14279392
       3369.4400       2.8572170      0.14235095
       3371.7300       2.4841454      0.14190881
       3374.0200       2.8135329      0.14146751
       3376.3100       2.8606155      0.14102705
       3378.6000       2.7953872      0.14058743
       3380.8900       2.7904460      0.14014864
       3383.1800       2.7452268      0.13971068
       3385.4700       2.7972888      0.13927356
       3387.7500       2.7991370      0.13883917
       3390.0400       2.8028486      0.13840370
       3392.3300       2.8862762      0.13796907
       3394.6200       3.0616007      0.13753527
       3396.9100       2.9316481      0.13710230
       3399.2000       2.8823812      0.13667016
       3401.4800       2.8268520      0.13624073
       3403.7700       2.8337941      0.13581024
       3406.0600       2.8639606      0.13538057
       3408.3500       2.7428822      0.13495174
       3410.6400       2.6555063      0.13452373
       3412.9200       2.9320834      0.13409840
       3415.2100       2.8548725      0.13367204
       3417.5000       2.8017031      0.13324650
       3419.7900       2.7389950      0.13282178
       3422.0800       2.6873453      0.13239788
       3424.3600       2.6049947      0.13197665
       3426.6500       2.7619902      0.13155439
       3428.9400       2.9080419      0.13113296
       3431.2300       2.8675500      0.13071234
       3433.5100       2.7183061      0.13029437
       3435.8000       2.6945242      0.12987538
       3438.0900       2.6738201      0.12945722
       3440.3800       2.8649000      0.12903987
       3442.6600       2.6796624      0.12862515
       3444.9500       2.7142890      0.12820942
       3447.2400       2.7216664      0.12779452
       3449.5300       2.5959447      0.12738042
       3451.8100       2.6367573      0.12696894
       3454.1000       2.7943944      0.12655647
       3456.3900       2.6583397      0.12614481
       3458.6700       2.5816481      0.12573575
       3460.9600       2.5998854      0.12532571
       3463.2500       2.6613334      0.12491647
       3465.5400       2.7193218      0.12450805
       3467.8200       2.7427142      0.12410221
       3470.1100       2.6578891      0.12369540
       3472.4000       2.6393921      0.12328939
       3474.6800       2.6963266      0.12288596
       3476.9700       2.6633114      0.12248157
       3479.2500       2.6844280      0.12207973
       3481.5400       2.7358408      0.12167694
       3483.8300       2.6043226      0.12127496
       3486.1100       2.7243699      0.12087552
       3488.4000       2.5103559      0.12047513
       3490.6900       2.5648847      0.12007555
       3492.9700       2.6489079      0.11967850
       3495.2600       2.6594547      0.11928052
       3497.5500       2.7530701      0.11888333
       3499.8300       2.7552620      0.11848867
       3502.1200       2.7415457      0.11809307
       3504.4000       2.6712922      0.11770000
       3506.6900       2.6255461      0.11730599
       3508.9800       2.7723919      0.11691278
       3511.2600       2.6913166      0.11652208
       3513.5500       2.7330304      0.11613046
       3515.8300       2.7566672      0.11574133
       3518.1200       2.8310066      0.11535129
       3520.4000       2.7776768      0.11496374
       3522.6900       2.5833741      0.11457528
       3524.9800       2.7608370      0.11418762
       3527.2600       2.6877730      0.11380243
       3529.5500       2.6387506      0.11341633
       3531.8300       2.6178861      0.11303271
       3534.1200       2.6547426      0.11264819
       3536.4000       2.7315488      0.11226614
       3538.6900       2.7060868      0.11188319
       3540.9700       2.7790897      0.11150270
       3543.2600       2.6672904      0.11112132
       3545.5400       2.6685505      0.11074238
       3547.8300       2.7057965      0.11036257
       3550.1100       2.6488697      0.10998520
       3552.4000       2.5517107      0.10960694
       3554.6800       2.6116695      0.10923112
       3556.9700       2.7472430      0.10885443
       3559.2500       2.7054987      0.10848016
       3561.5400       2.6717199      0.10810503
       3563.8200       2.7420498      0.10773231
       3566.1100       2.6158088      0.10735873
       3568.3900       2.6595387      0.10698755
       3570.6800       2.6107759      0.10661553
       3572.9600       2.6387735      0.10624589
       3575.2500       2.5832671      0.10587541
       3577.5300       2.5943486      0.10550732
       3579.8100       2.6212769      0.10514000
       3582.1000       2.7270658      0.10477184
       3584.3800       2.5403085      0.10440605
       3586.6700       2.7094929      0.10403943
       3588.9500       2.7724301      0.10367518
       3591.2400       2.6132885      0.10331010
       3593.5200       2.6972354      0.10294738
       3595.8100       2.4786238      0.10258383
       3598.0900       2.6526348      0.10222264
       3600.3700       2.7190087      0.10186221
       3602.6600       2.6640675      0.10150096
       3604.9400       2.6289446      0.10114205
       3607.2200       2.7212387      0.10078390
       3609.5100       2.6672980      0.10042495
       3611.7900       2.6184359      0.10006832
       3614.0800       2.6247212     0.099710889
       3616.3600       2.7024668     0.099355778
       3618.6400       2.7263709     0.099001423
       3620.9300       2.7716130     0.098646274
       3623.2100       2.6517718     0.098293433
       3625.4900       2.6241179     0.097941345
       3627.7800       2.7205590     0.097588471
       3630.0600       2.5588285     0.097237892
       3632.3400       2.6382542     0.096888066
       3634.6300       2.6696960     0.096537461
       3636.9100       2.6110738     0.096189139
       3639.2000       2.6416450     0.095840044
       3641.4800       2.7288376     0.095493224
       3643.7600       2.5637238     0.095147153
       3646.0400       2.5737666     0.094801830
       3648.3300       2.5737666     0.094455744
       3650.6100       2.6687643     0.094111917
       3652.8900       2.5393615     0.093768836
       3655.1800       2.4310448     0.093425000
       3657.4600       2.5266993     0.093083411
       3659.7400       2.4967695     0.092742567
       3662.0300       2.5754162     0.092400975
       3664.3100       2.6021002     0.092061618
       3666.5900       2.5127921     0.091723004
       3668.8700       2.5820528     0.091385130
       3671.1600       2.5989919     0.091046519
       3673.4400       2.4711395     0.090710128
       3675.7200       2.5975638     0.090374476
       3678.0000       2.6063922     0.090039562
       3680.2900       2.5460898     0.089703921
       3682.5700       2.5422407     0.089370485
       3684.8500       2.5665496     0.089037785
       3687.1300       2.5219261     0.088705820
       3689.4200       2.6495876     0.088373138
       3691.7000       2.5277379     0.088042645
       3693.9800       2.5263479     0.087712885
       3696.2600       2.5597907     0.087383859
       3698.5500       2.4723156     0.087054125
       3700.8300       2.4973499     0.086726565
       3703.1100       2.4731251     0.086399735
       3705.3900       2.3724378     0.086073635
       3707.6700       2.5151062     0.085748264
       3709.9600       2.4633802     0.085422200
       3712.2400       2.4425920     0.085098289
       3714.5200       2.4103330     0.084775105
       3716.8000       2.4479685     0.084452647
       3719.0800       2.4853673     0.084130915
       3721.3700       2.3555445     0.083808503
       3723.6500       2.4416145     0.083488224
       3725.9300       2.4085994     0.083168669
       3728.2100       2.3629907     0.082849836
       3730.4900       2.3982206     0.082531727
       3732.7700       2.3395143     0.082214339
       3735.0600       2.3413548     0.081896284
       3737.3400       2.3278525     0.081580341
       3739.6200       2.3434168     0.081265117
       3741.9000       2.4023446     0.080950612
       3744.1800       2.3255384     0.080636826
       3746.4600       2.3301054     0.080323756
       3748.7400       2.3182144     0.080011404
       3751.0300       2.2785169     0.079698403
       3753.3100       2.3711547     0.079387486
       3755.5900       2.3084695     0.079077283
       3757.8700       2.2581564     0.078767795
       3760.1500       2.3129907     0.078459020
       3762.4300       2.2888804     0.078150958
       3764.7100       2.2734153     0.077843608
       3766.9900       2.3106614     0.077536970
       3769.2700       2.2858332     0.077231042
       3771.5600       2.2934550     0.076924487
       3773.8400       2.2639071     0.076619982
       3776.1200       2.2734306     0.076316186
       3778.4000       2.2588743     0.076013097
       3780.6800       2.2026730     0.075710716
       3782.9600       2.2482358     0.075409041
       3785.2400       2.1775622     0.075108072
       3787.5200       2.1942875     0.074807809
       3789.8000       2.2758974     0.074508250
       3792.0800       2.2228578     0.074209395
       3794.3600       2.1872613     0.073911243
       3796.6400       2.1748282     0.073613794
       3798.9200       2.2248129     0.073317047
       3801.2000       2.1489155     0.073021000
       3803.4900       2.1989690     0.072724361
       3805.7700       2.2338781     0.072429718
       3808.0500       2.1845578     0.072135774
       3810.3300       2.1848938     0.071842528
       3812.6100       2.2062471     0.071549980
       3814.8900       2.1586757     0.071258130
       3817.1700       2.1672522     0.070966975
       3819.4500       2.2099129     0.070676516
       3821.7300       2.1895448     0.070386753
       3824.0100       2.1187414     0.070097683
       3826.2900       2.1112418     0.069809307
       3828.5700       2.2035665     0.069521624
       3830.8500       2.1730487     0.069234633
       3833.1300       2.1988392     0.068948334
       3835.4100       2.1061020     0.068662726
       3837.6900       2.1998549     0.068377808
       3839.9700       2.1767603     0.068093579
       3842.2500       2.1290209     0.067810039
       3844.5300       2.1118222     0.067527188
       3846.8100       2.0907897     0.067245023
       3849.0900       2.0834963     0.066963546
       3851.3700       2.0848786     0.066682754
       3853.6500       2.1398503     0.066402648
       3855.9300       2.0524286     0.066123227
       3858.2100       2.1086223     0.065844490
       3860.4800       2.1073011     0.065567654
       3862.7600       2.1058195     0.065290280
       3865.0400       2.1129296     0.065013587
       3867.3200       2.0052238     0.064737576
       3869.6000       2.0622575     0.064462246
       3871.8800       2.0378418     0.064187595
       3874.1600       2.0890255     0.063913624
       3876.4400       2.0002597     0.063640331
       3878.7200       2.0572629     0.063367716
       3881.0000       2.0712082     0.063095778
       3883.2800       2.0463724     0.062824517
       3885.5600       2.0423324     0.062553932
       3887.8400       2.0577593     0.062284021
       3890.1200       2.0531923     0.062014785
       3892.3900       2.0613869     0.061747400
       3894.6700       2.0536047     0.061479508
       3896.9500       2.0268978     0.061212288
       3899.2300       2.0070032     0.060945740
       3901.5100       1.9816634     0.060679863
       3903.7900       1.9925615     0.060414657
       3906.0700       2.0264396     0.060150120
       3908.3500       1.9586834     0.059886252
       3910.6300       1.9620055     0.059623052
       3912.9100       1.9650221     0.059360520
       3915.1800       2.0061097     0.059099801
       3917.4600       1.9544906     0.058838600
       3919.7400       1.9619062     0.058578063
       3922.0200       1.9214984     0.058318192
       3924.3000       1.8937758     0.058058984
       3926.5800       1.9061631     0.057800440
       3928.8600       1.9942111     0.057542559
       3931.1300       1.9669391     0.057286467
       3933.4100       1.9365358     0.057029906
       3935.6900       1.9348862     0.056774007
       3937.9700       1.9068276     0.056518767
       3940.2500       1.9841301     0.056264187
       3942.5300       1.9585688     0.056010265
       3944.8000       1.9544142     0.055758111
       3947.0800       2.0308767     0.055505502
       3949.3600       1.9960593     0.055253549
       3951.6400       1.9870857     0.055002253
       3953.9200       2.0187109     0.054751611
       3956.2000       2.0528715     0.054501625
       3958.4700       2.0269284     0.054253384
       3960.7500       2.0125325     0.054004702
       3963.0300       2.0501680     0.053756672
       3965.3100       2.0211089     0.053509294
       3967.5900       2.0488621     0.053262567
       3969.8600       2.0593860     0.053017568
       3972.1400       2.1214602     0.052772139
       3974.4200       2.0674660     0.052527359
       3976.7000       2.0935848     0.052283227
       3978.9800       2.1188254     0.052039742
       3981.2500       2.0891706     0.051797969
       3983.5300       2.1449824     0.051555775
       3985.8100       2.1865969     0.051314228
       3988.0900       2.1549030     0.051073325
       3990.3700       2.2545670     0.050833066
       3992.6400       2.0959600     0.050594501
       3994.9200       2.2065221     0.050355526
       3997.2000       2.1981976     0.050117193
       3999.4800       2.1562166     0.049879503
       4001.7500       2.2834886     0.049643491
       4004.0300       2.2148465     0.049407078
       4006.3100       2.1956927     0.049171305
       4008.5900       2.2116542     0.048936171
       4010.8600       2.2407439     0.048702702
       4013.1400       2.2331679     0.048468841
       4015.4200       2.2307240     0.048235616
       4017.7000       2.2893539     0.048003028
       4019.9700       2.2975409     0.047772090
       4022.2500       2.3235299     0.047540769
       4024.5300       2.3515427     0.047310082
       4026.8100       2.2617306     0.047080029
       4029.0800       2.3465022     0.046851613
       4031.3600       2.3068887     0.046622821
       4033.6400       2.2772873     0.046394661
       4035.9200       2.2796243     0.046167131
       4038.1900       2.2552390     0.045941225
       4040.4700       2.2919429     0.045714951
       4042.7500       2.3246296     0.045489307
       4045.0200       2.2913930     0.045265276
       4047.3000       2.3418512     0.045040883
       4049.5800       2.3779288     0.044817117
       4051.8600       2.3010463     0.044593978
       4054.1300       2.3645334     0.044372437
       4056.4100       2.3127387     0.044150544
       4058.6900       2.2784023     0.043929275
       4060.9600       2.2712464     0.043709595
       4063.2400       2.2968688     0.043489569
       4065.5200       2.2859630     0.043270164
       4067.7900       2.3065908     0.043052339
       4070.0700       2.2901405     0.042834173
       4072.3500       2.2900183     0.042616627
       4074.6200       2.2957767     0.042400650
       4076.9000       2.2766152     0.042184338
       4079.1800       2.2618757     0.041968644
       4081.4500       2.2623492     0.041754509
       4083.7300       2.2660913     0.041540046
       4086.0100       2.2716970     0.041326198
       4088.2800       2.2597907     0.041113899
       4090.5600       2.2888422     0.040901278
       4092.8400       2.2553460     0.040689270
       4095.1100       2.2106232     0.040478801
       4097.3900       2.2912326     0.040268015
       4099.6700       2.2314877     0.040057841
       4101.9400       2.2341760     0.039849196
       4104.2200       2.2485337     0.039640240
       4106.5000       2.2800214     0.039431894
       4108.7700       2.2186192     0.039225066
       4111.0500       2.2107301     0.039017934
       4113.3300       2.2099435     0.038811409
       4115.6000       2.2246296     0.038606393
       4117.8800       2.2067359     0.038401079
       4120.1500       2.2107377     0.038197266
       4122.4300       2.1832595     0.037993158
       4124.7100       2.2076524     0.037789655
       4126.9800       2.1977165     0.037587644
       4129.2600       2.1563922     0.037385343
       4131.5400       2.2218573     0.037183645
       4133.8100       2.1696731     0.036983429
       4136.0900       2.1788682     0.036782930
       4138.3600       2.1869711     0.036583906
       4140.6400       2.1806018     0.036384604
       4142.9200       2.1829464     0.036185899
       4145.1900       2.1341301     0.035988661
       4147.4700       2.1799756     0.035791149
       4149.7400       2.1584543     0.035595096
       4152.0200       2.1017871     0.035398774
       4154.3000       2.1029937     0.035203047
       4156.5700       2.0662364     0.035008769
       4158.8500       2.1393997     0.034814227
       4161.1200       2.0882618     0.034621128
       4163.4000       2.0786009     0.034427769
       4165.6800       2.0808462     0.034235002
       4167.9500       2.0706125     0.034043667
       4170.2300       2.0406980     0.033852079
       4172.5000       2.0783412     0.033661916
       4174.7800       2.0626776     0.033471504
       4177.0500       2.0408584     0.033282511
       4179.3300       2.0925157     0.033093272
       4181.6100       2.0730793     0.032904619
       4183.8800       2.0577211     0.032717377
       4186.1600       2.0559722     0.032529893
       4188.4300       2.0186269     0.032343813
       4190.7100       2.0106308     0.032157497
       4192.9800       2.0140522     0.031972577
       4195.2600       1.9808462     0.031787423
       4197.5400       1.9879334     0.031602852
       4199.8100       1.9990148     0.031419668
       4202.0900       1.9783565     0.031236257
       4204.3600       2.0189552     0.031054226
       4206.6400       1.9905071     0.030871972
       4208.9100       2.0059264     0.030691091
       4211.1900       1.9556973     0.030509991
       4213.4600       1.9679395     0.030330258
       4215.7400       1.9442798     0.030150309
       4218.0200       1.9368642     0.029970936
       4220.2900       2.0089583     0.029792921
       4222.5700       1.9902016     0.029614695
       4224.8400       1.9858332     0.029437821
       4227.1200       1.9320452     0.029260740
       4229.3900       1.9454712     0.029085004
       4231.6700       2.0070949     0.028909065
       4233.9400       1.9359172     0.028734464
       4236.2200       1.9639224     0.028559664
       4238.4900       1.9176493     0.028386197
       4240.7700       1.9309531     0.028212533
       4243.0400       1.9464793     0.028040195
       4245.3200       1.9718039     0.027867665
       4247.5900       1.9879410     0.027696455
       4249.8700       1.9170002     0.027525056
       4252.1400       1.9414465     0.027354971
       4254.4200       1.9125706     0.027184700
       4256.6900       1.9422789     0.027015736
       4258.9700       1.9637620     0.026846591
       4261.2400       1.9427906     0.026678746
       4263.5200       1.9166259     0.026510723
       4265.7900       1.9332290     0.026343996
       4268.0700       1.9244158     0.026177093
       4270.3400       1.8837559     0.026011479
       4272.6200       1.9350237     0.025845693
       4274.8900       1.8819383     0.025681190
       4277.1700       1.8952115     0.025516520
       4279.4400       1.8982817     0.025353125
       4281.7200       1.9045364     0.025189566
       4283.9900       1.9117229     0.025027277
       4286.2700       1.8997480     0.024864827
       4288.5400       1.8948602     0.024703641
       4290.8200       1.9134413     0.024542297
       4293.0900       1.9110509     0.024382212
       4295.3700       1.8223156     0.024221972
       4297.6400       1.8926989     0.024062983
       4299.9200       1.8837865     0.023903845
       4302.1900       1.9335039     0.023745951
       4304.4700       1.8281350     0.023587910
       4306.7400       1.8658546     0.023431109
       4309.0200       1.8782725     0.023274163
       4311.2900       1.8982511     0.023118451
       4313.5600       1.8669620     0.022963281
       4315.8400       1.9027570     0.022807973
       4318.1100       1.8802505     0.022653888
       4320.3900       1.8454177     0.022499669
       4322.6600       1.8631587     0.022346667
       4324.9400       1.8575454     0.022193533
       4327.2100       1.8806171     0.022041611
       4329.4900       1.8667023     0.021889561
       4331.7600       1.8900107     0.021738716
       4334.0400       1.8090805     0.021587746
       4336.3100       1.8566748     0.021437975
       4338.5800       1.8675195     0.021288739
       4340.8600       1.8275241     0.021139384
       4343.1300       1.9150451     0.020991219
       4345.4100       1.8045135     0.020842937
       4347.6800       1.8663357     0.020695839
       4349.9600       1.8431343     0.020548628
       4352.2300       1.8597755     0.020402595
       4354.5100       1.8555216     0.020256453
       4356.7800       1.8425691     0.020111482
       4359.0500       1.8560409     0.019967040
       4361.3300       1.8321827     0.019822494
       4363.6000       1.8619673     0.019679110
       4365.8800       1.8234764     0.019535625
       4368.1500       1.8620055     0.019393297
       4370.4300       1.8161753     0.019250871
       4372.7000       1.8178402     0.019109595
       4374.9700       1.8047197     0.018968844
       4377.2500       1.8338399     0.018827999
       4379.5200       1.8340461     0.018688296
       4381.8000       1.8295861     0.018548503
       4384.0700       1.8057736     0.018409846
       4386.3500       1.8111883     0.018271103
       4388.6200       1.8317779     0.018133489
       4390.8900       1.8043073     0.017996395
       4393.1700       1.8503742     0.017859219
       4395.4400       1.8170612     0.017723163
       4397.7200       1.8462502     0.017587030
       4399.9900       1.8081717     0.017452011
       4402.2700       1.7792271     0.017316917
       4404.5400       1.8247671     0.017182931
       4406.8100       1.8382847     0.017049461
       4409.0900       1.8235910     0.016915920
       4411.3600       1.8053918     0.016783479
       4413.6400       1.8182908     0.016650971
       4415.9100       1.7928746     0.016519557
       4418.1800       1.7935008     0.016388654
       4420.4600       1.8142126     0.016257689
       4422.7300       1.7966626     0.016127809
       4425.0100       1.8122499     0.015997870
       4427.2800       1.7877043     0.015869010
       4429.5500       1.8082251     0.015740658
       4431.8300       1.8125019     0.015612251
       4434.1000       1.7812968     0.015484916
       4436.3800       1.7287384     0.015357528
       4438.6500       1.8170994     0.015231206
       4440.9200       1.7658011     0.015105388
       4443.2000       1.7856576     0.014979523
       4445.4700       1.7776844     0.014854714
       4447.7500       1.7672827     0.014729861
       4450.0200       1.7650527     0.014606059
       4452.2900       1.7549183     0.014482758
       4454.5700       1.7686727     0.014359418
       4456.8400       1.8057355     0.014237119
       4459.1200       1.7562548     0.014114785
       4461.3900       1.7749045     0.013993486
       4463.6600       1.7721094     0.013872685
       4465.9400       1.7587139     0.013751852
       4468.2100       1.7854361     0.013632047
       4470.4800       1.7738353     0.013512737
       4472.7600       1.7467084     0.013393400
       4475.0300       1.8007637     0.013275082
       4477.3100       1.7681686     0.013156740
       4479.5800       1.8015580     0.013039411
       4481.8500       1.8103177     0.012922574
       4484.1300       1.8369559     0.012805718
       4486.4000       1.8229342     0.012689866
       4488.6700       1.8211089     0.012574504
       4490.9500       1.8266152     0.012459127
       4493.2200       1.8242783     0.012344746
       4495.5000       1.8539866     0.012230353
       4497.7700       1.8408584     0.012116950
       4500.0400       1.8312586     0.012004035
       4502.3200       1.8702383     0.011891111
       4504.5900       1.7859783     0.011779169
       4506.8600       1.8912861     0.011667712
       4509.1400       1.8384222     0.011556251
       4511.4100       1.8356652     0.011445764
       4513.6900       1.8254162     0.011335277
       4515.9600       1.8404613     0.011225757
       4518.2300       1.8481366     0.011116718
       4520.5100       1.8802123     0.011007683
       4522.7800       1.8653582     0.010899608
       4525.0500       1.9045823     0.010792012
       4527.3300       1.9027264     0.010684425
       4529.6000       1.8654269     0.010577788
       4531.8800       1.8873224     0.010471162
       4534.1500       1.9333206     0.010365482
       4536.4200       1.8880250     0.010260277
       4538.7000       1.8949137     0.010155088
       4540.9700       1.9107912     0.010050836
       4543.2400       1.8674202    0.0099470580
       4545.5200       1.8433405    0.0098432993
       4547.7900       1.8706583    0.0097404695
       4550.0600       1.8765389    0.0096381118
       4552.3400       1.9009317    0.0095357776
       4554.6100       1.8645105    0.0094343639
       4556.8800       1.8750649    0.0093334203
       4559.1600       1.8566977    0.0092325044
       4561.4300       1.8500458    0.0092320835
       4563.7000       1.8621277    0.0092320835
       4565.9800       1.8590270    0.0092320835
       4568.2500       1.8338628    0.0092320835
       4570.5300       1.8427906    0.0092320835
       4572.8000       1.8534749    0.0092320835
       4575.0700       1.8324653    0.0092320835
       4577.3500       1.8614556    0.0092320835
       4579.6200       1.8496258    0.0092320835
       4581.8900       1.8142279    0.0092320835
       4584.1700       1.8453185    0.0092320835
       4586.4400       1.8333130    0.0092320835
       4588.7100       1.8121048    0.0092320835
       4590.9900       1.8112800    0.0092320835
       4593.2600       1.8392241    0.0092320835
       4595.5300       1.8176569    0.0092320835
       4597.8100       1.8182068    0.0092320835
       4600.0800       1.8624866    0.0092320835
       4602.3500       1.7992898    0.0092320835
       4604.6300       1.8155415    0.0092320835
       4606.9000       1.7668169    0.0092320835
       4609.1700       1.7931113    0.0092320835
       4611.4500       1.7987399    0.0092320835
       4613.7200       1.7830228    0.0092320835
       4616.0000       1.7488621    0.0092320835
       4618.2700       1.7804032    0.0092320835
       4620.5400       1.7582786    0.0092320835
       4622.8200       1.7503055    0.0092320835
       4625.0900       1.7323049    0.0092320835
       4627.3600       1.7123874    0.0092320835
       4629.6400       1.7581640    0.0092320835
       4631.9100       1.7863449    0.0092320835
       4634.1800       1.7744539    0.0092320835
       4636.4600       1.7033298    0.0092320835
       4638.7300       1.7385673    0.0092320835
       4641.0000       1.7210249    0.0092320835
       4643.2800       1.7105774    0.0092320835
       4645.5500       1.7319688    0.0092320835
       4647.8200       1.7676340    0.0092320835
       4650.1000       1.7049412    0.0092320835
       4652.3700       1.6686269    0.0092320835
       4654.6400       1.7160532    0.0092320835
       4656.9200       1.7393615    0.0092320835
       4659.1900       1.6875057    0.0092320835
       4661.4600       1.7018634    0.0092320835
       4663.7400       1.6972812    0.0092320835
       4666.0100       1.7245838    0.0092320835
       4668.2800       1.6886437    0.0092320835
       4670.5600       1.6833664    0.0092320835
       4672.8300       1.6747060    0.0092320835
       4675.1000       1.6563999    0.0092320835
       4677.3800       1.6719337    0.0092320835
       4679.6500       1.6696197    0.0092320835
       4681.9200       1.6839392    0.0092320835
       4684.2000       1.6896212    0.0092320835
       4686.4700       1.7002520    0.0092320835
       4688.7400       1.6598518    0.0092320835
       4691.0200       1.6648465    0.0092320835
       4693.2900       1.6905606    0.0092320835
       4695.5600       1.6684665    0.0092320835
       4697.8400       1.6860318    0.0092320835
       4700.1100       1.7035589    0.0092320835
       4702.3900       1.6717733    0.0092320835
       4704.6600       1.6907209    0.0092320835
       4706.9300       1.6661677    0.0092320835
       4709.2100       1.6644952    0.0092320835
       4711.4800       1.6915076    0.0092320835
       4713.7500       1.6904384    0.0092320835
       4716.0300       1.6668550    0.0092320835
       4718.3000       1.6573087    0.0092320835
       4720.5700       1.6942416    0.0092320835
       4722.8500       1.6668627    0.0092320835
       4725.1200       1.6875821    0.0092320835
       4727.3900       1.6755079    0.0092320835
       4729.6700       1.6919276    0.0092320835
       4731.9400       1.6548343    0.0092320835
       4734.2100       1.6686879    0.0092320835
       4736.4900       1.6662746    0.0092320835
       4738.7600       1.6822132    0.0092320835
       4741.0300       1.6927142    0.0092320835
       4743.3100       1.6675806    0.0092320835
       4745.5800       1.6497022    0.0092320835
       4747.8500       1.6658011    0.0092320835
       4750.1300       1.6647243    0.0092320835
       4752.4000       1.6586910    0.0092320835
       4754.6700       1.6916298    0.0092320835
       4756.9500       1.6720941    0.0092320835
       4759.2200       1.6614709    0.0092320835
       4761.4900       1.6738583    0.0092320835
       4763.7700       1.6943333    0.0092320835
       4766.0400       1.6618375    0.0092320835
       4768.3100       1.6481136    0.0092320835
       4770.5900       1.6369024    0.0092320835
       4772.8600       1.6532992    0.0092320835
       4775.1400       1.6660073    0.0092320835
       4777.4100       1.6584237    0.0092320835
       4779.6800       1.6645257    0.0092320835
       4781.9600       1.6792959    0.0092320835
       4784.2300       1.6292806    0.0092320835
       4786.5000       1.6293493    0.0092320835
       4788.7800       1.6753475    0.0092320835
       4791.0500       1.6839774    0.0092320835
       4793.3200       1.6499618    0.0092320835
       4795.6000       1.6345731    0.0092320835
       4797.8700       1.6568352    0.0092320835
       4800.1400       1.6207881    0.0092320835
       4802.4200       1.6488392    0.0092320835
       4804.6900       1.6271117    0.0092320835
       4806.9600       1.6281656    0.0092320835
       4809.2400       1.6050939    0.0092320835
       4811.5100       1.5912403    0.0092320835
       4813.7900       1.6421338    0.0092320835
       4816.0600       1.6536200    0.0092320835
       4818.3300       1.6361921    0.0092320835
       4820.6100       1.6282419    0.0092320835
       4822.8800       1.6209333    0.0092320835
       4825.1500       1.6056591    0.0092320835
       4827.4300       1.6152818    0.0092320835
       4829.7000       1.5848251    0.0092320835
       4831.9700       1.6171682    0.0092320835
       4834.2500       1.5922178    0.0092320835
       4836.5200       1.5871391    0.0092320835
       4838.7900       1.6013136    0.0092320835
       4841.0700       1.5693295    0.0092320835
       4843.3400       1.5957538    0.0092320835
       4845.6200       1.6070108    0.0092320835
       4847.8900       1.5961662    0.0092320835
       4850.1600       1.5750726    0.0092320835
       4852.4400       1.5888422    0.0092320835
       4854.7100       1.5877043    0.0092320835
       4856.9800       1.5890102    0.0092320835
       4859.2600       1.5828547    0.0092320835
       4861.5300       1.5810600    0.0092320835
       4863.8100       1.5927448    0.0092320835
       4866.0800       1.5762258    0.0092320835
       4868.3500       1.5911639    0.0092320835
       4870.6300       1.5710860    0.0092320835
       4872.9000       1.5881854    0.0092320835
       4875.1700       1.5830609    0.0092320835
       4877.4500       1.5462502    0.0092320835
       4879.7200       1.5559417    0.0092320835
       4882.0000       1.5433786    0.0092320835
       4884.2700       1.5652513    0.0092320835
       4886.5400       1.5449748    0.0092320835
       4888.8200       1.5560180    0.0092320835
       4891.0900       1.5483198    0.0092320835
       4893.3600       1.5503208    0.0092320835
       4895.6400       1.5235451    0.0092320835
       4897.9100       1.5325187    0.0092320835
       4900.1900       1.5273179    0.0092320835
       4902.4600       1.5021384    0.0092320835
       4904.7300       1.5231633    0.0092320835
       4907.0100       1.5283641    0.0092320835
       4909.2800       1.5218573    0.0092320835
       4911.5600       1.4869177    0.0092320835
       4913.8300       1.4730487    0.0092320835
       4916.1000       1.5163663    0.0092320835
       4918.3800       1.4956927    0.0092320835
       4920.6500       1.5079884    0.0092320835
       4922.9200       1.4982282    0.0092320835
       4925.2000       1.4997327    0.0092320835
       4927.4700       1.4682526    0.0092320835
       4929.7500       1.4801818    0.0092320835
       4932.0200       1.4619444    0.0092320835
       4934.2900       1.4835268    0.0092320835
       4936.5700       1.4612952    0.0092320835
       4938.8400       1.4432412    0.0092320835
       4941.1200       1.4308309    0.0092320835
       4943.3900       1.4498473    0.0092320835
       4945.6600       1.4494654    0.0092320835
       4947.9400       1.4440431    0.0092320835
       4950.2100       1.4432641    0.0092320835
       4952.4900       1.4354743    0.0092320835
       4954.7600       1.4600810    0.0092320835
       4957.0400       1.4254391    0.0092320835
       4959.3100       1.4261723    0.0092320835
       4961.5800       1.4486253    0.0092320835
       4963.8600       1.4180770    0.0092320835
       4966.1300       1.4318161    0.0092320835
       4968.4100       1.4471590    0.0092320835
       4970.6800       1.4281045    0.0092320835
       4972.9500       1.4243852    0.0092320835
       4975.2300       1.3943638    0.0092320835
       4977.5000       1.4176188    0.0092320835
       4979.7800       1.3838934    0.0092320835
       4982.0500       1.4010386    0.0092320835
       4984.3300       1.4169391    0.0092320835
       4986.6000       1.3924011    0.0092320835
       4988.8700       1.3917290    0.0092321160
       4991.1500       1.3948679    0.0092322294
       4993.4200       1.3686956    0.0092321391
       4995.7000       1.3720865    0.0092320186
       4997.9700       1.3848404    0.0092319240
       5000.2400       1.3749504    0.0092319394
       5002.5200       1.3653124    0.0092319746
       5004.7900       1.3504659    0.0092320351
       5007.0700       1.3585764    0.0092321033
       5009.3400       1.3608141    0.0092321210
       5011.6200       1.3577746    0.0092321534
       5013.8900       1.3598671    0.0092321875
       5016.1700       1.3569574    0.0092322211
       5018.4400       1.3116160    0.0092322310
       5020.7100       1.3470750    0.0092322299
       5022.9900       1.3244769    0.0092322277
       5025.2600       1.3539026    0.0092321215
       5027.5400       1.3419734    0.0092319823
       5029.8100       1.3287995    0.0092319130
       5032.0900       1.3409271    0.0092319251
       5034.3600       1.3070490    0.0092319790
       5036.6400       1.3303651    0.0092320824
       5038.9100       1.3678173    0.0092321826
       5041.1900       1.3034214    0.0092322222
       5043.4600       1.3146479    0.0092321677
       5045.7300       1.3410722    0.0092321083
       5048.0100       1.3192455    0.0092320384
       5050.2800       1.3231098    0.0092320538
       5052.5600       1.3091798    0.0092321127
       5054.8300       1.3181304    0.0092321974
       5057.1100       1.2970826    0.0092322112
       5059.3800       1.2918589    0.0092321562
       5061.6600       1.2966397    0.0092320461
       5063.9300       1.3121201    0.0092319119
       5066.2100       1.3076524    0.0092318612
       5068.4800       1.3055598    0.0092318942
       5070.7600       1.2929815    0.0092319812
       5073.0300       1.3006721    0.0092321105
       5075.3100       1.3029861    0.0092321897
       5077.5800       1.2715289    0.0092322046
       5079.8500       1.2765541    0.0092321567
       5082.1300       1.2926378    0.0092320802
       5084.4000       1.2458683    0.0092320527
       5086.6800       1.2641897    0.0092320285
       5088.9500       1.2485795    0.0092320681
       5091.2300       1.2673667    0.0092320659
       5093.5000       1.2567435    0.0092320896
       5095.7800       1.2533680    0.0092321044
       5098.0500       1.2594547    0.0092320791
       5100.3300       1.2685123    0.0092321259
       5102.6000       1.2435543    0.0092321298
       5104.8800       1.2718726    0.0092321727
       5107.1500       1.2389797    0.0092322073
       5109.4300       1.2474645    0.0092321644
       5111.7000       1.2638995    0.0092320901
       5113.9800       1.2728272    0.0092320571
       5116.2500       1.2266611    0.0092320219
       5118.5300       1.2467695    0.0092319944
       5120.8100       1.2262945    0.0092319889
       5123.0800       1.2534749    0.0092320450
       5125.3600       1.2377654    0.0092321171
       5127.6300       1.2317932    0.0092321523
       5129.9100       1.2365969    0.0092321397
       5132.1800       1.2383764    0.0092321171
       5134.4600       1.2177791    0.0092320907
       5136.7300       1.2187796    0.0092321204
       5139.0100       1.2223385    0.0092321303
       5141.2800       1.2459065    0.0092320934
       5143.5600       1.2146861    0.0092320340
       5145.8300       1.2169238    0.0092320186
       5148.1100       1.2212311    0.0092320670
       5150.3800       1.2253857    0.0092321353
       5152.6600       1.2128379    0.0092321413
       5154.9300       1.2006873    0.0092320863
       5157.2100       1.2259508    0.0092320142
       5159.4900       1.2198641    0.0092319878
       5161.7600       1.2013441    0.0092320296
       5164.0400       1.2149992    0.0092320896
       5166.3100       1.1982817    0.0092321298
       5168.5900       1.2196731    0.0092321573
       5170.8600       1.1982435    0.0092321490
       5173.1400       1.1961585    0.0092321655
       5175.4100       1.1962502    0.0092321545
       5177.6900       1.2055445    0.0092320879
       5179.9700       1.2047808    0.0092320285
       5182.2400       1.1783794    0.0092319592
       5184.5200       1.2011608    0.0092319735
       5186.7900       1.1795555    0.0092320428
       5189.0700       1.1980907    0.0092320868
       5191.3400       1.1733771    0.0092321116
       5193.6200       1.2106919    0.0092321441
       5195.9000       1.1688941    0.0092321457
       5198.1700       1.2006644    0.0092321132
       5200.4500       1.1774019    0.0092320984
       5202.7200       1.1939209    0.0092320901
       5205.0000       1.1639300    0.0092320934
       5207.2700       1.1839163    0.0092321083
       5209.5500       1.1769207    0.0092320918
       5211.8300       1.1821216    0.0092320962
       5214.1000       1.1744234    0.0092320769
       5216.3800       1.1428517    0.0092320692
       5218.6600       1.1590118    0.0092320582
       5220.9300       1.1694517    0.0092320516
       5223.2100       1.1782267    0.0092320439
       5225.4800       1.1571178    0.0092320417
       5227.7600       1.1492057    0.0092320835
       5230.0400       1.1431037    0.0092320857
       5232.3100       1.1563311    0.0092321325
       5234.5900       1.1435696    0.0092321358
       5236.8600       1.1464793    0.0092320769
       5239.1400       1.1449137    0.0092320582
       5241.4200       1.1393310    0.0092320252
       5243.6900       1.1479762    0.0092320296
       5245.9700       1.1408049    0.0092320406
       5248.2500       1.1504430    0.0092320615
       5250.5200       1.1284176    0.0092321022
       5252.8000       1.1400565    0.0092321088
       5255.0700       1.1142966    0.0092321325
       5257.3500       1.1447380    0.0092321221
       5259.6300       1.1477012    0.0092321039
       5261.9000       1.1491446    0.0092320984
       5264.1800       1.1559340    0.0092320863
       5266.4600       1.1314801    0.0092321011
       5268.7300       1.1340690    0.0092321050
       5271.0100       1.1209485    0.0092321391
       5273.2900       1.1266611    0.0092321540
       5275.5600       1.1237361    0.0092321292
       5277.8400       1.1195128    0.0092320956
       5280.1200       1.1372308    0.0092320736
       5282.3900       1.1266993    0.0092320560
       5284.6700       1.1234840    0.0092320681
       5286.9500       1.1303803    0.0092320692
       5289.2200       1.1021002    0.0092320802
       5291.5000       1.0988697    0.0092320736
       5293.7800       1.1092180    0.0092320263
       5296.0500       1.0895448    0.0092320230
       5298.3300       1.1061249    0.0092320241
       5300.6100       1.1043150    0.0092320351
       5302.8800       1.1134184    0.0092320637
       5305.1600       1.1289140    0.0092320769
       5307.4400       1.0793111    0.0092320681
       5309.7100       1.0856117    0.0092320995
       5311.9900       1.0901863    0.0092321188
       5314.2700       1.1071483    0.0092321050
       5316.5500       1.0930044    0.0092321182
       5318.8200       1.0809149    0.0092320940
       5321.1000       1.1166870    0.0092321088
       5323.3800       1.1080113    0.0092321259
       5325.6500       1.1156560    0.0092321463
       5327.9300       1.0827555    0.0092321452
       5330.2100       1.0989079    0.0092321188
       5332.4900       1.0788758    0.0092320747
       5334.7600       1.0987475    0.0092320065
       5337.0400       1.1018787    0.0092320362
       5339.3200       1.0817932    0.0092320670
       5341.5900       1.0800978    0.0092320791
       5343.8700       1.0729342    0.0092321364
       5346.1500       1.0927524    0.0092321309
       5348.4300       1.0797617    0.0092321221
       5350.7000       1.0407286    0.0092321055
       5352.9800       1.0440049    0.0092320813
       5355.2600       1.0474492    0.0092320813
       5357.5400       1.0751871    0.0092320901
       5359.8100       1.0916374    0.0092320868
       5362.0900       1.0704521    0.0092320962
       5364.3700       1.0649534    0.0092320923
       5366.6500       1.0532610    0.0092320929
       5368.9200       1.0684817    0.0092321011
       5371.2000       1.0413472    0.0092320439
       5373.4800       1.0710554    0.0092320461
       5375.7600       1.0791813    0.0092320318
       5378.0400       1.0435696    0.0092320186
       5380.3100       1.0569421    0.0092320483
       5382.5900       1.0544524    0.0092321210
       5384.8700       1.0328547    0.0092322024
       5387.1500       1.0598060    0.0092322343
       5389.4300       1.0553765    0.0092322360
       5391.7000       1.0344433    0.0092321369
       5393.9800       1.0366809    0.0092320450
       5396.2600       1.0391172    0.0092319658
       5398.5400       1.0559417    0.0092319416
       5400.8200       1.0223003    0.0092319669
       5403.0900       1.0275241    0.0092320329
       5405.3700       1.0351077    0.0092320835
       5407.6500       1.0177257    0.0092320846
       5409.9300       1.0313731    0.0092321237
       5412.2100       1.0319001    0.0092320714
       5414.4800       1.0293722    0.0092320219
       5416.7600       1.0180923    0.0092320043
       5419.0400       1.0121124    0.0092320582
       5421.3200       1.0077669    0.0092321099
       5423.6000       1.0202306    0.0092321567
       5425.8800       1.0162594    0.0092321606
       5428.1500       1.0167176    0.0092321391
       5430.4300       1.0398503    0.0092321210
       5432.7100       1.0125706    0.0092320758
       5434.9900       1.0151367    0.0092320637
       5437.2700      0.98077746    0.0092320791
       5439.5500       1.0220177    0.0092321369
       5441.8300       1.0104017    0.0092321606
       5444.1000       1.0057507    0.0092321573
       5446.3800       1.0367878    0.0092321661
       5448.6600       1.0110127    0.0092321441
       5450.9400       1.0062319    0.0092321039
       5453.2200       1.0123033    0.0092320439
       5455.5000      0.99229418    0.0092319977
       5457.7800       1.0107454    0.0092319966
       5460.0600      0.98695586    0.0092319944
       5462.3400       1.0003131    0.0092319790
       5464.6100       1.0028792    0.0092320494
       5466.8900       1.0190393    0.0092320824
       5469.1700      0.98830762    0.0092321044
       5471.4500      0.97766916    0.0092321160
       5473.7300      0.99028563    0.0092321276
       5476.0100      0.99828166    0.0092321408
       5478.2900       1.0039407    0.0092321210
       5480.5700      0.99630365    0.0092321292
       5482.8500       1.0108599    0.0092321523
       5485.1300       1.0132045    0.0092321820
       5487.4100       1.0008783    0.0092321969
       5489.6800      0.99138537    0.0092321336
       5491.9600       1.0000000    0.0092320538
       5494.2400      0.99461585    0.0092319900
       5496.5200      0.96511379    0.0092319636
       5498.8000      0.98303803    0.0092319944
       5501.0800       1.0022529    0.0092320384
       5503.3600      0.94399725    0.0092320593
       5505.6400      0.96421262    0.0092320758
       5507.9200      0.98063999    0.0092320428
       5510.2000      0.96193676    0.0092320428
       5512.4800      0.98383229    0.0092320219
       5514.7600       1.0032687    0.0092320758
       5517.0400      0.99594471    0.0092320769
       5519.3200      0.96473958    0.0092321077
       5521.6000      0.98606232    0.0092321094
       5523.8800      0.99126317    0.0092321121
       5526.1600      0.97508783    0.0092321237
       5528.4400      0.99363067    0.0092321022
       5530.7200      0.99576905    0.0092320890
       5533.0000      0.98322132    0.0092320637
       5535.2800      0.96615244    0.0092320670
       5537.5600      0.97395754    0.0092320505
       5539.8400      0.95822514    0.0092320516
       5542.1200      0.99662441    0.0092320296
       5544.4000      0.96961204    0.0092320428
       5546.6800      0.97205590    0.0092320648
       5548.9600      0.99544830    0.0092320714
       5551.2400      0.98704750    0.0092320549
       5553.5200      0.97384298    0.0092320813
       5555.8000      0.96968077    0.0092321232
       5558.0800      0.97155186    0.0092321160
       5560.3600      0.97609592    0.0092321375
       5562.6400      0.97374370    0.0092321155
       5564.9200      0.97491217    0.0092320863
       5567.2000      0.98584084    0.0092320780
       5569.4800      0.97193371    0.0092320846
       5571.7600      0.96131052    0.0092320923
       5574.0400      0.97809684    0.0092320879
       5576.3200      0.99701390    0.0092320874
       5578.6000      0.96761112    0.0092320615
       5580.8900      0.95101573    0.0092320516
       5583.1700      0.97718803    0.0092320604
       5585.4500      0.99186650    0.0092320692
       5587.7300      0.94884680    0.0092321529
       5590.0100      0.97685199    0.0092321435
       5592.2900      0.95691156    0.0092321226
       5594.5700      0.95125248    0.0092320703
       5596.8500      0.96891706    0.0092320648
       5599.1300      0.96269284    0.0092320758
       5601.4100      0.94623492    0.0092320703
       5603.6900      0.97171987    0.0092320593
       5605.9800      0.94099588    0.0092320648
       5608.2600      0.96055445    0.0092320571
       5610.5400      0.95216893    0.0092320780
       5612.8200      0.93614633    0.0092321017
       5615.1000      0.94155338    0.0092321011
       5617.3800      0.96224989    0.0092320703
       5619.6600      0.95701084    0.0092320780
       5621.9400      0.95438369    0.0092320841
       5624.2300      0.96645028    0.0092320879
       5626.5100      0.94525737    0.0092321121
       5628.7900      0.97779135    0.0092321287
       5631.0700      0.96376967    0.0092321237
       5633.3500      0.94635711    0.0092321342
       5635.6300      0.94367649    0.0092321061
       5637.9200      0.93859783    0.0092321094
       5640.2000      0.95930961    0.0092320516
       5642.4800      0.95242859    0.0092320208
       5644.7600      0.96308996    0.0092320593
       5647.0400      0.95934016    0.0092320714
       5649.3200      0.94445548    0.0092320736
       5651.6100      0.93601650    0.0092320890
       5653.8900      0.96895525    0.0092320362
       5656.1700      0.94872461    0.0092320054
       5658.4500      0.97170460    0.0092320307
       5660.7300      0.95008401    0.0092320725
       5663.0200      0.96288376    0.0092321578
       5665.3000      0.94390561    0.0092321820
       5667.5800      0.95779746    0.0092321309
       5669.8600      0.95876737    0.0092320527
       5672.1500      0.93823125    0.0092319416
       5674.4300      0.99142355    0.0092319141
       5676.7100      0.95846189    0.0092319966
       5678.9900      0.98752864    0.0092320384
       5681.2700      0.98332060    0.0092321391
       5683.5600      0.97056667    0.0092321842
       5685.8400      0.94223308    0.0092321727
       5688.1200      0.94145410    0.0092321276
       5690.4000      0.97367497    0.0092320483
       5692.6900      0.96043226    0.0092320219
       5694.9700      0.94657095    0.0092320186
       5697.2500      0.96758821    0.0092320747
       5699.5400      0.94594471    0.0092321639
       5701.8200      0.94372995    0.0092322107
       5704.1000      0.96488468    0.0092322222
       5706.3800      0.96939820    0.0092322217
       5708.6700      0.95426149    0.0092322349
       5710.9500      0.96387658    0.0092321325
       5713.2300      0.96249427    0.0092320769
       5715.5200      0.93355735    0.0092320131
       5717.8000      0.95453643    0.0092320043
       5720.0800      0.95714068    0.0092320461
       5722.3700      0.97210936    0.0092320885
       5724.6500      0.93622270    0.0092321430
       5726.9300      0.95513976    0.0092321149
       5729.2100      0.96704598    0.0092320439
       5731.5000      0.94949595    0.0092319372
       5733.7800      0.93668856    0.0092318810
       5736.0700      0.94848022    0.0092319471
       5738.3500      0.94593707    0.0092319944
       5740.6300      0.95142814    0.0092320896
       5742.9200      0.96593096    0.0092321540
       5745.2000      0.95988239    0.0092321573
       5747.4800      0.96556438    0.0092321287
       5749.7700      0.97385826    0.0092320747
       5752.0500      0.98008248    0.0092320450
       5754.3300      0.94323354    0.0092320032
       5756.6200      0.95254315    0.0092320142
       5758.9000      0.98413777    0.0092320329
       5761.1900      0.96706889    0.0092320648
       5763.4700      0.94514281    0.0092321138
       5765.7500      0.95284100    0.0092321809
       5768.0400      0.93645181    0.0092321980
       5770.3200      0.96728272    0.0092322173
       5772.6100      0.98910188    0.0092321820
       5774.8900      0.96958912    0.0092321270
       5777.1700      0.98163281    0.0092320973
       5779.4600      0.96968077    0.0092320428
       5781.7400      0.97314801    0.0092320395
       5784.0300      0.95816404    0.0092320483
       5786.3100      0.93837636    0.0092320659
       5788.6000      0.94175958    0.0092320780
       5790.8800      0.95281808    0.0092320571
       5793.1700      0.97160532    0.0092320571
       5795.4500      0.95419276    0.0092320384
       5797.7300      0.96679395    0.0092320384
       5800.0200      0.97178097    0.0092320494
       5802.3000      0.98245761    0.0092320874
       5804.5900      0.95045059    0.0092320984
       5806.8700      0.97047503    0.0092320835
       5809.1600      0.97838705    0.0092320912
       5811.4400      0.94809073    0.0092320725
       5813.7300      0.97210936    0.0092320593
       5816.0100      0.96355583    0.0092320863
       5818.3000      0.96907744    0.0092320659
       5820.5800      0.94156866    0.0092320802
       5822.8700      0.95807240    0.0092320274
       5825.1500      0.97144494    0.0092320659
       5827.4400      0.95570490    0.0092320692
       5829.7300      0.96176111    0.0092320907
       5832.0100      0.94515809    0.0092320912
       5834.3000      0.97392699    0.0092321292
       5836.5800      0.95418512    0.0092321099
       5838.8700      0.96565603    0.0092321006
       5841.1500      0.96334199    0.0092320274
       5843.4400      0.95709485    0.0092319977
       5845.7200      0.92647014    0.0092320637
       5848.0100      0.96052390    0.0092322761
       5850.2900      0.94254620    0.0092328666
       5852.5800      0.93934627    0.0092343033
       5854.8700      0.96269284    0.0092372304
       5857.1500      0.97239957    0.0092422760
       5859.4400      0.93316786    0.0092502182
       5861.7200      0.94072858    0.0092613987
       5864.0100      0.93031923    0.0092756848
       5866.3000      0.91045517    0.0092921391
       5868.5800      0.91987933    0.0093086121
       5870.8700      0.92918894    0.0093225271
       5873.1500      0.91666412    0.0093315877
       5875.4400      0.90491828    0.0093355917
       5877.7300      0.89634184    0.0093363773
       5880.0100      0.90285627    0.0093358579
       5882.3000      0.92160532    0.0093339489
       5884.5900      0.91459447    0.0093288730
       5886.8700      0.93406140    0.0093199349
       5889.1600      0.91886360    0.0093093742
       5891.4500      0.91289904    0.0093010000
       5893.7300      0.88901787    0.0092974452
       5896.0200      0.89643348    0.0092992058
       5898.3100      0.88396212    0.0093055715
       5900.5900      0.89412708    0.0093142020
       5902.8800      0.89818237    0.0093213752
       5905.1700      0.91874905    0.0093226022
       5907.4500      0.91028715    0.0093157084
       5909.7400      0.93073927    0.0093023931
       5912.0300      0.90998931    0.0092874332
       5914.3200      0.92136857    0.0092759526
       5916.6000      0.91066137    0.0092711560
       5918.8900      0.91244845    0.0092747217
       5921.1800      0.91085230    0.0092867917
       5923.4600      0.88510768    0.0093048939
       5925.7500      0.90220712    0.0093273413
       5928.0400      0.87060486    0.0094001669
       5930.3300      0.87104017    0.0094618101
       5932.6100      0.89746449    0.0095125904
       5934.9000      0.88673438    0.0095578268
       5937.1900      0.87972354    0.0096035361
       5939.4800      0.86483886    0.0096535496
       5941.7600      0.86790133    0.0097078540
       5944.0500      0.89676951    0.0097653999
       5946.3400      0.90072552    0.0098251223
       5948.6300      0.87400336    0.0098868881
       5950.9200      0.87624103    0.0099498986
       5953.2000      0.87109363     0.010012073
       5955.4900      0.85221475     0.010072737
       5957.7800      0.87072705     0.010131695
       5960.0700      0.87646250     0.010189509
       5962.3600      0.86473958     0.010246372
       5964.6400      0.85262716     0.010302466
       5966.9300      0.85206965     0.010359326
       5969.2200      0.86538873     0.010417790
       5971.5100      0.86829846     0.010477957
       5973.8000      0.84114862     0.010538505
       5976.0900      0.86394532     0.010598001
       5978.3800      0.85801130     0.010656143
       5980.6600      0.86687796     0.010713163
       5982.9500      0.84365358     0.010770317
       5985.2400      0.83682603     0.010827790
       5987.5300      0.83820070     0.010885500
       5989.8200      0.84573851     0.010943469
       5992.1100      0.85218421     0.011001925
       5994.4000      0.86276157     0.011061142
       5996.6900      0.83855201     0.011121225
       5998.9800      0.85468153     0.011181973
       6001.2600      0.84422636     0.011242892
       6003.5500      0.83306094     0.011304269
       6005.8400      0.84605163     0.011365852
       6008.1300      0.83614633     0.011427568
       6010.4200      0.85478845     0.011489331
       6012.7100      0.82741714     0.011551191
       6015.0000      0.83180846     0.011613112
       6017.2900      0.84246220     0.011675018
       6019.5800      0.85162670     0.011736944
       6021.8700      0.83173973     0.011798904
       6024.1600      0.83584848     0.011860905
       6026.4500      0.83416068     0.011922908
       6028.7400      0.82210173     0.011984930
       6031.0300      0.83324423     0.012047030
       6033.3200      0.83222850     0.012109131
       6035.6100      0.80840843     0.012171303
       6037.9000      0.83296166     0.012233435
       6040.1900      0.82659233     0.012295696
       6042.4800      0.81383076     0.012357926
       6044.7700      0.80601039     0.012420226
       6047.0600      0.81780205     0.012482550
       6049.3500      0.81288376     0.012544877
       6051.6400      0.79359249     0.012607198
       6053.9300      0.80982129     0.012669522
       6056.2200      0.80997403     0.012731919
       6058.5100      0.79089659     0.012794304
       6060.8000      0.80360470     0.012856726
       6063.0900      0.78154116     0.012919211
       6065.3800      0.81221170     0.012981675
       6067.6700      0.82178861     0.013044180
       6069.9600      0.79990835     0.013106731
       6072.2500      0.79594471     0.013169273
       6074.5400      0.81766458     0.013231850
       6076.8400      0.78467237     0.013294713
       6079.1300      0.79419581     0.013357313
       6081.4200      0.77152131     0.013419896
       6083.7100      0.79412708     0.013482552
       6086.0000      0.78177791     0.013545123
       6088.2900      0.77452268     0.013607762
       6090.5800      0.78093020     0.013670421
       6092.8700      0.78325951     0.013733041
       6095.1700      0.78708569     0.013796053
       6097.4600      0.78858256     0.013858693
       6099.7500      0.78170154     0.013921435
       6102.0400      0.80486482     0.013984173
       6104.3300      0.78003666     0.014046940
       6106.6200      0.76853521     0.014109725
       6108.9200      0.78572629     0.014172756
       6111.2100      0.78205285     0.014235524
       6113.5000      0.78088437     0.014298286
       6115.7900      0.77392699     0.014361030
       6118.0800      0.76200092     0.014423788
       6120.3800      0.77065068     0.014486800
       6122.6700      0.78480984     0.014549619
       6124.9600      0.77625630     0.014612368
       6127.2500      0.77788300     0.014675158
       6129.5400      0.74185658     0.014737962
       6131.8400      0.77020773     0.014801038
       6134.1300      0.77983046     0.014863837
       6136.4200      0.77676035     0.014926681
       6138.7100      0.74731327     0.014989486
       6141.0100      0.75078662     0.015052560
       6143.3000      0.76365511     0.015115308
       6145.5900      0.74359478     0.015178086
       6147.8800      0.75265541     0.015240864
       6150.1800      0.74339698     0.015303913
       6152.4700      0.73702306     0.015366709
       6154.7600      0.73964182     0.015429477
       6157.0600      0.70384909     0.015492528
       6159.3500      0.72695357     0.015555334
       6161.6400      0.71986941     0.015618076
       6163.9400      0.74265618     0.015681060
       6166.2300      0.73793188     0.015743708
       6168.5200      0.74368413     0.015806375
       6170.8200      0.75272720     0.015869296
       6173.1100      0.74798457     0.015932010
       6175.4000      0.73043608     0.015994764
       6177.7000      0.74895907     0.016057778
       6179.9900      0.72916603     0.016120457
       6182.2800      0.72536200     0.016183124
       6184.5800      0.73057202     0.016245975
       6186.8700      0.72863831     0.016308516
       6189.1600      0.72700015     0.016371075
       6191.4600      0.74092103     0.016433975
       6193.7500      0.73111501     0.016496561
       6196.0500      0.72106537     0.016559337
       6198.3400      0.70934474     0.016621868
       6200.6400      0.72619673     0.016684682
       6202.9300      0.75569650     0.016747163
       6205.2200      0.75683443     0.016809616
       6207.5200      0.72213151     0.016872250
       6209.8100      0.72627310     0.016934702
       6212.1100      0.73708874     0.016997348
       6214.4000      0.75666870     0.017059770
       6216.7000      0.74356881     0.017122370
       6218.9900      0.72751795     0.017184737
       6221.2900      0.74825569     0.017247344
       6223.5800      0.72742019     0.017309611
       6225.8800      0.73764701     0.017372148
       6228.1700      0.72993585     0.017434325
       6230.4600      0.71597526     0.017496523
       6232.7600      0.71144341     0.017559139
       6235.0600      0.73628150     0.017622062
       6237.3500      0.71761112     0.017685156
       6239.6500      0.73519093     0.017749601
       6241.9400      0.72083321     0.017815220
       6244.2400      0.71605315     0.017883905
       6246.5300      0.72190087     0.017957814
       6248.8300      0.73691385     0.018043810
       6251.1200      0.70272338     0.018151694
       6253.4200      0.70695662     0.018295156
       6255.7100      0.72037804     0.018477760
       6258.0100      0.69348175     0.018685239
       6260.3100      0.67441805     0.018877820
       6262.6000      0.67100351     0.019010324
       6264.9000      0.69665037     0.019065108
       6267.1900      0.71528334     0.019061527
       6269.4900      0.70951886     0.019042581
       6271.7900      0.71069803     0.019043963
       6274.0800      0.71527264     0.019076323
       6276.3800      0.71758897     0.019130326
       6278.6800      0.72242019     0.019189210
       6280.9700      0.72569421     0.019241464
       6283.2700      0.72114633     0.019284410
       6285.5600      0.72707652     0.019320622
       6287.8600      0.73100962     0.019354645
       6290.1600      0.72575760     0.019389527
       6292.4600      0.72645792     0.019426689
       6294.7500      0.72819077     0.019466374
       6297.0500      0.75473270     0.019508771
       6299.3500      0.75403773     0.019553186
       6301.6400      0.74970521     0.019598626
       6303.9400      0.72928670     0.019644718
       6306.2400      0.76188407     0.019690992
       6308.5300      0.77631740     0.019737622
       6310.8300      0.74888117     0.019785764
       6313.1300      0.75729647     0.019835452
       6315.4300      0.74646021     0.019886989
       6317.7200      0.76048954     0.019939871
       6320.0200      0.77074996     0.019994796
       6322.3200      0.78028104     0.020051184
       6324.6200      0.78350389     0.020108470
       6326.9100      0.76436536     0.020165642
       6329.2100      0.77890637     0.020222390
       6331.5100      0.78522988     0.020278145
       6333.8100      0.76700779     0.020333201
       6336.1100      0.78339698     0.020388110
       6338.4000      0.79131663     0.020443275
       6340.7000      0.77753933     0.020499342
       6343.0000      0.79954941     0.020555873
       6345.3000      0.81164656     0.020612576
       6347.6000      0.78307622     0.020669301
       6349.9000      0.82833359     0.020726222
       6352.1900      0.80387200     0.020782895
       6354.4900      0.81119597     0.020839026
       6356.7900      0.80158851     0.020894639
       6359.0900      0.79063693     0.020949891
       6361.3900      0.83080037     0.021005796
       6363.6900      0.83686421     0.021063176
       6365.9900      0.80922560     0.021121952
       6368.2900      0.83988850     0.021181474
       6370.5800      0.81032534     0.021240095
       6372.8800      0.80203910     0.021297683
       6375.1800      0.83054071     0.021353359
       6377.4800      0.83876585     0.021408042
       6379.7800      0.83169391     0.021462781
       6382.0800      0.84836566     0.021518326
       6384.3800      0.81588514     0.021575097
       6386.6800      0.84740339     0.021632738
       6388.9800      0.84852604     0.021691044
       6391.2800      0.84922865     0.021749525
       6393.5800      0.85257370     0.021808073
       6395.8800      0.83670383     0.021866684
       6398.1800      0.86812280     0.021925148
       6400.4800      0.84934321     0.021983426
       6402.7800      0.85837788     0.022041645
       6405.0800      0.85426149     0.022099787
       6407.3800      0.87252940     0.022157842
       6409.6800      0.88380174     0.022215930
       6411.9800      0.83723079     0.022273811
       6414.2800      0.86034825     0.022331753
       6416.5800      0.84023980     0.022389626
       6418.8800      0.84065221     0.022447438
       6421.1800      0.85488010     0.022505375
       6423.4800      0.87010081     0.022563520
       6425.7800      0.84778525     0.022621813
       6428.0800      0.84275241     0.022680652
       6430.3900      0.84466931     0.022740824
       6432.6900      0.88662746     0.022802556
       6434.9900      0.87390408     0.022867013
       6437.2900      0.86453337     0.022934637
       6439.5900      0.85831679     0.023005139
       6441.8900      0.86318925     0.023077676
       6444.1900      0.86206660     0.023151768
       6446.4900      0.86239499     0.023228426
       6448.8000      0.85730105     0.023309224
       6451.1000      0.85019093     0.023394350
       6453.4000      0.86631282     0.023482839
       6455.7000      0.84170612     0.023570547
       6458.0000      0.84259966     0.023651441
       6460.3000      0.84471514     0.023721468
       6462.6100      0.85562853     0.023779771
       6464.9100      0.85106919     0.023828378
       6467.2100      0.86131816     0.023871451
       6469.5100      0.84537193     0.023911979
       6471.8100      0.85616313     0.023951191
       6474.1200      0.85634642     0.023988303
       6476.4200      0.85399420     0.024021051
       6478.7200      0.84812891     0.024048680
       6481.0200      0.85255842     0.024073940
       6483.3300      0.85782038     0.024102869
       6485.6300      0.85410875     0.024141863
       6487.9300      0.85790438     0.024196784
       6490.2300      0.82573698     0.024270032
       6492.5400      0.83989614     0.024360496
       6494.8400      0.85413166     0.024459387
       6497.1400      0.82545441     0.024552757
       6499.4500      0.82436994     0.024625983
       6501.7500      0.83440507     0.024670718
       6504.0500      0.85203146     0.024691889
       6506.3600      0.83601650     0.024703370
       6508.6600      0.83244234     0.024719200
       6510.9600      0.84696808     0.024747736
       6513.2700      0.84452421     0.024789482
       6515.5700      0.83150298     0.024839717
       6517.8700      0.85320758     0.024894364
       6520.1800      0.84133954     0.024952796
       6522.4800      0.82984573     0.025015490
       6524.7900      0.80908813     0.025083281
       6527.0900      0.82369788     0.025152476
       6529.3900      0.81176875     0.025219020
       6531.7000      0.82378188     0.025279952
       6534.0000      0.80627005     0.025334037
       6536.3100      0.79243929     0.025383779
       6538.6100      0.82262105     0.025431208
       6540.9200      0.80817932     0.025478771
       6543.2200      0.80275699     0.025526442
       6545.5200      0.82188025     0.025573432
       6547.8300      0.81827555     0.025619251
       6550.1300      0.81665648     0.025663938
       6552.4400      0.80310066     0.025708318
       6554.7400      0.79857186     0.025751903
       6557.0500      0.79051474     0.025793556
       6559.3500      0.79928975     0.025832562
       6561.6600      0.79472277     0.025871072
       6563.9600      0.79524973     0.025910810
       6566.2700      0.82563006     0.025952588
       6568.5700      0.80680464     0.025995011
       6570.8800      0.82617993     0.026037443
       6573.1900      0.82023828     0.026080005
       6575.4900      0.82672980     0.026124097
       6577.8000      0.82529403     0.026171335
       6580.1000      0.80494883     0.026221220
       6582.4100      0.78865893     0.026272760
       6584.7100      0.80061860     0.026324504
       6587.0200      0.79547885     0.026376207
       6589.3300      0.79370704     0.026427552
       6591.6300      0.78485566     0.026478229
       6593.9400      0.78492439     0.026528572
       6596.2500      0.77560715     0.026578512
       6598.5500      0.79415763     0.026627722
       6600.8600      0.75883305     0.026676733
       6603.1700      0.77931113     0.026725524
       6605.4700      0.79457767     0.026773848
       6607.7800      0.78269436     0.026822158
       6610.0800      0.77876890     0.026870209
       6612.3900      0.77311746     0.026918376
       6614.7000      0.75259126     0.026966353
       6617.0100      0.78118222     0.027014240
       6619.3100      0.74860089     0.027061722
       6621.6200      0.75310066     0.027109263
       6623.9300      0.76097144     0.027156615
       6626.2300      0.75116389     0.027203525
       6628.5400      0.75691080     0.027250444
       6630.8500      0.73777990     0.027297202
       6633.1600      0.74914541     0.027343922
       6635.4600      0.75132885     0.027390261
       6637.7700      0.74209867     0.027436659
       6640.0800      0.74705514     0.027483059
       6642.3900      0.75200932     0.027529168
       6644.7000      0.72888193     0.027575124
       6647.0000      0.70886818     0.027620780
       6649.3100      0.72825569     0.027666398
       6651.6200      0.73432946     0.027711922
       6653.9300      0.72575607     0.027757247
       6656.2400      0.72523904     0.027802378
       6658.5500      0.73658775     0.027847502
       6660.8500      0.72331144     0.027892081
       6663.1600      0.75139224     0.027936827
       6665.4700      0.73513976     0.027981259
       6667.7800      0.73733466     0.028025641
       6670.0900      0.74035818     0.028069866
       6672.4000      0.71343058     0.028113867
       6674.7100      0.72046204     0.028157640
       6677.0200      0.72696884     0.028201328
       6679.3300      0.73273179     0.028244797
       6681.6400      0.72857416     0.028288210
       6683.9400      0.70775164     0.028331258
       6686.2500      0.72794639     0.028374270
       6688.5600      0.71765083     0.028417173
       6690.8700      0.71675042     0.028459782
       6693.1800      0.70450970     0.028502282
       6695.4900      0.71706049     0.028544565
       6697.8000      0.69378036     0.028586736
       6700.1100      0.71361692     0.028628681
       6702.4200      0.72022682     0.028670510
       6704.7300      0.71217504     0.028712085
       6707.0400      0.71942340     0.028753641
       6709.3500      0.69281274     0.028794876
       6711.6600      0.70131892     0.028836056
       6713.9700      0.70579349     0.028876930
       6716.2900      0.69754239     0.028917878
       6718.6000      0.69585383     0.028958420
       6720.9100      0.71513289     0.028998892
       6723.2200      0.69453261     0.029039070
       6725.5300      0.69731938     0.029079155
       6727.8400      0.69956010     0.029118912
       6730.1500      0.70326180     0.029158580
       6732.4600      0.68645410     0.029197957
       6734.7700      0.69141286     0.029237135
       6737.0800      0.69095311     0.029276211
       6739.4000      0.70415305     0.029315275
       6741.7100      0.71024133     0.029354082
       6744.0200      0.67682755     0.029392526
       6746.3300      0.69208111     0.029430947
       6748.6400      0.69893768     0.029469147
       6750.9500      0.69986406     0.029507087
       6753.2600      0.68434321     0.029544938
       6755.5800      0.67827325     0.029582735
       6757.8900      0.67531007     0.029620159
       6760.2000      0.66921338     0.029657332
       6762.5100      0.69838399     0.029694373
       6764.8300      0.69117382     0.029731316
       6767.1400      0.67283641     0.029767863
       6769.4500      0.66302887     0.029804311
       6771.7600      0.68662288     0.029840587
       6774.0800      0.68282419     0.029876659
       6776.3900      0.69422636     0.029912549
       6778.7000      0.69540018     0.029948183
       6781.0100      0.69921109     0.029983605
       6783.3300      0.70119597     0.030019020
       6785.6400      0.68293875     0.030054015
       6787.9500      0.69189629     0.030088782
       6790.2700      0.68500611     0.030123608
       6792.5800      0.68647854     0.030157984
       6794.8900      0.67265465     0.030192178
       6797.2100      0.68484802     0.030226401
       6799.5200      0.67178173     0.030260289
       6801.8300      0.67967848     0.030293877
       6804.1500      0.69060486     0.030327477
       6806.4600      0.68212540     0.030360722
       6808.7800      0.66209027     0.030393966
       6811.0900      0.67667481     0.030426706
       6813.4000      0.68271346     0.030459211
       6815.7200      0.69018940     0.030491600
       6818.0300      0.67706889     0.030523623
       6820.3500      0.69485871     0.030555555
       6822.6600      0.69767298     0.030587241
       6824.9800      0.69125706     0.030619143
       6827.2900      0.70617840     0.030651357
       6829.6100      0.68654116     0.030686316
       6831.9200      0.68493967     0.030730625
       6834.2400      0.68510386     0.030804074
       6836.5500      0.62747823     0.030948944
       6838.8700      0.67628914     0.031247462
       6841.1800      0.69899878     0.031814092
       6843.5000      0.67872843     0.032772672
       6845.8100      0.65975256     0.034174306
       6848.1300      0.58659462     0.035923019
       6850.4400      0.50925997     0.037659563
       6852.7600      0.45758057     0.038889080
       6855.0700      0.47434932     0.039209783
       6857.3900      0.52991523     0.038655151
       6859.7100      0.57567894     0.037620067
       6862.0200      0.60379410     0.036585548
       6864.3400      0.64101726     0.035849435
       6866.6500      0.61436459     0.035500660
       6868.9700      0.58048343     0.035455331
       6871.2900      0.58243776     0.035551648
       6873.6000      0.57967008     0.035634806
       6875.9200      0.58737284     0.035614989
       6878.2400      0.58178861     0.035474443
       6880.5500      0.60097373     0.035243674
       6882.8700      0.58998167     0.034960579
       6885.1900      0.59815946     0.034658971
       6887.5000      0.61606461     0.034360347
       6889.8200      0.63444784     0.034073840
       6892.1400      0.62944173     0.033807919
       6894.4500      0.62977623     0.033569072
       6896.7700      0.62176417     0.033360551
       6899.0900      0.62795479     0.033187581
       6901.4100      0.62419505     0.033051857
       6903.7200      0.62510463     0.032952988
       6906.0400      0.62563846     0.032885347
       6908.3600      0.63699786     0.032842968
       6910.6800      0.64315412     0.032820902
       6913.0000      0.62261188     0.032816631
       6915.3100      0.62768902     0.032829111
       6917.6300      0.62629754     0.032854282
       6919.9500      0.63102261     0.032881522
       6922.2700      0.61813273     0.032895383
       6924.5900      0.62889797     0.032884641
       6926.9100      0.64942187     0.032850290
       6929.2200      0.61904995     0.032804212
       6931.5400      0.63129907     0.032760819
       6933.8600      0.64132274     0.032728109
       6936.1800      0.65213075     0.032701629
       6938.5000      0.62813502     0.032667254
       6940.8200      0.63055751     0.032609939
       6943.1400      0.63523522     0.032525533
       6945.4600      0.63590729     0.032424277
       6947.7800      0.60260348     0.032326214
       6950.1000      0.61363449     0.032250556
       6952.4200      0.63314113     0.032207627
       6954.7300      0.62676799     0.032199028
       6957.0500      0.63529326     0.032220894
       6959.3700      0.64267909     0.032269946
       6961.6900      0.61595693     0.032344040
       6964.0100      0.61023064     0.032438791
       6966.3300      0.61274248     0.032544051
       6968.6500      0.58825798     0.032643756
       6970.9800      0.59902245     0.032721934
       6973.3000      0.58980296     0.032769671
       6975.6200      0.60390942     0.032790083
       6977.9400      0.60941194     0.032794853
       6980.2600      0.59544524     0.032795778
       6982.5800      0.60423171     0.032799584
       6984.9000      0.58870170     0.032806381
       6987.2200      0.60639606     0.032813317
       6989.5400      0.59673285     0.032819466
       6991.8600      0.61193982     0.032826442
       6994.1800      0.58438751     0.032836907
       6996.5000      0.59181304     0.032851228
       6998.8300      0.58591569     0.032867448
       7001.1500      0.60451352     0.032882179
       7003.4700      0.59767680     0.032890810
       7005.7900      0.57428822     0.032886911
       7008.1100      0.58765618     0.032866129
       7010.4300      0.58069192     0.032830361
       7012.7600      0.60660073     0.032790889
       7015.0800      0.61113793     0.032761915
       7017.4000      0.59893615     0.032749815
       7019.7200      0.61171834     0.032750208
       7022.0500      0.58605163     0.032754019
       7024.3700      0.59416068     0.032756710
       7026.6900      0.59702765     0.032760568
       7029.0100      0.56700703     0.032769913
       7031.3400      0.56645486     0.032784087
       7033.6600      0.57502749     0.032797382
       7035.9800      0.61291202     0.032803573
       7038.3000      0.58646785     0.032800669
       7040.6300      0.56243699     0.032790851
       7042.9500      0.57940889     0.032777595
       7045.2700      0.58453261     0.032763388
       7047.6000      0.59160837     0.032749934
       7049.9200      0.59042004     0.032739515
       7052.2500      0.59729724     0.032733873
       7054.5700      0.59848709     0.032733965
       7056.8900      0.59268978     0.032737141
       7059.2200      0.56921567     0.032739229
       7061.5400      0.60396976     0.032737263
       7063.8600      0.57864900     0.032731354
       7066.1900      0.60220177     0.032724042
       7068.5100      0.56930350     0.032718271
       7070.8400      0.56482282     0.032715353
       7073.1600      0.58253933     0.032715406
       7075.4900      0.57247136     0.032717827
       7077.8100      0.58479074     0.032721792
       7080.1400      0.58471437     0.032726358
       7082.4600      0.59245761     0.032729724
       7084.7900      0.58699633     0.032730990
       7087.1100      0.58837406     0.032729281
       7089.4400      0.60576065     0.032725045
       7091.7600      0.61456621     0.032719845
       7094.0900      0.61208263     0.032715069
       7096.4100      0.60387200     0.032712286
       7098.7400      0.60295173     0.032712315
       7101.0600      0.61793799     0.032715159
       7103.3900      0.59678326     0.032720710
       7105.7200      0.60208340     0.032728473
       7108.0400      0.59847717     0.032737323
       7110.3700      0.61492363     0.032745732
       7112.6900      0.59425386     0.032753141
       7115.0200      0.61615625     0.032760129
       7117.3500      0.59690851     0.032768688
       7119.6700      0.59606155     0.032781115
       7122.0000      0.61129067     0.032799171
       7124.3300      0.61921644     0.032822029
       7126.6500      0.60945242     0.032847559
       7128.9800      0.61577211     0.032873560
       7131.3100      0.60702077     0.032900503
       7133.6300      0.60170078     0.032934706
       7135.9600      0.61283412     0.032990788
       7138.2900      0.62025279     0.033090220
       7140.6200      0.57747442     0.033256368
       7142.9400      0.61263785     0.033505995
       7145.2700      0.58790209     0.033844637
       7147.6000      0.56154651     0.034253184
       7149.9300      0.57303803     0.034693161
       7152.2500      0.53506415     0.035116266
       7154.5800      0.56571254     0.035491424
       7156.9100      0.54462120     0.035809581
       7159.2400      0.53913930     0.036088617
       7161.5700      0.55604628     0.036350066
       7163.9000      0.55609439     0.036591747
       7166.2200      0.50124714     0.036781024
       7168.5500      0.53764014     0.036881313
       7170.8800      0.51918512     0.036878689
       7173.2100      0.55187796     0.036794909
       7175.5400      0.52521537     0.036669775
       7177.8700      0.56467771     0.036525895
       7180.2000      0.56029708     0.036350489
       7182.5300      0.54784023     0.036104489
       7184.8600      0.52185658     0.035752007
       7187.1900      0.53958760     0.035293715
       7189.5100      0.54953872     0.034780464
       7191.8400      0.59221934     0.034281758
       7194.1700      0.60281427     0.033869233
       7196.5000      0.59749656     0.033582413
       7198.8300      0.60244616     0.033430559
       7201.1600      0.60414694     0.033405317
       7203.4900      0.59904918     0.033493771
       7205.8200      0.59940889     0.033686953
       7208.1500      0.59904078     0.033973860
       7210.4800      0.60707958     0.034326245
       7212.8200      0.57646632     0.034695822
       7215.1500      0.53028181     0.035015158
       7217.4800      0.54204445     0.035234654
       7219.8100      0.54538796     0.035334649
       7222.1400      0.54794792     0.035328796
       7224.4700      0.53403162     0.035253164
       7226.8000      0.53220101     0.035145867
       7229.1300      0.53593249     0.035034088
       7231.4600      0.54186192     0.034927298
       7233.7900      0.53288911     0.034820966
       7236.1300      0.54712082     0.034710997
       7238.4600      0.54351993     0.034605119
       7240.7900      0.57844509     0.034517368
       7243.1200      0.54955629     0.034458555
       7245.4500      0.54181839     0.034431705
       7247.7900      0.55766076     0.034437542
       7250.1200      0.58570872     0.034473229
       7252.4500      0.56637620     0.034520496
       7254.7800      0.55820376     0.034540169
       7257.1200      0.53046357     0.034488254
       7259.4500      0.51832442     0.034355063
       7261.7800      0.52074767     0.034178906
       7264.1100      0.56311135     0.034026977
       7266.4500      0.55731480     0.033943263
       7268.7800      0.51901634     0.033923774
       7271.1100      0.52401252     0.033923020
       7273.4500      0.50288071     0.033896839
       7275.7800      0.52372613     0.033834758
       7278.1100      0.54410493     0.033759399
       7280.4500      0.57404002     0.033696169
       7282.7800      0.54277226     0.033650962
       7285.1100      0.55042615     0.033608164
       7287.4500      0.53884298     0.033548821
       7289.7800      0.53983580     0.033463896
       7292.1200      0.54129678     0.033352541
       7294.4500      0.55908049     0.033217568
       7296.7900      0.54702688     0.033055501
       7299.1200      0.54298839     0.032869981
       7301.4500      0.53483580     0.032672109
       7303.7900      0.54160302     0.032482411
       7306.1200      0.54235222     0.032322662
       7308.4600      0.56337636     0.032198879
       7310.7900      0.53916068     0.032104004
       7313.1300      0.52458225     0.032020454
       7315.4600      0.56152894     0.031936658
       7317.8000      0.55598595     0.031851592
       7320.1300      0.56163739     0.031775040
       7322.4700      0.56605086     0.031715846
       7324.8100      0.55427753     0.031675767
       7327.1400      0.53184130     0.031647767
       7329.4800      0.54954636     0.031621879
       7331.8100      0.54322514     0.031592975
       7334.1500      0.54696044     0.031562028
       7336.4900      0.52602490     0.031532672
       7338.8200      0.54000993     0.031506641
       7341.1600      0.53971285     0.031480483
       7343.4900      0.52164961     0.031447867
       7345.8300      0.53445777     0.031402424
       7348.1700      0.51048114     0.031341311
       7350.5000      0.52645334     0.031267804
       7352.8400      0.51836566     0.031188226
       7355.1800      0.52971437     0.031111848
       7357.5200      0.54623415     0.031045318
       7359.8500      0.57462196     0.030990258
       7362.1900      0.56973881     0.030943085
       7364.5300      0.53715595     0.030899539
       7366.8700      0.53716359     0.030855614
       7369.2000      0.55649000     0.030809361
       7371.5400      0.53518711     0.030758894
       7373.8800      0.53225370     0.030702902
       7376.2200      0.53435314     0.030640543
       7378.5600      0.52246525     0.030573201
       7380.8900      0.53762487     0.030504583
       7383.2300      0.52426378     0.030438566
       7385.5700      0.51248205     0.030378250
       7387.9100      0.51339850     0.030323793
       7390.2500      0.51710325     0.030273218
       7392.5900      0.50652818     0.030223905
       7394.9300      0.53371773     0.030174663
       7397.2700      0.49679013     0.030125247
       7399.6000      0.50416298     0.030076221
       7401.9400      0.51181304     0.030027031
       7404.2800      0.53605545     0.029976578
       7406.6200      0.52928670     0.029924341
       7408.9600      0.52300061     0.029870352
       7411.3000      0.53450130     0.029815807
       7413.6400      0.50331220     0.029762268
       7415.9800      0.53429586     0.029710358
       7418.3200      0.51497709     0.029659697
       7420.6600      0.52885062     0.029609254
       7423.0000      0.50710707     0.029557998
       7425.3400      0.49575989     0.029505842
       7427.6800      0.49937758     0.029453286
       7430.0200      0.49901023     0.029400603
       7432.3600      0.50257370     0.029348477
       7434.7000      0.50665267     0.029296794
       7437.0500      0.50449442     0.029245080
       7439.3900      0.50323812     0.029193585
       7441.7300      0.49198411     0.029141933
       7444.0700      0.51318008     0.029090035
       7446.4100      0.51435619     0.029037727
       7448.7500      0.50412174     0.028985163
       7451.0900      0.53178326     0.028932066
       7453.4400      0.54286314     0.028878426
       7455.7800      0.52044066     0.028824602
       7458.1200      0.50846876     0.028770356
       7460.4600      0.50206430     0.028715729
       7462.8000      0.49228349     0.028660532
       7465.1500      0.49768673     0.028604707
       7467.4900      0.50226669     0.028548676
       7469.8300      0.49380327     0.028492297
       7472.1700      0.47406522     0.028435340
       7474.5200      0.47308004     0.028377849
       7476.8600      0.47038109     0.028320231
       7479.2000      0.48605850     0.028262131
       7481.5400      0.48391019     0.028203574
       7483.8900      0.49013059     0.028144439
       7486.2300      0.50831984     0.028085183
       7488.5700      0.51089659     0.028025549
       7490.9200      0.52375821     0.027965005
       7493.2600      0.52189476     0.027904287
       7495.6100      0.50932794     0.027842813
       7497.9500      0.48903162     0.027781221
       7500.2900      0.49006568     0.027719148
       7502.6400      0.48382313     0.027656337
       7504.9800      0.46026959     0.027593492
       7507.3300      0.45980831     0.027529960
       7509.6700      0.48056056     0.027466205
       7512.0200      0.47798763     0.027401788
       7514.3600      0.47031312     0.027337315
       7516.7100      0.47649458     0.027272156
       7519.0500      0.49854132     0.027206702
       7521.4000      0.47976020     0.027140661
       7523.7400      0.49899267     0.027074317
       7526.0900      0.49071941     0.027007241
       7528.4300      0.50394608     0.026940076
       7530.7800      0.49091645     0.026872179
       7533.1200      0.49981900     0.026804103
       7535.4700      0.49599282     0.026735606
       7537.8100      0.48153276     0.026667084
       7540.1600      0.49059798     0.026598330
       7542.5100      0.50208340     0.026529565
       7544.8500      0.47454101     0.026461056
       7547.2000      0.46235069     0.026392609
       7549.5400      0.46742783     0.026325185
       7551.8900      0.45358256     0.026260165
       7554.2400      0.45739728     0.026203796
       7556.5800      0.46332442     0.026172120
       7558.9300      0.43953872     0.026200592
       7561.2800      0.48043150     0.026362633
       7563.6300      0.47586146     0.026779957
       7565.9700      0.48398961     0.027634792
       7568.3200      0.48176646     0.029189085
       7570.6700      0.47803880     0.031751791
       7573.0200      0.41840843     0.035702356
       7575.3600      0.30354666     0.041367631
       7577.7100      0.22208874     0.048921194
       7580.0600      0.16442798     0.057727309
       7582.4100      0.12391935     0.065825553
       7584.7600      0.11318543     0.070279235
       7587.1000     0.088569574     0.069209074
       7589.4500      0.12712311     0.063747500
       7591.8000      0.14823278     0.056731738
       7594.1500      0.20754620     0.050442682
       7596.5000      0.28056667     0.045904168
       7598.8500      0.33669009     0.043271450
       7601.2000      0.33272873     0.042318976
       7603.5500      0.28100810     0.042613634
       7605.8900      0.23480602     0.043608368
       7608.2400      0.24656484     0.044681095
       7610.5900      0.22391630     0.045288101
       7612.9400      0.22792806     0.045137396
       7615.2900      0.21938369     0.044247002
       7617.6400      0.23653964     0.042825322
       7619.9900      0.24395601     0.041102437
       7622.3400      0.25814953     0.039267539
       7624.6900      0.28493279     0.037441854
       7627.0400      0.27309226     0.035696374
       7629.3900      0.32353597     0.034071109
       7631.7400      0.32015580     0.032585379
       7634.1000      0.33799908     0.031241044
       7636.4500      0.35836185     0.030047451
       7638.8000      0.38111043     0.028991326
       7641.1500      0.39017565     0.028060728
       7643.5000      0.40663357     0.027241107
       7645.8500      0.41495800     0.026519272
       7648.2000      0.43480602     0.025882989
       7650.5500      0.42819994     0.025321912
       7652.9100      0.42223767     0.024826218
       7655.2600      0.43714526     0.024392155
       7657.6100      0.42221323     0.024010052
       7659.9600      0.39808996     0.023673412
       7662.3100      0.41487399     0.023375169
       7664.6700      0.42271193     0.023108460
       7667.0200      0.44317245     0.022869831
       7669.3700      0.43161524     0.022652896
       7671.7200      0.46498243     0.022453096
       7674.0800      0.45090270     0.022266215
       7676.4300      0.46277303     0.022091329
       7678.7800      0.47642126     0.021926157
       7681.1400      0.47443333     0.021769477
       7683.4900      0.46876203     0.021622265
       7685.8400      0.48658775     0.021483738
       7688.2000      0.46716359     0.021353001
       7690.5500      0.45093249     0.021230451
       7692.9000      0.42051168     0.021114226
       7695.2600      0.44938521     0.021002319
       7697.6100      0.43977700     0.020894135
       7699.9700      0.44053918     0.020787292
       7702.3200      0.42400794     0.020681605
       7704.6700      0.45111501     0.020575817
       7707.0300      0.43904460     0.020469316
       7709.3800      0.46502062     0.020362622
       7711.7400      0.48328395     0.020255007
       7714.0900      0.47574309     0.020147352
       7716.4500      0.48871773     0.020038798
       7718.8000      0.47326333     0.019930240
       7721.1600      0.47581488     0.019820852
       7723.5100      0.45548266     0.019711586
       7725.8700      0.45506568     0.019601743
       7728.2200      0.44524668     0.019492402
       7730.5800      0.42246296     0.019382762
       7732.9400      0.43703070     0.019273165
       7735.2900      0.42624408     0.019163909
       7737.6500      0.43449672     0.019053815
       7740.0000      0.40701084     0.018943631
       7742.3600      0.42426226     0.018832481
       7744.7200      0.44030777     0.018720785
       7747.0700      0.42556820     0.018609054
       7749.4300      0.44165267     0.018496304
       7751.7900      0.47446999     0.018382881
       7754.1400      0.49576905     0.018269285
       7756.5000      0.48329769     0.018154562
       7758.8600      0.48048801     0.018039314
       7761.2200      0.47211471     0.017923587
       7763.5700      0.47750038     0.017807944
       7765.9300      0.43420498     0.017691449
       7768.2900      0.44682221     0.017574459
       7770.6500      0.41887048     0.017456866
       7773.0000      0.39405835     0.017339219
       7775.3600      0.41391324     0.017220350
       7777.7200      0.44190163     0.017100973
       7780.0800      0.44612112     0.016981063
       7782.4400      0.48188712     0.016860603
       7784.8000      0.47513212     0.016739580
       7787.1600      0.47598289     0.016618006
       7789.5100      0.49906828     0.016496502
       7791.8700      0.48390331     0.016373872
       7794.2300      0.48390637     0.016250765
       7796.5900      0.48636093     0.016127119
       7798.9500      0.48015809     0.016002866
