# data from http://adsabs.harvard.edu/abs/2014MNRAS.438..368T
# via WISEREP
# de-redshifted assuming z=   0.00344900
# phase in rest-frame days relative to JD =        2454848.1
# type is SNII
# phase is       372.100
# WARNING: fake error spectrum!

       5994.0700       1.3791174      0.52100846
       5998.2300       1.4072958      0.52284662
       6002.3900       1.4333634      0.52470505
       6006.5400       1.4675887      0.52656324
       6010.7000       1.3982255      0.52842307
       6014.8600       1.2116518      0.53027703
       6019.0200       1.1337240      0.53212736
       6023.1800       1.0781862      0.53397059
       6027.3400       1.0631250      0.53581264
       6031.5000       1.0825520      0.53764839
       6035.6600      0.78409121      0.53948469
       6039.8100      0.87112780      0.54131103
       6043.9700      0.91219711      0.54313819
       6048.1300      0.88220018      0.54495765
       6052.2900      0.89638287      0.54677603
       6056.4500      0.86291284      0.54858854
       6060.6100      0.91631778      0.55039807
       6064.7700       1.0277684      0.55220590
       6068.9300      0.71377039      0.55400899
       6073.0800      0.82231299      0.55580317
       6077.2400      0.97624016      0.55759810
       6081.4000       1.0312261      0.55938497
       6085.5600      0.98464972      0.56117019
       6089.7200      0.85056511      0.56295165
       6093.8800       1.0769757      0.56472744
       6098.0400       1.0596596      0.56650545
       6102.1900       1.0244283      0.56827273
       6106.3500       1.0908043      0.57003985
       6110.5100       1.2313316      0.57180014
       6114.6700       1.3391310      0.57355653
       6118.8300       1.1846387      0.57531018
       6122.9900       1.4348366      0.57705988
       6127.1500       1.5334667      0.57880806
       6131.3100       1.6088438      0.58055179
       6135.4600       1.6651678      0.58228678
       6139.6200       1.9579687      0.58401808
       6143.7800       1.9662254      0.58574751
       6147.9400       1.9038876      0.58747526
       6152.1000       1.6517107      0.58919874
       6156.2600       1.5707045      0.59091855
       6160.4200       1.5096200      0.59262880
       6164.5800       1.2915036      0.59433480
       6168.7300       1.2846651      0.59603741
       6172.8900       1.3720590      0.59774493
       6177.0500       1.4438520      0.59944415
       6181.2100       1.4876314      0.60113389
       6185.3700       1.3034764      0.60282285
       6189.5300       1.3661771      0.60451013
       6193.6900       1.1371762      0.60619133
       6197.8500       1.1309754      0.60787000
       6202.0000       1.2982651      0.60953651
       6206.1600       1.2195787      0.61120669
       6210.3200       1.2329038      0.61287371
       6214.4800       1.0106568      0.61453564
       6218.6400       1.1761841      0.61619434
       6222.8000       1.2559919      0.61784760
       6226.9600       1.4294824      0.61950218
       6231.1200       1.5174370      0.62118453
       6235.2700       1.5321254      0.62295658
       6239.4300       1.4945248      0.62497165
       6243.5900       1.5901315      0.62781240
       6247.7500       1.8148335      0.63329172
       6251.9100       1.6802960      0.64289124
       6256.0700       1.6485993      0.65214966
       6260.2300       1.4918752      0.65389256
       6264.3800       1.5988170      0.65069231
       6268.5400       1.6986015      0.64948771
       6272.7000       2.3913870      0.65067308
       6276.8600       3.5925502      0.65157894
       6281.0200       5.0003738      0.65163765
       6285.1800       7.0585778      0.65156009
       6289.3400       8.0761357      0.65174153
       6293.5000       8.0571155      0.65220598
       6297.6500       7.1561744      0.65282755
       6301.8100       5.8862307      0.65349556
       6305.9700       4.9187299      0.65426474
       6310.1300       4.0866573      0.65521774
       6314.2900       3.1254343      0.65635958
       6318.4500       2.5059259      0.65766582
       6322.6100       2.4434122      0.65901496
       6326.7700       2.1828686      0.66028791
       6330.9200       1.6959189      0.66150452
       6335.0800       1.6851445      0.66277409
       6339.2400       2.1609899      0.66409841
       6343.4000       2.7438322      0.66543640
       6347.5600       3.5963103      0.66678227
       6351.7200       4.5144905      0.66806760
       6355.8800       4.5108954      0.66934996
       6360.0300       4.6256322      0.67076554
       6364.1900       3.8492128      0.67227389
       6368.3500       3.0230771      0.67367592
       6372.5100       2.3759950      0.67493696
       6376.6700       1.7576081      0.67621973
       6380.8300       1.6345706      0.67761656
       6384.9900       1.6109438      0.67908527
       6389.1500       1.9861362      0.68057207
       6393.3000       1.8634065      0.68205089
       6397.4600       1.6031048      0.68352556
       6401.6200       1.3417587      0.68499734
       6405.7800       1.2669313      0.68646710
       6409.9400       1.5563899      0.68793706
       6414.1000       1.5235608      0.68940741
       6418.2600       1.6302608      0.69089424
       6422.4200       1.8367452      0.69241399
       6426.5700       1.9468974      0.69403786
       6430.7300       1.7344650      0.69591314
       6434.8900       1.8195831      0.69808431
       6439.0500       1.7990567      0.70045110
       6443.2100       1.6048749      0.70308908
       6447.3700       1.5057940      0.70614682
       6451.5300       1.6973702      0.70919543
       6455.6800       1.8402964      0.71136175
       6459.8400       1.7922072      0.71248387
       6464.0000       1.6026760      0.71311480
       6468.1600       1.4436651      0.71358699
       6472.3200       1.1794494      0.71370463
       6476.4800       1.3001011      0.71352452
       6480.6400       1.2582567      0.71397725
       6484.8000       1.1346035      0.71599309
       6488.9500       1.0468721      0.71948766
       6493.1100      0.75521461      0.72266286
       6497.2700      0.55578412      0.72347911
       6501.4300      0.69683253      0.72268891
       6505.5900      0.90856458      0.72249104
       6509.7500      0.96782730      0.72344788
       6513.9100       1.1665531      0.72492961
       6518.0700       1.5585668      0.72681459
       6522.2200       2.0562470      0.72899481
       6526.3800       2.8639012      0.73085072
       6530.5400       3.8577004      0.73214936
       6534.7000       6.1595167      0.73323299
       6538.8600       10.144279      0.73433116
       6543.0200       15.399204      0.73534498
       6547.1800       20.590175      0.73629413
       6551.3300       25.067505      0.73715565
       6555.4900       27.452614      0.73783383
       6559.6500       27.550794      0.73858906
       6563.8100       25.437794      0.73947257
       6567.9700       21.212234      0.74036863
       6572.1300       16.649259      0.74144656
       6576.2900       11.700932      0.74277273
       6580.4500       7.8576784      0.74417218
       6584.6000       5.9854325      0.74554628
       6588.7600       4.7278244      0.74689053
       6592.9200       3.8632965      0.74819942
       6597.0800       3.2118167      0.74948046
       6601.2400       2.8276639      0.75074956
       6605.4000       2.4674238      0.75201568
       6609.5600       2.0563899      0.75327653
       6613.7200       1.8028937      0.75453534
       6617.8700       1.6557346      0.75578525
       6622.0300       1.4822332      0.75702797
       6626.1900       1.2666564      0.75826304
       6630.3500       1.2160715      0.75949975
       6634.5100       1.2396873      0.76073724
       6638.6700       1.2050332      0.76196689
       6642.8300       1.2089692      0.76319315
       6646.9800       1.3377677      0.76440980
       6651.1400       1.5518712      0.76562507
       6655.3000       1.8174282      0.76683857
       6659.4600       2.0019350      0.76804502
       6663.6200       2.0406240      0.76924907
       6667.7800       1.9630591      0.77044796
       6671.9400       1.8141629      0.77163784
       6676.1000       1.4733388      0.77282908
       6680.2500       1.1310964      0.77401259
       6684.4100      0.86594727      0.77519351
       6688.5700      0.73018822      0.77636879
       6692.7300      0.79258213      0.77754001
       6696.8900      0.99428295      0.77870715
       6701.0500      0.95692093      0.77987231
       6705.2100      0.87532213      0.78102893
       6709.3700      0.96928625      0.78218511
       6713.5200       1.0122268      0.78333086
       6717.6800      0.86146269      0.78447809
       6721.8400      0.68261027      0.78561923
       6726.0000      0.71673996      0.78675352
       6730.1600      0.88803487      0.78788165
       6734.3200       1.1313492      0.78900661
       6738.4800       1.1464994      0.79012954
       6742.6400       1.0751770      0.79125168
       6746.7900      0.96994151      0.79236242
       6750.9500      0.88452768      0.79347359
       6755.1100       1.0570408      0.79457876
       6759.2700       1.2943401      0.79568020
       6763.4300       1.1434320      0.79677497
       6767.5900       1.1920379      0.79786414
       6771.7500       1.0000000      0.79895176
       6775.9100      0.83581952      0.80003522
       6780.0600      0.75687145      0.80110901
       6784.2200      0.76227627      0.80218189
       6788.3800      0.90259136      0.80324930
       6792.5400      0.87139716      0.80431632
       6796.7000      0.60489357      0.80537671
       6800.8600      0.71415080      0.80643489
       6805.0200      0.89122103      0.80748687
       6809.1700      0.86205418      0.80852762
       6813.3300      0.96922908      0.80956312
       6817.4900      0.89044373      0.81059925
       6821.6500      0.67031532      0.81166489
       6825.8100      0.73642750      0.81307106
       6829.9700      0.98368882      0.81699996
       6834.1300      0.80173490      0.83197147
       6838.2900      0.70546858      0.87468646
       6842.4400      0.64552641      0.95159924
       6846.6000      0.51404855       1.0232853
       6850.7600      0.73959057       1.0271013
       6854.9200      0.87110691      0.97923259
       6859.0800      0.65327741      0.94190829
       6863.2400      0.71570430      0.93449192
       6867.4000      0.81436079      0.93859887
       6871.5600      0.75341924      0.93590557
       6875.7100      0.77788051      0.92471269
       6879.8700      0.74898302      0.91034153
       6884.0300      0.69811447      0.89630867
       6888.1900      0.70995756      0.88403840
       6892.3500      0.78176041      0.87435910
       6896.5100      0.70309930      0.86779502
       6900.6700      0.87313536      0.86414477
       6904.8200      0.85150402      0.86258048
       6908.9800      0.68932451      0.86255862
       6913.1400      0.68420775      0.86363379
       6917.3000      0.81724350      0.86411846
       6921.4600      0.55829742      0.86264454
       6925.6200      0.49329346      0.86044598
       6929.7800      0.87074080      0.85897232
       6933.9400      0.89947227      0.85708574
       6938.0900      0.81294472      0.85316303
       6942.2500      0.79384208      0.84849697
       6946.4100      0.88014974      0.84579605
       6950.5700      0.89077686      0.84593027
       6954.7300      0.90455055      0.84846983
       6958.8900      0.86099653      0.85290907
       6963.0500      0.86180131      0.85775215
       6967.2100       1.0434089      0.86075834
       6971.3600      0.91882669      0.86157712
       6975.5200      0.93615594      0.86178156
       6979.6800       1.1057984      0.86222840
       6983.8400       1.1806698      0.86269250
       6988.0000       1.1883658      0.86328380
       6992.1600       1.0897126      0.86418721
       6996.3200       1.1118893      0.86506532
       7000.4700      0.99105941      0.86518090
       7004.6300      0.92130811      0.86397632
       7008.7900      0.91619904      0.86260265
       7012.9500      0.96560975      0.86247919
       7017.1100      0.85977835      0.86294918
       7021.2700      0.92248890      0.86345850
       7025.4300      0.94999780      0.86439341
       7029.5900      0.91560975      0.86525003
       7033.7400      0.95113791      0.86542416
       7037.9000       1.1415410      0.86521016
       7042.0600       1.2706913      0.86499001
       7046.2200       1.5472426      0.86507155
       7050.3800       1.9404107      0.86559763
       7054.5400       2.1693016      0.86613977
       7058.7000       2.0303004      0.86637185
       7062.8600       1.6826817      0.86659979
       7067.0100       1.4062734      0.86707705
       7071.1700       1.3058182      0.86777641
       7075.3300       1.2194797      0.86856258
       7079.4900       1.1919939      0.86922578
       7083.6500      0.87822683      0.86967886
       7087.8100      0.81214653      0.87007866
       7091.9700       1.0433704      0.87064881
       7096.1200       1.1604402      0.87147458
       7100.2800       1.2061546      0.87253180
       7104.4400       1.2782554      0.87366748
       7108.6000       1.1085690      0.87475803
       7112.7600       1.1071287      0.87598076
       7116.9200       1.2236246      0.87763408
       7121.0800       1.1836822      0.87965052
       7125.2400       1.4776265      0.88175575
       7129.4000       2.0198448      0.88465200
       7133.5500       2.6426404      0.89089829
       7137.7100       3.2760016      0.90373784
       7141.8700       3.8599763      0.92350505
       7146.0300       4.3751594      0.94535455
       7150.1900       4.4419500      0.96352889
       7154.3500       4.1421127      0.97802427
       7158.5100       3.7426118      0.99081665
       7162.6600       3.3156691      0.99816999
       7166.8200       2.6548111      0.99728349
       7170.9800       2.0960135      0.99222013
       7175.1400       1.8634175      0.98462450
       7179.3000       1.5909231      0.96957750
       7183.4600       1.4167290      0.94672420
       7187.6200       1.5372158      0.92538565
       7191.7800       1.5284973      0.91405904
       7195.9300       1.3023990      0.91400034
       7200.0900       1.1953362      0.92362901
       7204.2500       1.2158406      0.94089528
       7208.4100      0.97012512      0.95957273
       7212.5700       1.2153129      0.97095689
       7216.7300       1.1607590      0.97267491
       7220.8900       1.0198448      0.96932762
       7225.0400      0.82765403      0.96548072
       7229.2000      0.73313250      0.96173948
       7233.3600      0.74165311      0.95818334
       7237.5200      0.76233344      0.95665207
       7241.6800       1.0830511      0.95798605
       7245.8400       1.1301398      0.96171981
       7250.0000       1.5526958      0.96362564
       7254.1600       1.5184925      0.95892436
       7258.3100       1.7432165      0.95278976
       7262.4700       2.3235191      0.95220835
       7266.6300       3.6820441      0.95356259
       7270.7900       5.8014095      0.95223680
       7274.9500       8.4006003      0.95087781
       7279.1100       10.399809      0.95058398
       7283.2700       11.070628      0.94889747
       7287.4300       10.539041      0.94491381
       7291.5800       9.0886363      0.93865156
       7295.7400       7.3421325      0.93069822
       7299.9000       6.6284687      0.92393826
       7304.0600       7.4090000      0.92024566
       7308.2200       8.8451449      0.91800198
       7312.3800       9.9345508      0.91575937
       7316.5400       10.078280      0.91458239
       7320.6900       8.6665641      0.91498903
       7324.8500       6.7870619      0.91577021
       7329.0100       5.0097959      0.91638925
       7333.1700       3.6224768      0.91724394
       7337.3300       2.6635626      0.91794825
       7341.4900       2.2487357      0.91754238
       7345.6500       2.0858547      0.91597243
       7349.8100       2.1820770      0.91437907
       7353.9600       2.6177492      0.91374585
       7358.1200       3.5386561      0.91381903
       7362.2800       5.1744360      0.91393700
       7366.4400       6.6046220      0.91374691
       7370.6000       7.1010159      0.91303203
       7374.7600       6.8659462      0.91197543
       7378.9200       5.8647038      0.91121111
       7383.0800       4.8491688      0.91100322
       7387.2300       4.0609855      0.91104977
       7391.3900       3.3891772      0.91112573
       7395.5500       3.2166652      0.91124487
       7399.7100       3.2721646      0.91129448
       7403.8700       3.1183209      0.91121438
       7408.0300       2.8781609      0.91118939
       7412.1900       2.6322068      0.91133613
       7416.3500       2.3971701      0.91152874
       7420.5000       2.0241545      0.91167523
       7424.6600       1.8939157      0.91184191
       7428.8200       1.8371190      0.91208257
       7432.9800       1.7440301      0.91237648
       7437.1400       2.0236818      0.91269179
       7441.3000       2.5440653      0.91300818
       7445.4600       2.5915608      0.91332522
       7449.6100       2.5721668      0.91364130
       7453.7700       2.2176327      0.91395230
       7457.9300       2.0352698      0.91425174
       7462.0900       1.6214873      0.91454360
       7466.2500       1.2076279      0.91483512
       7470.4100       1.0861746      0.91512302
       7474.5700       1.0209442      0.91540535
       7478.7300       1.0673326      0.91568707
       7482.8800      0.84203901      0.91596162
       7487.0400      0.82555631      0.91622700
       7491.2000      0.68175162      0.91648437
       7495.3600      0.44444896      0.91673358
       7499.5200      0.72973196      0.91698074
       7503.6800      0.85906372      0.91722864
       7507.8400      0.87218325      0.91747169
       7512.0000      0.98135912      0.91771199
       7516.1500       1.1811975      0.91794651
       7520.3100      0.87950877      0.91817292
       7524.4700      0.78963125      0.91839748
       7528.6300      0.70413826      0.91862420
       7532.7900      0.80723757      0.91887241
       7536.9500      0.71429263      0.91916115
       7541.1100      0.74827169      0.91951311
       7545.2600      0.58165597      0.92004315
       7549.4200      0.66101632      0.92167075
       7553.5800      0.75470227      0.92911193
       7557.7400      0.86524693      0.95822564
       7561.9000      0.97581138       1.0447186
       7566.0600      0.48294890       1.2478789
       7570.2200      0.21665641       1.6401801
       7574.3800      0.13128985       2.2039565
       7578.5300      0.29168609       2.5751635
       7582.6900      0.54572101       2.3758166
       7586.8500      0.57838076       1.9426892
       7591.0100      0.56303707       1.6593206
       7595.1700      0.36858811       1.5832950
       7599.3300      0.40236708       1.6410079
       7603.4900      0.39599916       1.7129135
       7607.6500      0.50244624       1.7073925
       7611.8000      0.29076257       1.6263514
       7615.9600      0.11391442       1.5136825
       7620.1200      0.39483267       1.4001284
       7624.2800      0.67458991       1.2987490
       7628.4400      0.84029531       1.2137947
       7632.6000      0.70205594       1.1454247
       7636.7600      0.35860966       1.0916270
       7640.9200      0.29788359       1.0496577
       7645.0700      0.36316351       1.0172565
       7649.2300      0.39170038      0.99253061
       7653.3900      0.59740974      0.97405118
       7657.5500      0.91391552      0.96040524
       7661.7100       1.0244877      0.95032396
       7665.8700       1.2367628      0.94270722
       7670.0300      0.90464400      0.93676776
       7674.1900      0.42378293      0.93211117
       7678.3400    -0.033153173      0.92865070
       7682.5000    -0.065996306      0.92634018
       7686.6600      0.43496416      0.92503038
       7690.8200       1.4779454      0.92439917
       7694.9800       2.2468226      0.92409879
       7699.1400       2.4406746      0.92389305
       7703.3000       2.1173644      0.92368599
       7707.4500       1.8431659      0.92347004
       7711.6100       1.4665443      0.92325265
       7715.7700       1.0584777      0.92303977
       7719.9300      0.85413277      0.92286037
       7724.0900       1.2092440      0.92275916
       7728.2500       1.7206671      0.92273368
       7732.4100       1.6701372      0.92273377
       7736.5700       1.1382097      0.92272521
       7740.7200      0.78333260      0.92271286
       7744.8800      0.42438981      0.92268659
       7749.0400      0.43681230      0.92263637
       7753.2000      0.73586569      0.92256728
       7757.3600       1.4106711      0.92250943
       7761.5200       1.6534148      0.92246381
       7765.6800       1.6168477      0.92240513
       7769.8300       1.3967413      0.92233173
       7773.9900       1.0023990      0.92224445
       7778.1500      0.76280619      0.92214828
       7782.3100      0.64749549      0.92204888
       7786.4700      0.22718567      0.92194322
       7790.6300      0.40917367      0.92183306
       7794.7900      0.74062074      0.92172114
       7798.9500      0.85854479      0.92159899
       7803.1000      0.73810414      0.92146737
       7807.2600      0.67552003      0.92131182
       7811.4200      0.40968050      0.92109434
       7815.5800      0.33054664      0.92077964
       7819.7400     0.056723910      0.92040296
       7823.9000      0.37332886      0.92014568
       7828.0600       1.0718523      0.92022395
       7832.2200       1.2350697      0.92072297
       7836.3700       1.0496878      0.92150224
       7840.5300      0.61784599      0.92225192
       7844.6900      0.48942236      0.92278675
       7848.8500      0.47203703      0.92317185
       7853.0100      0.45035512      0.92371409
       7857.1700      0.71690048      0.92485143
       7861.3300       1.2314416      0.92660447
       7865.4800       1.0325850      0.92817796
       7869.6400      0.57539360      0.92866726
       7873.8000     -0.18861757      0.92802720
       7877.9600     -0.57219865      0.92692553
       7882.1200     -0.29943159      0.92591506
       7886.2800      0.40837658      0.92521066
       7890.4400       1.2758037      0.92480371
       7894.6000       1.6535468      0.92436214
       7898.7500       1.4718545      0.92329747
       7902.9100       1.1899380      0.92130084
       7907.0700       1.2630723      0.91889399
       7911.2300       1.3666938      0.91712970
       7915.3900       1.4119574      0.91666173
       7919.5500       1.3302366      0.91753979
       7923.7100       1.2264062      0.91967992
       7927.8700      0.80182396      0.92270667
       7932.0200      0.51563283      0.92526958
       7936.1800      0.51635406      0.92566688
       7940.3400      0.53625929      0.92370483
       7944.5000       1.0519746      0.92093257
       7948.6600       1.0346145      0.91887355
       7952.8200      0.97302432      0.91789534
       7956.9800      0.92959783      0.91754106
       7961.1400      0.94289766      0.91747888
       7965.2900      0.99657307      0.91789437
       7969.4500      0.93664629      0.91887725
       7973.6100      0.83951031      0.91995177
       7977.7700       1.0227297      0.92052562
       7981.9300       1.5728704      0.92034112
       7986.0900       2.1929614      0.91957222
       7990.2500       2.2015480      0.91875877
       7994.4000       1.8069726      0.91826500
       7998.5600       1.5426580      0.91787417
       8002.7200       1.4271956      0.91729076
       8006.8800       1.0307236      0.91655212
       8011.0400      0.74611790      0.91567329
       8015.2000      0.94289217      0.91436897
       8019.3600       1.1967215      0.91251711
       8023.5200       1.3152513      0.91061675
       8027.6700       1.8584920      0.90932192
       8031.8300       2.3243546      0.90871989
       8035.9900       2.4375302      0.90842288
       8040.1500       2.3616254      0.90810658
       8044.3100       2.2256696      0.90781804
       8048.4700       1.7632921      0.90778448
       8052.6300       1.5433946      0.90811292
       8056.7900       1.5920005      0.90868589
       8060.9400       1.7238885      0.90935748
       8065.1000       1.9177075      0.91006972
       8069.2600       1.9676547      0.91080200
       8073.4200       1.7786842      0.91175464
       8077.5800       1.6543933      0.91328836
       8081.7400       1.3690796      0.91536010
       8085.9000       1.0360196      0.91767718
       8090.0500      0.88127226      0.92062699
       8094.2100      0.84707771      0.92550978
       8098.3700      0.68001011      0.93337583
       8102.5300      0.76700602      0.94345128
       8106.6900      0.96066670      0.95324135
       8110.8500       1.2584656      0.96144418
       8115.0100       1.4829698      0.96931813
       8119.1700       1.3807006      0.97809403
       8123.3200       1.0664783      0.98764269
       8127.4800      0.92046484      0.99779860
       8131.6400      0.69908307       1.0067823
       8135.8000      0.61336360       1.0099955
       8139.9600      0.63434298       1.0057321
       8144.1200      0.57360262      0.99883774
       8148.2800      0.91409693      0.99323083
       8152.4400       1.0446743      0.98727755
       8156.5900      0.91988214      0.97993614
       8160.7500      0.65068824      0.97297023
       8164.9100      0.56449492      0.96584283
       8169.0700      0.60913189      0.95503178
       8173.2300      0.71571529      0.93994910
       8177.3900      0.67504068      0.92602119
       8181.5500      0.92723625      0.92029638
       8185.7100       1.2466907      0.92713607
       8189.8600       1.5396565      0.94862866
       8194.0200       1.6581534      0.98219097
       8198.1800       1.7123334       1.0121069
       8202.3400       1.7469876       1.0156342
       8206.5000       1.5143806      0.98998498
       8210.6600       1.1643542      0.95589374
       8214.8200      0.95058490      0.93069747
       8218.9700      0.92803773      0.91814564
       8223.1300       1.0842209      0.91517014
       8227.2900       1.0993854      0.91625580
       8231.4500      0.92474273      0.91632386
       8235.6100      0.60741347      0.91595756
       8239.7700      0.84886868      0.91995541
       8243.9300      0.82830489      0.92910893
       8248.0900      0.76671797      0.93766489
       8252.2400      0.73920687      0.94044152
       8256.4000      0.24315273      0.93803177
       8260.5600      0.25548397      0.93327171
       8264.7200      0.52947139      0.92765842
       8268.8800      0.78158340      0.92207229
       8273.0400      0.91129337      0.91721875
       8277.2000       1.0120135      0.91338763
       8281.3500       1.2659528      0.91153654
       8285.5100       1.2776507      0.91222887
       8289.6700       1.3757971      0.91296924
       8293.8300       1.6747548      0.91030728
       8297.9900       1.6883328      0.90473410
       8302.1500       1.2940982      0.89941164
       8306.3100      0.93999516      0.89531529
       8310.4700       1.0767789      0.89112687
       8314.6200       1.4492282      0.88655795
       8318.7800       1.4111438      0.88301340
       8322.9400       1.6493030      0.88131241
       8327.1000       1.8348762      0.88046564
       8331.2600       1.9264809      0.87907685
       8335.4200       2.0127644      0.87684442
       8339.5800       1.7992876      0.87440679
       8343.7400       1.3475527      0.87219513
       8347.8900       1.3800409      0.87005423
       8352.0500       1.3200998      0.86777761
       8356.2100       1.2284951      0.86552754
       8360.3700      0.68866265      0.86354053
       8364.5300       1.5583909      0.86198261
       8368.6900       1.9264699      0.86093490
       8372.8500       1.7766502      0.86031448
       8377.0100       1.7548485      0.85976092
       8381.1600       1.7481310      0.85880337
       8385.3200       1.5013743      0.85723755
       8389.4800       1.2079797      0.85531487
       8393.6400       1.0501726      0.85357448
       8397.8000      0.81053586      0.85241725
       8401.9600      0.91275782      0.85174566
       8406.1200      0.89071309      0.85102282
       8410.2800      0.71308985      0.84979752
       8414.4300      0.92231848      0.84811658
       8418.5900       1.4878733      0.84638162
       8422.7500       2.0765975      0.84496297
       8426.9100       2.3354479      0.84392368
       8431.0700       2.4252386      0.84305790
       8435.2300       2.0391178      0.84213676
       8439.3900       1.9885769      0.84112257
       8443.5400       1.8692775      0.84014265
       8447.7000       1.3568539      0.83928055
       8451.8600       1.1436079      0.83850803
       8456.0200       1.3615814      0.83783523
       8460.1800       1.5860416      0.83732760
       8464.3400       1.7257355      0.83691599
       8468.5000       1.5838977      0.83629854
       8472.6600       1.4445336      0.83529755
       8476.8100       1.3895180      0.83411085
       8480.9700       1.1768218      0.83294412
       8485.1300       1.5169203      0.83167251
       8489.2900       1.5818748      0.83012064
       8493.4500       1.5318286      0.82848011
       8497.6100       1.8588878      0.82715938
       8501.7700       2.6018405      0.82642455
       8505.9200       3.4379480      0.82613150
       8510.0800       4.3493997      0.82572285
       8514.2400       4.7762984      0.82466058
       8518.4000       5.4632020      0.82298235
       8522.5600       5.9942939      0.82113701
       8526.7200       6.9847839      0.81943826
       8530.8800       7.9112648      0.81791042
       8535.0400       7.8157461      0.81653907
       8539.2000       7.5575993      0.81530696
       8543.3500       7.3711795      0.81411175
       8547.5100       6.5272769      0.81286562
       8551.6700       5.5160627      0.81159101
       8555.8300       4.5663947      0.81034491
       8559.9900       3.9471833      0.80912678
       8564.1500       3.3703109      0.80791747
       8568.3100       2.4579797      0.80674468
       8572.4600       1.7748472      0.80565355
       8576.6200       1.1710168      0.80462245
       8580.7800      0.85333128      0.80354742
       8584.9400      0.76422886      0.80234418
       8589.1000       1.2632152      0.80102338
       8593.2600       1.8568868      0.79966294
       8597.4200       2.2591583      0.79832817
       8601.5800       2.0101698      0.79704554
       8605.7300       1.6988654      0.79581149
       8609.8900       1.1767668      0.79461879
       8614.0500      0.27388847      0.79350607
       8618.2100      0.21826817      0.79256937
       8622.3700      0.42407758      0.79193461
       8626.5300      0.44492282      0.79152164
       8630.6900       1.3212212      0.79093532
       8634.8400       2.7497801      0.78975567
       8639.0000       4.3750495      0.78801442
       8643.1600       5.8683100      0.78612395
       8647.3200       6.5619200      0.78443984
       8651.4800       6.1877831      0.78305504
       8655.6400       5.2918444      0.78183214
       8659.8000       4.3747966      0.78051619
       8663.9600       3.6501935      0.77897351
       8668.1100       3.1444984      0.77732805
       8672.2700       2.9370575      0.77577431
       8676.4300       3.0296627      0.77436469
       8680.5900       3.1305246      0.77303425
       8684.7500       3.2378073      0.77170330
       8688.9100       3.2616430      0.77035779
       8693.0700       2.8523022      0.76902942
       8697.2300       2.5189652      0.76774883
       8701.3800       2.7514842      0.76649753
       8705.5400       3.0582479      0.76521289
       8709.7000       3.4211047      0.76386895
       8713.8600       3.8694644      0.76249335
       8718.0200       4.9382778      0.76114808
       8722.1800       5.2547935      0.75985310
       8726.3400       5.1794054      0.75855082
       8730.5000       4.2710981      0.75717406
       8734.6500       2.8898918      0.75572060
       8738.8100       1.4897093      0.75423642
       8742.9700      0.61856942      0.75277800
       8747.1300      0.26463785      0.75136914
       8751.2900      0.87944171      0.75001701
       8755.4500      0.93828994      0.74871980
       8759.6100       1.1104820      0.74748473
       8763.7600       1.0702274      0.74632181
       8767.9200      0.83128106      0.74520713
       8772.0800      0.79974823      0.74405018
       8776.2400      0.74518119      0.74272341
       8780.4000      0.34113967      0.74122378
       8784.5600     -0.10291229      0.73969197
       8788.7200     0.037319803      0.73824062
       8792.8800     -0.69312085      0.73679393
       8797.0300    -0.087602247      0.73522495
       8801.1900      0.77289349      0.73351579
       8805.3500      0.99342319      0.73178408
       8809.5100       1.4936673      0.73014757
       8813.6700       1.7645345      0.72869173
       8817.8300       1.7194358      0.72745720
       8821.9900       1.7311447      0.72636144
       8826.1400       1.0421698      0.72521043
       8830.3000      0.83652096      0.72382571
       8834.4600      0.97608404      0.72224901
       8838.6200      0.55667466      0.72067703
       8842.7800      0.60261665      0.71923037
       8846.9400      0.43138111      0.71777805
       8851.1000      0.57105304      0.71610003
       8855.2600       1.1357799      0.71422443
       8859.4200       1.3741040      0.71242184
       8863.5700       2.0553564      0.71085677
       8867.7300       2.3753243      0.70939828
       8871.8900       1.6772286      0.70792992
       8876.0500      0.38859449      0.70654352
       8880.2100    -0.056849466      0.70547808
       8884.3700     -0.16723141      0.70494627
       8888.5300      0.45167554      0.70515075
       8892.6800      0.86347795      0.70617294
       8896.8400      0.96526562      0.70767989
       8901.0000       1.3606249      0.70912764
       8905.1600       1.5076191      0.71068541
       8909.3200       1.7226351      0.71351998
       8913.4800       2.1244668      0.71873095
       8917.6400       2.2576960      0.72628313
       8921.8000       2.3890453      0.73522255
       8925.9500       2.4638726      0.74451850
       8930.1100       1.7072541      0.75307565
       8934.2700      0.97533423      0.75908222
       8938.4300      0.43702779      0.76144362
       8942.5900     0.096407494      0.76227704
       8946.7500   -0.0073992260      0.76668261
       8950.9100   -0.0064627622      0.77780194
       8955.0700      0.29713598      0.79099687
       8959.2200       1.1953472      0.79625716
       8963.3800       1.4190598      0.79013043
       8967.5400       1.8508729      0.77955874
       8971.7000       1.8928163      0.77118594
       8975.8600      0.88298848      0.76522045
       8980.0200       1.0089472      0.75975682
       8984.1800      0.74850477      0.75387439
       8988.3300      0.47971657      0.74623886
       8992.4900      0.62657988      0.73466931
       8996.6500      0.71201570      0.71876192
       9000.8100      0.69773187      0.70160759
       9004.9700      0.88604490      0.68774215
       9009.1300       1.5975087      0.67943155
       9013.2900       1.7842363      0.67590634
       9017.4500       1.6317450      0.67557070
       9021.6000       2.0157219      0.67802565
       9025.7600       1.5381393      0.68392780
       9029.9200       1.2665135      0.69346667
       9034.0800      0.85154690      0.70506643
       9038.2400      0.60427130      0.71551976
       9042.4000      0.74584634      0.72193394
       9046.5600      0.83233981      0.72361743
       9050.7100      0.71575377      0.72166716
       9054.8700      0.74171907      0.71760309
       9059.0300       1.1626721      0.71310392
       9063.1900       1.5977396      0.70946749
       9067.3500       1.6510291      0.70624570
       9071.5100       1.7639188      0.70148107
       9075.6700       1.8161309      0.69443510
       9079.8300       1.1997889      0.68732817
       9083.9900       1.0978990      0.68332804
       9088.1400       1.6433111      0.68419357
       9092.3000       1.5642069      0.69008363
       9096.4600       1.1068319      0.69856266
       9100.6200       1.0931538      0.70325965
       9104.7800      0.95808083      0.69874711
       9108.9400      0.70550596      0.68844587
       9113.1000      0.72177536      0.68189454
       9117.2500      0.91070847      0.68318532
       9121.4100       1.2956924      0.68620148
       9125.5700       1.2900413      0.68273706
       9129.7300      0.97642486      0.67372894
       9133.8900      0.59829918      0.66712400
       9138.0500      0.65845794      0.66650910
       9142.2100       1.0680208      0.66695967
       9146.3700      0.63325894      0.66175684
       9150.5200      0.67907780      0.65035482
       9154.6800      0.71492700      0.63724187
       9158.8400      0.64166740      0.62591883
       9163.0000      0.64403888      0.61663301
       9167.1600      0.68419895      0.60892518
       9171.3200      0.74630701      0.60361936
       9175.4800      0.75377875      0.60145894
       9179.6300      0.89834096      0.60114895
       9183.7900      0.99058446      0.60006744
       9187.9500       1.1360328      0.59701701
       9192.1100       1.0634252      0.59335662
       9196.2700      0.99091429      0.59117879
       9200.4300      0.88150974      0.59109304
       9204.5900       1.1563283      0.59192422
       9208.7500       1.2365429      0.59190447
       9212.9000       1.2288469      0.58993680
       9217.0600       1.3264216      0.58615241
       9221.2200       1.3675843      0.58165134
       9225.3800      0.99413343      0.57770329
       9229.5400      0.84839593      0.57549111
       9233.7000       1.3097432      0.57660188
       9237.8600       1.0807753      0.58278729
       9242.0200      0.67829500      0.59420312
       9246.1700      0.81961388      0.60831271
       9250.3300      0.83564471      0.62200166
       9254.4900      0.68447601      0.63469451
       9258.6500      0.29987466      0.64881989
       9262.8100      0.34053828      0.66655338
       9266.9700      0.42198645      0.68795751
       9271.1300      0.58702120      0.71296829
       9275.2900      0.95175469      0.74341649
       9279.4400       1.2613571      0.78075299
       9283.6000       1.0156603      0.82207029
       9287.7600      0.61126259      0.85977842
       9291.9200      0.71996790      0.88999918
       9296.0800      0.56988104      0.91906867
       9300.2400      0.13764897      0.95557796
       9304.4000     0.034304279      0.99390356
       9308.5500      0.24128590       1.0113888
       9312.7100      0.14600686      0.99468163
       9316.8700      0.19449074      0.95987576
       9321.0300      0.10740270      0.92944610
       9325.1900      0.56713466      0.90974157
       9329.3500       1.2745613      0.89834683
       9333.5100       1.8954220      0.89341271
       9337.6700       1.8295659      0.88917238
       9341.8200       1.1013347      0.87311749
       9345.9800      0.75299266      0.83404721
       9350.1400      0.48554026      0.77329898
       9354.3000      0.63561942      0.70696995
       9358.4600      0.55523660      0.65422773
       9362.6200      0.29139474      0.62460621
       9366.7800      0.28741589      0.61604372
       9370.9300      0.83650556      0.61981831
       9375.0900       1.2330028      0.62691609
       9379.2500       1.0873873      0.63357552
       9383.4100      0.96335151      0.64264728
       9387.5700      0.68141519      0.65851645
       9391.7300      0.63888693      0.68011448
       9395.8900      0.42493843      0.70068081
       9400.0500      0.30189982      0.71535398
       9404.2100      0.20064757      0.72324658
       9408.3600      0.44402129      0.72139823
       9412.5200      0.80660649      0.70902263
       9416.6800      0.50566538      0.69534838
       9420.8400      0.70431198      0.68943363
       9425.0000      0.70293439      0.68772041
       9429.1600       1.2417762      0.68017444
       9433.3200       1.6133515      0.66550313
       9437.4700       1.6299969      0.65156233
       9441.6300      0.69530652      0.64280088
       9445.7900      0.47142904      0.63596651
       9449.9500      0.34359690      0.62804629
       9454.1100      0.47083645      0.62382858
       9458.2700      0.52663815      0.62871498
       9462.4300     0.070028805      0.63544980
       9466.5800      0.17948239      0.62712518
       9470.7400      0.44177734      0.60093310
       9474.9000      0.51020713      0.57587684
       9479.0600      0.58403624      0.56906176
       9483.2200      0.58036523      0.57976572
       9487.3800      0.83163398      0.59188766
       9491.5400       1.0188091      0.58898167
       9495.7000      0.51352522      0.57124012
       9499.8600      0.51779432      0.55177837
       9504.0100      0.86709178      0.54046889
       9508.1700      0.66165179      0.53806776
       9512.3300      0.47521439      0.54032660
       9516.4900      0.26697744      0.54308391
       9520.6500       1.2106183      0.54394201
       9524.8100       1.1485334      0.54088515
       9528.9700      0.63507190      0.53177696
       9533.1200      0.43806126      0.51650640
       9537.2800      0.53223427      0.49916542
       9541.4400      0.61217402      0.48676931
       9545.6000      0.28947293      0.48396236
       9549.7600      0.23757641      0.48933493
       9553.9200      0.83916949      0.49578988
       9558.0800      0.40078719      0.49498091
       9562.2400      0.17405009      0.48407611
       9566.3900      0.45326202      0.46769634
       9570.5500      0.79096596      0.45222649
       9574.7100      0.61803619      0.44118099
       9578.8700      0.47565196      0.43497089
       9583.0300      0.43855820      0.43182968
       9587.1900      0.51900809      0.42834776
       9591.3500      0.57158846      0.42201694
       9595.5000      0.58510269      0.41417837
       9599.6600      0.59867408      0.40809317
       9603.8200      0.44681165      0.40446774
       9607.9800      0.47564097      0.40059790
       9612.1400      0.49913365      0.39416115
       9616.3000      0.36767558      0.38620343
       9620.4600      0.28813052      0.37943667
       9624.6200      0.52615770      0.37449896
       9628.7800      0.71813844      0.36891714
       9632.9300      0.57195347      0.36002016
       9637.0900      0.61671577      0.34818213
       9641.2500       1.0446414      0.33634350
       9645.4100      0.80966401      0.32666496
       9649.5700      0.73700581      0.31928394
       9653.7300      0.57758257      0.31355211
       9657.8900      0.65078829      0.30913342
       9662.0400      0.91938740      0.30575214
       9666.2000      0.41754255      0.30277998
       9670.3600      0.49132767      0.29974982
       9674.5200      0.73091605      0.29683352
       9678.6800      0.63874731      0.29449751
       9682.8400      0.32943071      0.29288894
       9687.0000      0.52145323      0.29183409
       9691.1600      0.62883812      0.29119814
       9695.3100      0.39293175      0.29089069
       9699.4700      0.57770680      0.29052470
       9703.6300      0.64142992      0.28943064
       9707.7900      0.59614209      0.28727827
       9711.9500      0.81003012      0.28446240
       9716.1100      0.86234223      0.28153883
       9720.2700      0.92326510      0.27838692
       9724.4200      0.55826444      0.27423207
       9728.5800      0.78160649      0.26857933
       9732.7400      0.64508664      0.26210958
       9736.9000      0.61389353      0.25624910
       9741.0600      0.35527288      0.25194301
       9745.2200      0.32433264      0.24902330
       9749.3800      0.18165047      0.24667158
       9753.5400      0.27179186      0.24416766
       9757.6900      0.26982827      0.24109430
       9761.8500      0.29239193      0.23714919
       9766.0100      0.20797309      0.23225062
       9770.1700      0.26086130      0.22674401
       9774.3300      0.41983157      0.22136530
       9778.4900      0.34276353      0.21678632
       9782.6500      0.22006685      0.21317301
       9786.8100     0.049468424      0.21011373
       9790.9600     0.093077422      0.20698353
       9795.1200      0.21708518      0.20340620
       9799.2800      0.14809688      0.19953112
       9803.4400      0.40254299      0.19574593
       9807.6000      0.74422028      0.19221547
       9811.7600      0.28940257      0.18873947
       9815.9200      0.41688399      0.18505147
       9820.0800      0.71029619      0.18116403
       9824.2300      0.51489072      0.17736475
       9828.3900      0.37309248      0.17387517
       9832.5500      0.18256080      0.17068800
       9836.7100      0.16825718      0.16757996
       9840.8700      0.38102599      0.16434055
       9845.0300      0.52814548      0.16094522
       9849.1900      0.73492898      0.15752739
       9853.3400      0.52839945      0.15423296
       9857.5000      0.41061832      0.15106885
       9861.6600      0.33838010      0.14795637
       9865.8200      0.33728836      0.14479419
       9869.9800      0.32402150      0.14154892
       9874.1400      0.15144026      0.13826608
       9878.3000    -0.051598135      0.13501108
       9882.4600   -0.0063317318      0.13181559
       9886.6100     -0.12001737      0.12866452
       9890.7700      0.10227330      0.12548682
       9894.9300      0.39446106      0.12224566
       9899.0900      0.39864220      0.11894319
       9903.2500      0.32504068      0.11562044
       9907.4100      0.36750847      0.11231790
       9911.5700      0.50298166      0.10904769
       9915.7200      0.47633911      0.10580624
       9919.8800      0.42603457      0.10256246
       9924.0400      0.40659000     0.099316770
       9928.2000      0.27416443     0.096069032
       9932.3600      0.40314218     0.092818741
       9936.5200      0.58067417     0.089563636
       9940.6800      0.49530652     0.086301112
       9944.8400      0.36196183     0.083032297
       9949.0000      0.37222393     0.079758961
       9953.1500      0.29105502     0.076488615
       9957.3100      0.32588394     0.073200943
       9961.4700      0.46466533     0.069901619
       9965.6300      0.41677404     0.066596458
       9969.7900      0.38153173     0.063297879
       9973.9500      0.35115880     0.060010787
       9978.1100      0.34004354     0.056721149
       9982.2600      0.29930956     0.053411662
       9986.4200      0.35129293     0.050052682
       9990.5800      0.18186376     0.046663775
       9994.7400      0.13458375     0.043268345
       9998.9000      0.17598179     0.039880874
       10003.100      0.21782180     0.039197580
       10007.200      0.16541954     0.039195364
       10011.400      0.24412573     0.039191824
       10015.500      0.27066494     0.039186324
       10019.700      0.22301003     0.039179280
       10023.900      0.25350279     0.039172967
       10028.000      0.24465786     0.039169988
       10032.200      0.19433242     0.039173309
       10036.300      0.24223801     0.039183657
       10040.500      0.32274946     0.039200901
       10044.600      0.24364528     0.039222767
       10048.800      0.20424821     0.039247473
       10053.000      0.20856898     0.039267618
       10057.100      0.20403822     0.039273569
       10061.300      0.13745877     0.039260039
       10065.400      0.13306654     0.039232514
       10069.600      0.18765667     0.039202198
       10073.800      0.22329918     0.039181082
       10077.900      0.20242975     0.039171873
       10082.100      0.24318682     0.039168471
       10086.200      0.20270131     0.039164425
       10090.400     0.083858679     0.039157501
       10094.500     0.055656361     0.039150867
       10098.700     0.051529531     0.039147992
       10102.900      0.11015656     0.039150268
       10107.000     0.050436585     0.039154945
       10111.200      0.11317780     0.039159015
       10115.300     0.085179867     0.039159956
       10119.500     0.042269559     0.039157695
       10123.700     0.070547188     0.039154339
       10127.800     0.018842737     0.039151992
       10132.000     0.042308369     0.039150649
       10136.100     0.056173864     0.039149716
       10140.300      0.11973262     0.039150289
       10144.500      0.14204011     0.039155869
       10148.600      0.13141629     0.039167368
       10152.800     0.059959211     0.039180342
       10156.900     0.066553718     0.039186078
       10161.100      0.14960201     0.039181251
       10165.200      0.16865847     0.039170730
       10169.400     0.084088900     0.039161667
       10173.600      0.14238863     0.039158680
       10177.700      0.15464950     0.039160195
       10181.900      0.15184375     0.039164471
       10186.000     0.097352016     0.039172014
       10190.200      0.12160275     0.039184417
       10194.400      0.15348080     0.039198178
       10198.500      0.13145697     0.039205297
