# data from http://adsabs.harvard.edu/abs/2006MNRAS.370.1752P
# original filename = 2005cs_20050630_4641_8075_00.dat
# via WISEREP
# de-redshifted assuming z=   0.00200000
# flux divided by   3.93663e-15
# observation JD =        2453551.5
# phase in rest-frame days relative to JD =        2453549.0
# type is SNII
# phase is       2.50000
# WARNING: fake error spectrum!

       4632.2400       0.0000000     0.062640220
       4635.5000   -0.0019143500     0.062377617
       4638.7600   0.00062843300     0.062115692
       4642.0300  -0.00014978100     0.061853642
       4645.2900   3.9927300e-05     0.061593071
       4648.5600    0.0017397000     0.061332379
       4651.8200   7.8836000e-05     0.061073159
       4655.0800   2.0455600e-05     0.060814614
       4658.3500  -0.00022224400     0.060555951
       4661.6100  -0.00023710600     0.060298754
       4664.8700     0.017207300     0.060042228
       4668.1400     -0.10801300     0.059785590
       4671.4000      0.69474100     0.059530408
       4674.6700       1.8909000     0.059275117
       4677.9300       2.1119900     0.059021277
       4681.1900       2.0591900     0.058768105
       4684.4600       2.0616900     0.058514828
       4687.7200       2.0413400     0.058262994
       4690.9900       2.0340700     0.058011057
       4694.2500       2.0306000     0.057760558
       4697.5100       2.0161300     0.057510725
       4700.7800       2.0057300     0.057260793
       4704.0400       1.9877500     0.057012290
       4707.3100       1.9836600     0.056763692
       4710.5700       1.9696900     0.056516517
       4713.8300       1.9501900     0.056270005
       4717.1000       1.9286900     0.056023402
       4720.3600       1.9199600     0.055778214
       4723.6200       1.9127200     0.055533687
       4726.8900       1.8955300     0.055289073
       4730.1500       1.8797500     0.055045866
       4733.4200       1.8701000     0.054802575
       4736.6800       1.8571300     0.054560686
       4739.9400       1.8476700     0.054319454
       4743.2100       1.8564000     0.054078142
       4746.4700       1.8470600     0.053838225
       4749.7400       1.8413100     0.053598229
       4753.0000       1.8404700     0.053359623
       4756.2600       1.8346200     0.053121671
       4759.5300       1.8474600     0.052883645
       4762.7900       1.8690000     0.052647001
       4766.0600       1.8681900     0.052410285
       4769.3200       1.8698000     0.052174945
       4772.5800       1.9045100     0.051940256
       4775.8500       1.9343400     0.051705500
       4779.1100       1.9486400     0.051472112
       4782.3800       1.9722200     0.051238660
       4785.6400       1.9989100     0.051006571
       4788.9000       2.0253900     0.050775128
       4792.1700       2.0613300     0.050543626
       4795.4300       2.0755200     0.050313478
       4798.6900       2.0639800     0.050083976
       4801.9600       2.0907900     0.049854417
       4805.2200       2.1032400     0.049626206
       4808.4900       2.1202700     0.049397941
       4811.7500       2.1112800     0.049171017
       4815.0100       2.1278500     0.048944736
       4818.2800       2.1337100     0.048718405
       4821.5400       2.1412500     0.048493407
       4824.8100       2.1511900     0.048268363
       4828.0700       2.1597300     0.048044648
       4831.3300       2.1559100     0.047821571
       4834.6000       2.1825200     0.047598451
       4837.8600       2.1902800     0.047376652
       4841.1300       2.1891300     0.047154812
       4844.3900       2.1800100     0.046934288
       4847.6500       2.1798200     0.046714400
       4850.9200       2.1658200     0.046494475
       4854.1800       2.1556800     0.046275858
       4857.4400       2.1725200     0.046057874
       4860.7100       2.1690100     0.045839858
       4863.9700       2.1508700     0.045623142
       4867.2400       2.1246700     0.045406395
       4870.5000       2.1075900     0.045190944
       4873.7600       2.1019100     0.044976123
       4877.0300       2.0869500     0.044761275
       4880.2900       2.0713300     0.044547715
       4883.5600       2.0574500     0.044334131
       4886.8200       2.0291600     0.044121829
       4890.0800       2.0128500     0.043910154
       4893.3500       1.9989500     0.043698459
       4896.6100       1.9858500     0.043488038
       4899.8800       1.9798500     0.043277600
       4903.1400       1.9740900     0.043068431
       4906.4000       1.9531600     0.042859886
       4909.6700       1.9308500     0.042651327
       4912.9300       1.9331200     0.042444030
       4916.2000       1.9318200     0.042236721
       4919.4600       1.9266800     0.042030669
       4922.7200       1.9338600     0.041825237
       4925.9900       1.9464800     0.041619799
       4929.2500       1.9417800     0.041415608
       4932.5200       1.9193600     0.041211413
       4935.7800       1.9105700     0.041008462
       4939.0400       1.9113000     0.040806128
       4942.3100       1.9076400     0.040603792
       4945.5700       1.9122300     0.040402693
       4948.8300       1.9074100     0.040202209
       4952.1000       1.8925500     0.040001728
       4955.3600       1.8854300     0.039802475
       4958.6300       1.8760900     0.039603227
       4961.8900       1.8761600     0.039405202
       4965.1500       1.8871500     0.039207790
       4968.4200       1.8774000     0.039010386
       4971.6800       1.8647500     0.038814198
       4974.9500       1.8699800     0.038618021
       4978.2100       1.8732500     0.038423054
       4981.4700       1.8616200     0.038228697
       4984.7400       1.8645900     0.038034355
       4988.0000       1.8597500     0.037841215
       4991.2700       1.8580700     0.037648039
       4994.5300       1.8405400     0.037456678
       4997.7900       1.8426300     0.037264770
       5001.0600       1.8250700     0.037072907
       5004.3200       1.8305800     0.036882891
       5007.5800       1.8224100     0.036693719
       5010.8500       1.8132300     0.036504681
       5014.1100       1.7936000     0.036316457
       5017.3800       1.7875900     0.036128361
       5020.6400       1.7672800     0.035941373
       5023.9000       1.7640700     0.035754860
       5027.1700       1.7621700     0.035568236
       5030.4300       1.7567400     0.035382192
       5033.7000       1.7495500     0.035196664
       5036.9600       1.7252700     0.035012785
       5040.2200       1.7144800     0.034829815
       5043.4900       1.7268600     0.034646753
       5046.7500       1.7251400     0.034464262
       5050.0200       1.7272200     0.034281671
       5053.2800       1.7288400     0.034100491
       5056.5400       1.7217800     0.033920341
       5059.8100       1.7239600     0.033740098
       5063.0700       1.7223100     0.033560400
       5066.3300       1.7227900     0.033381091
       5069.6000       1.7206100     0.033202026
       5072.8600       1.7153800     0.033024788
       5076.1300       1.7244200     0.032847928
       5079.3900       1.7277700     0.032671834
       5082.6500       1.7276700     0.032495946
       5085.9200       1.7258400     0.032319894
       5089.1800       1.7270300     0.032145219
       5092.4500       1.7272400     0.031970764
       5095.7100       1.7180500     0.031797284
       5098.9700       1.7093900     0.031624602
       5102.2400       1.7066400     0.031451889
       5105.5000       1.6993000     0.031280221
       5108.7700       1.7062200     0.031108795
       5112.0300       1.7091400     0.030938209
       5115.2900       1.7087100     0.030767998
       5118.5600       1.7066200     0.030598033
       5121.8200       1.6988400     0.030429138
       5125.0900       1.6900700     0.030260551
       5128.3500       1.6888500     0.030093256
       5131.6100       1.6853400     0.029926404
       5134.8800       1.6754100     0.029759280
       5138.1400       1.6741400     0.029593399
       5141.4000       1.6857600     0.029428217
       5144.6700       1.6768000     0.029262827
       5147.9300       1.6801200     0.029098512
       5151.2000       1.6724400     0.028934626
       5154.4600       1.6644800     0.028771887
       5157.7200       1.6529300     0.028609350
       5160.9900       1.6467300     0.028446693
       5164.2500       1.6516200     0.028285498
       5167.5200       1.6391100     0.028124620
       5170.7800       1.6327600     0.027964535
       5174.0400       1.6448200     0.027805128
       5177.3100       1.6467800     0.027645721
       5180.5700       1.6329900     0.027487106
       5183.8400       1.6332700     0.027328532
       5187.1000       1.6427400     0.027171157
       5190.3600       1.6337200     0.027014716
       5193.6300       1.6333800     0.026858320
       5196.8900       1.6359700     0.026702861
       5200.1500       1.6238600     0.026547798
       5203.4200       1.6005600     0.026392825
       5206.6800       1.5979000     0.026238949
       5209.9500       1.6052800     0.026085190
       5213.2100       1.6059600     0.025932487
       5216.4700       1.6058100     0.025780281
       5219.7400       1.5980900     0.025628155
       5223.0000       1.5956700     0.025477118
       5226.2700       1.5897300     0.025326103
       5229.5300       1.5768400     0.025176236
       5232.7900       1.5751100     0.025026916
       5236.0600       1.5768800     0.024877780
       5239.3200       1.5667500     0.024729401
       5242.5900       1.5567600     0.024581208
       5245.8500       1.5632200     0.024434065
       5249.1100       1.5582800     0.024287466
       5252.3800       1.5488600     0.024141120
       5255.6400       1.5441000     0.023995729
       5258.9100       1.5397200     0.023850455
       5262.1700       1.5293000     0.023706018
       5265.4300       1.5170400     0.023562188
       5268.7000       1.5213900     0.023418444
       5271.9600       1.5191600     0.023275826
       5275.2200       1.5237800     0.023133737
       5278.4900       1.5101900     0.022991718
       5281.7500       1.4982200     0.022850559
       5285.0200       1.5048600     0.022709533
       5288.2800       1.4995600     0.022569608
       5291.5400       1.4890000     0.022430203
       5294.8100       1.4920100     0.022290966
       5298.0700       1.4764700     0.022152523
       5301.3400       1.4687800     0.022014361
       5304.6000       1.4840800     0.021877169
       5307.8600       1.4846300     0.021740586
       5311.1300       1.4743800     0.021604079
       5314.3900       1.4590300     0.021468578
       5317.6600       1.4513500     0.021333110
       5320.9200       1.4489200     0.021198599
       5324.1800       1.4443800     0.021064643
       5327.4500       1.4481600     0.020930865
       5330.7100       1.4413000     0.020798038
       5333.9800       1.4329100     0.020665225
       5337.2400       1.4378200     0.020533215
       5340.5000       1.4441100     0.020401985
       5343.7700       1.4379300     0.020271020
       5347.0300       1.4312800     0.020140907
       5350.2900       1.4300000     0.020011327
       5353.5600       1.4281400     0.019881695
       5356.8200       1.4201000     0.019753033
       5360.0900       1.4173400     0.019624645
       5363.3500       1.4096400     0.019497126
       5366.6100       1.4078100     0.019370170
       5369.8800       1.4095000     0.019243331
       5373.1400       1.4049900     0.019117464
       5376.4100       1.4050200     0.018991554
       5379.6700       1.4124400     0.018866671
       5382.9300       1.3964100     0.018742365
       5386.2000       1.3880500     0.018618396
       5389.4600       1.3989800     0.018495312
       5392.7300       1.3929400     0.018372221
       5395.9900       1.3924900     0.018249738
       5399.2500       1.3892800     0.018127806
       5402.5200       1.3814800     0.018006203
       5405.7800       1.3967500     0.017885745
       5409.0400       1.3981100     0.017765784
       5412.3100       1.3889900     0.017645857
       5415.5700       1.3930200     0.017526723
       5418.8400       1.3787600     0.017407726
       5422.1000       1.3774000     0.017289781
       5425.3600       1.3844700     0.017172405
       5428.6300       1.3797000     0.017055153
       5431.8900       1.3705100     0.016938649
       5435.1600       1.3660300     0.016822305
       5438.4200       1.3678500     0.016706824
       5441.6800       1.3698400     0.016592013
       5444.9500       1.3738500     0.016477370
       5448.2100       1.3794500     0.016363535
       5451.4800       1.3729900     0.016249804
       5454.7400       1.3640900     0.016136869
       5458.0000       1.3628200     0.016024410
       5461.2700       1.3565600     0.015912236
       5464.5300       1.3531500     0.015800940
       5467.7900       1.3471100     0.015690265
       5471.0600       1.3412000     0.015579716
       5474.3200       1.3371700     0.015470047
       5477.5900       1.3286400     0.015360467
       5480.8500       1.3257900     0.015251739
       5484.1100       1.3250300     0.015143524
       5487.3800       1.3317300     0.015035546
       5490.6400       1.3254300     0.014928383
       5493.9100       1.3220200     0.014821205
       5497.1700       1.3198100     0.014714841
       5500.4300       1.3096800     0.014609114
       5503.7000       1.3020600     0.014503733
       5506.9600       1.3027600     0.014399098
       5510.2300       1.2973100     0.014294588
       5513.4900       1.3042300     0.014190925
       5516.7500       1.2968100     0.014087770
       5520.0200       1.2813900     0.013984819
       5523.2800       1.2782300     0.013882743
       5526.5500       1.2686800     0.013780770
       5529.8100       1.2666300     0.013679662
       5533.0700       1.2692600     0.013578947
       5536.3400       1.2622600     0.013478428
       5539.6000       1.2479600     0.013378777
       5542.8700       1.2401700     0.013279297
       5546.1300       1.2364100     0.013180612
       5549.3900       1.2333700     0.013082477
       5552.6600       1.2339300     0.012984518
       5555.9200       1.2307400     0.012887372
       5559.1800       1.2273900     0.012790747
       5562.4500       1.2238900     0.012694260
       5565.7100       1.2240700     0.012598568
       5568.9800       1.2235500     0.012503020
       5572.2400       1.2216600     0.012408312
       5575.5000       1.2217600     0.012314117
       5578.7700       1.2220000     0.012220114
       5582.0300       1.2258300     0.012126827
       5585.3000       1.2263900     0.012033766
       5588.5600       1.2294000     0.011941559
       5591.8200       1.2378000     0.011849905
       5595.0900       1.2358100     0.011758286
       5598.3500       1.2365000     0.011667438
       5601.6200       1.2422100     0.011576851
       5604.8800       1.2470900     0.011487024
       5608.1400       1.2493800     0.011397686
       5611.4100       1.2521700     0.011308544
       5614.6700       1.2480100     0.011220213
       5617.9300       1.2552100     0.011132339
       5621.2000       1.2613100     0.011044648
       5624.4600       1.2632300     0.010957730
       5627.7300       1.2658700     0.010871029
       5630.9900       1.2596200     0.010785083
       5634.2500       1.2662400     0.010699627
       5637.5200       1.2778200     0.010614360
       5640.7800       1.2712200     0.010529820
       5644.0500       1.2710700     0.010445457
       5647.3100       1.2823100     0.010361882
       5650.5700       1.2878900     0.010278808
       5653.8400       1.2815900     0.010195949
       5657.1000       1.2788600     0.010113758
       5660.3700       1.2870800     0.010031811
       5663.6300       1.2816300    0.0099506703
       5666.8900       1.2786400    0.0098700541
       5670.1600       1.2838900    0.0097895594
       5673.4200       1.2779500    0.0097096609
       5676.6900       1.2779400    0.0096300057
       5679.9500       1.2744600    0.0095512348
       5683.2100       1.2668300    0.0094729616
       5686.4800       1.2579300    0.0093949320
       5689.7400       1.2421400    0.0093174935
       5693.0000       1.2397300    0.0092404290
       5696.2700       1.2345600    0.0091636586
       5699.5300       1.2301600    0.0090876859
       5702.8000       1.2218200    0.0090119821
       5706.0600       1.2129000    0.0089369252
       5709.3200       1.2049000    0.0088623288
       5712.5900       1.1979500    0.0087879225
       5715.8500       1.1946600    0.0087141208
       5719.1200       1.1951400    0.0086405673
       5722.3800       1.1944800    0.0085678335
       5725.6400       1.1825200    0.0084955474
       5728.9100       1.1763400    0.0084235069
       5732.1700       1.1815500    0.0083520495
       5735.4400       1.1706700    0.0082807855
       5738.7000       1.1676500    0.0082103155
       5741.9600       1.1731400    0.0081403634
       5745.2300       1.1644800    0.0080707089
       5748.4900       1.1554600    0.0080016279
       5751.7500       1.1681200    0.0079329376
       5755.0200       1.1778200    0.0078644830
       5758.2800       1.1718500    0.0077967168
       5761.5500       1.1681900    0.0077292381
       5764.8100       1.1849800    0.0076624523
       5768.0700       1.1940200    0.0075961369
       5771.3400       1.2082100    0.0075300614
       5774.6000       1.2150900    0.0074646267
       5777.8700       1.2395200    0.0073993355
       5781.1300       1.2487900    0.0073347110
       5784.3900       1.2516000    0.0072705675
       5787.6600       1.2569900    0.0072067051
       5790.9200       1.2616700    0.0071434823
       5794.1900       1.2801000    0.0070805252
       5797.4500       1.2829000    0.0070181877
       5800.7100       1.2910700    0.0069563189
       5803.9800       1.2977000    0.0068946993
       5807.2400       1.3022400    0.0068337432
       5810.5000       1.3152700    0.0067731903
       5813.7700       1.3184400    0.0067129068
       5817.0300       1.3295700    0.0066532338
       5820.3000       1.3311100    0.0065938469
       5823.5600       1.3329300    0.0065350759
       5826.8200       1.3442400    0.0064767280
       5830.0900       1.3502900    0.0064186750
       5833.3500       1.3500100    0.0063612406
       5836.6200       1.3631700    0.0063040677
       5839.8800       1.3706400    0.0062474979
       5843.1400       1.3716800    0.0061913221
       5846.4100       1.3743600    0.0061354223
       5849.6700       1.3740000    0.0060802251
       5852.9400       1.3705800    0.0060255635
       5856.2000       1.3720300    0.0059723710
       5859.4600       1.3830100    0.0059215685
       5862.7300       1.3769900    0.0058742392
       5865.9900       1.3632900    0.0058314721
       5869.2600       1.3502500    0.0057923576
       5872.5200       1.3525600    0.0057542737
       5875.7800       1.3459400    0.0057125463
       5879.0500       1.3457600    0.0056646567
       5882.3100       1.3361900    0.0056134766
       5885.5700       1.3339500    0.0055612356
       5888.8400       1.3343700    0.0055057705
       5892.1000       1.3277200    0.0054472032
       5895.3700       1.3273400    0.0053904763
       5898.6300       1.3211900    0.0053401593
       5901.8900       1.3042100    0.0052959806
       5905.1600       1.2953300    0.0052543639
       5908.4200       1.2938800    0.0052091289
       5911.6900       1.2895800    0.0051554244
       5914.9500       1.2850200    0.0050969385
       5918.2100       1.2810900    0.0050414330
       5921.4800       1.2679300    0.0049939515
       5924.7400       1.2615000    0.0049563067
       5928.0100       1.2571900    0.0049249848
       5931.2700       1.2418600    0.0048910453
       5934.5300       1.2308300    0.0048464255
       5937.8000       1.2354800    0.0047925849
       5941.0600       1.2424900    0.0047383473
       5944.3300       1.2333500    0.0046888351
       5947.5900       1.2234700    0.0046644556
       5950.8500       1.2265000    0.0046640488
       5954.1200       1.2166900    0.0046652770
       5957.3800       1.2057400    0.0046661769
       5960.6500       1.2018900    0.0046653454
       5963.9100       1.1931300    0.0046632690
       5967.1700       1.1871700    0.0046603594
       5970.4400       1.1799900    0.0046574766
       5973.7000       1.1836700    0.0046559747
       5976.9600       1.1842000    0.0046555032
       5980.2300       1.1778000    0.0046543197
       5983.4900       1.1673300    0.0046520232
       5986.7600       1.1574700    0.0046494044
       5990.0200       1.1585000    0.0046470348
       5993.2800       1.1605500    0.0046448788
       5996.5500       1.1507400    0.0046431228
       5999.8100       1.1448800    0.0046420455
       6003.0800       1.1421100    0.0046415427
       6006.3400       1.1346900    0.0046413209
       6009.6000       1.1317400    0.0046412498
       6012.8700       1.1178200    0.0046412260
       6016.1300       1.1104600    0.0046412536
       6019.4000       1.1101900    0.0046412819
       6022.6600       1.1213100    0.0046412949
       6025.9200       1.1150800    0.0046412926
       6029.1900       1.0995100    0.0046412868
       6032.4500       1.0981500    0.0046412747
       6035.7100       1.1079000    0.0046412846
       6038.9800       1.1092700    0.0046412846
       6042.2400       1.1110900    0.0046412680
       6045.5100       1.1115800    0.0046412857
       6048.7700       1.1014400    0.0046413015
       6052.0300       1.0918000    0.0046413018
       6055.3000       1.0975600    0.0046413087
       6058.5600       1.0817400    0.0046412982
       6061.8300       1.0834600    0.0046412835
       6065.0900       1.0888500    0.0046412846
       6068.3500       1.0784300    0.0046412796
       6071.6200       1.0807300    0.0046412835
       6074.8800       1.0848400    0.0046413126
       6078.1500       1.0808200    0.0046413051
       6081.4100       1.0773300    0.0046413070
       6084.6700       1.0696700    0.0046413021
       6087.9400       1.0687100    0.0046413048
       6091.2000       1.0727200    0.0046412874
       6094.4600       1.0679700    0.0046412824
       6097.7300       1.0570400    0.0046412675
       6100.9900       1.0519900    0.0046412586
       6104.2600       1.0588600    0.0046412780
       6107.5200       1.0581900    0.0046412868
       6110.7800       1.0500700    0.0046412998
       6114.0500       1.0503500    0.0046413062
       6117.3100       1.0373500    0.0046413007
       6120.5800       1.0359500    0.0046412830
       6123.8400       1.0396800    0.0046412747
       6127.1000       1.0467200    0.0046412780
       6130.3700       1.0308000    0.0046412730
       6133.6300       1.0250400    0.0046412796
       6136.9000       1.0285100    0.0046412857
       6140.1600       1.0380800    0.0046412979
       6143.4200       1.0343900    0.0046413068
       6146.6900       1.0247600    0.0046412949
       6149.9500       1.0187800    0.0046412874
       6153.2200       1.0130000    0.0046412819
       6156.4800       1.0143700    0.0046412924
       6159.7400       1.0121600    0.0046412985
       6163.0100       1.0036400    0.0046413167
       6166.2700      0.99649800    0.0046413126
       6169.5300       1.0000000    0.0046412874
       6172.8000      0.99398000    0.0046412675
       6176.0600      0.99608000    0.0046412536
       6179.3300      0.99058200    0.0046412852
       6182.5900      0.99684000    0.0046413126
       6185.8500      0.98927900    0.0046413140
       6189.1200      0.98120300    0.0046412968
       6192.3800      0.98284700    0.0046412725
       6195.6500      0.98510000    0.0046412910
       6198.9100      0.97933100    0.0046412868
       6202.1700      0.97342000    0.0046412841
       6205.4400      0.97351100    0.0046412852
       6208.7000      0.98077800    0.0046412929
       6211.9700      0.98276500    0.0046412741
       6215.2300      0.98629500    0.0046412774
       6218.4900      0.97569200    0.0046412868
       6221.7600      0.97718000    0.0046412926
       6225.0200      0.97305600    0.0046413087
       6228.2800      0.97676200    0.0046413021
       6231.5500      0.96850000    0.0046413068
       6234.8100      0.96960500    0.0046413192
       6238.0800      0.96975600    0.0046414490
       6241.3400      0.97767800    0.0046418169
       6244.6000      0.97952200    0.0046427590
       6247.8700      0.98256200    0.0046448331
       6251.1300      0.97809700    0.0046498681
       6254.4000      0.97136200    0.0046630917
       6257.6600      0.95720900    0.0046928609
       6260.9200      0.94808500    0.0047410358
       6264.1900      0.94041500    0.0047886169
       6267.4500      0.93756500    0.0048053711
       6270.7200      0.94967100    0.0047866408
       6273.9800      0.95688900    0.0047582227
       6277.2400      0.95048200    0.0047423972
       6280.5100      0.95002600    0.0047387680
       6283.7700      0.95503000    0.0047366770
       6287.0400      0.95356800    0.0047303741
       6290.3000      0.95440100    0.0047210200
       6293.5600      0.95599100    0.0047113382
       6296.8300      0.95439900    0.0047027475
       6300.0900      0.95460800    0.0046955762
       6303.3500      0.95748700    0.0046895398
       6306.6200      0.95176200    0.0046841173
       6309.8800      0.94953300    0.0046789132
       6313.1500      0.95305200    0.0046740347
       6316.4100      0.95602900    0.0046699195
       6319.6700      0.95473400    0.0046666805
       6322.9400      0.94481700    0.0046642681
       6326.2000      0.94054500    0.0046626706
       6329.4700      0.93294000    0.0046614941
       6332.7300      0.93029700    0.0046602484
       6335.9900      0.92464300    0.0046586124
       6339.2600      0.92770400    0.0046567574
       6342.5200      0.93173200    0.0046551044
       6345.7900      0.92421100    0.0046537812
       6349.0500      0.92309600    0.0046526214
       6352.3100      0.91805200    0.0046515355
       6355.5800      0.90773400    0.0046505465
       6358.8400      0.89727900    0.0046493375
       6362.1000      0.88985400    0.0046479255
       6365.3700      0.87815700    0.0046467037
       6368.6300      0.88163900    0.0046461365
       6371.9000      0.87369700    0.0046460968
       6375.1600      0.87408500    0.0046458773
       6378.4200      0.87132700    0.0046450096
       6381.6900      0.86973500    0.0046436514
       6384.9500      0.86107000    0.0046424083
       6388.2200      0.85950400    0.0046416753
       6391.4800      0.85644400    0.0046413660
       6394.7400      0.85847800    0.0046412910
       6398.0100      0.85508800    0.0046412926
       6401.2700      0.85836800    0.0046412907
       6404.5400      0.86122900    0.0046412741
       6407.8000      0.87304300    0.0046412680
       6411.0600      0.87152300    0.0046412437
       6414.3300      0.86326800    0.0046412542
       6417.5900      0.87389000    0.0046412586
       6420.8600      0.89045900    0.0046412686
       6424.1200      0.90518000    0.0046413400
       6427.3800      0.90685900    0.0046415084
       6430.6500      0.91603300    0.0046418128
       6433.9100      0.91787500    0.0046424446
       6437.1700      0.93963800    0.0046438320
       6440.4400      0.96491100    0.0046464112
       6443.7000      0.97469500    0.0046502174
       6446.9700      0.98571000    0.0046548419
       6450.2300       1.0010800    0.0046603022
       6453.4900       1.0208300    0.0046672450
       6456.7600       1.0270300    0.0046759313
       6460.0200       1.0361600    0.0046845778
       6463.2900       1.0460400    0.0046901982
       6466.5500       1.0532100    0.0046911657
       6469.8100       1.0706300    0.0046885634
       6473.0800       1.0836500    0.0046843850
       6476.3400       1.0955100    0.0046796991
       6479.6100       1.1039300    0.0046739363
       6482.8700       1.1213600    0.0046663645
       6486.1300       1.1392500    0.0046583284
       6489.4000       1.1469900    0.0046531477
       6492.6600       1.1534300    0.0046540157
       6495.9200       1.1377100    0.0046618320
       6499.1900       1.1373100    0.0046736414
       6502.4500       1.1461500    0.0046820351
       6505.7200       1.1528000    0.0046806451
       6508.9800       1.1691600    0.0046708540
       6512.2400       1.1777200    0.0046600102
       6515.5100       1.1778300    0.0046535665
       6518.7700       1.1862300    0.0046516339
       6522.0400       1.1955200    0.0046518823
       6525.3000       1.2002500    0.0046535473
       6528.5600       1.1906900    0.0046570382
       6531.8300       1.1847300    0.0046612240
       6535.0900       1.1883000    0.0046639332
       6538.3600       1.1933700    0.0046643483
       6541.6200       1.1987200    0.0046632746
       6544.8800       1.2140100    0.0046619719
       6548.1500       1.2128100    0.0046607801
       6551.4100       1.1987500    0.0046592694
       6554.6800       1.1983700    0.0046574354
       6557.9400       1.2033100    0.0046554918
       6561.2000       1.2037000    0.0046530109
       6564.4700       1.1970600    0.0046498161
       6567.7300       1.1945800    0.0046468565
       6571.0000       1.1848600    0.0046445843
       6574.2600       1.1679100    0.0046425224
       6577.5200       1.1749600    0.0046405450
       6580.7900       1.1827500    0.0046393241
       6584.0500       1.1715300    0.0046391925
       6587.3100       1.1662500    0.0046396414
       6590.5800       1.1548500    0.0046401662
       6593.8400       1.1358500    0.0046406075
       6597.1100       1.1359300    0.0046409488
       6600.3700       1.1377300    0.0046411518
       6603.6300       1.1163200    0.0046412420
       6606.9000       1.0958100    0.0046412802
       6610.1600       1.0961200    0.0046412780
       6613.4300       1.0937200    0.0046412741
       6616.6900       1.0821300    0.0046412835
       6619.9500       1.0757900    0.0046413032
       6623.2200       1.0736900    0.0046413148
       6626.4800       1.0621400    0.0046413328
       6629.7500       1.0535100    0.0046413159
       6633.0100       1.0581200    0.0046412808
       6636.2700       1.0528900    0.0046412625
       6639.5400       1.0343800    0.0046412547
       6642.8000       1.0379700    0.0046412785
       6646.0600       1.0393200    0.0046412725
       6649.3300       1.0329500    0.0046412741
       6652.5900       1.0302700    0.0046412857
       6655.8600       1.0190500    0.0046412796
       6659.1200       1.0182100    0.0046412910
       6662.3800       1.0193400    0.0046412979
       6665.6500       1.0116200    0.0046412926
       6668.9100       1.0009400    0.0046412835
       6672.1800      0.99495500    0.0046412868
       6675.4400      0.97855200    0.0046412891
       6678.7000      0.97747500    0.0046412780
       6681.9700      0.97636600    0.0046412736
       6685.2300      0.97457800    0.0046412758
       6688.5000      0.97025900    0.0046412852
       6691.7600      0.96199700    0.0046412965
       6695.0200      0.95258400    0.0046412882
       6698.2900      0.94335000    0.0046412835
       6701.5500      0.93963600    0.0046421008
       6704.8100      0.93590300    0.0046788863
       6708.0800      0.92308200    0.0047160436
       6711.3400      0.91143300    0.0047533722
       6714.6100      0.91452200    0.0047910660
       6717.8700      0.91456700    0.0048289212
       6721.1300      0.90328300    0.0048670289
       6724.4000      0.89763900    0.0049055384
       6727.6600      0.88741400    0.0049441706
       6730.9300      0.88113100    0.0049831916
       6734.1900      0.88591700    0.0050223418
       6737.4500      0.87826200    0.0050617407
       6740.7200      0.87313800    0.0051015189
       6743.9800      0.87600000    0.0051414431
       6747.2500      0.87013500    0.0051817764
       6750.5100      0.86748600    0.0052222242
       6753.7700      0.86849900    0.0052629328
       6757.0400      0.85721100    0.0053040328
       6760.3000      0.85514800    0.0053452542
       6763.5700      0.85321400    0.0053868652
       6766.8300      0.84908000    0.0054285988
       6770.0900      0.84878300    0.0054705651
       6773.3600      0.85178800    0.0055129265
       6776.6200      0.84779300    0.0055553994
       6779.8800      0.83644800    0.0055981427
       6783.1500      0.83278200    0.0056412595
       6786.4100      0.83342600    0.0056845126
       6789.6800      0.82688800    0.0057281204
       6792.9400      0.81805300    0.0057718371
       6796.2000      0.81984500    0.0058158236
       6799.4700      0.82417000    0.0058601999
       6802.7300      0.82080200    0.0059046944
       6806.0000      0.82074100    0.0059495564
       6809.2600      0.81951400    0.0059945506
       6812.5200      0.82888300    0.0060397862
       6815.7900      0.83052700    0.0060853778
       6819.0500      0.83294300    0.0061310582
       6822.3200      0.82997800    0.0061771147
       6825.5800      0.81938700    0.0062232700
       6828.8400      0.80228900    0.0062697456
       6832.1100      0.80503400    0.0063169217
       6835.3700      0.79679000    0.0063661641
       6838.6300      0.78380100    0.0064254630
       6841.9000      0.78144400    0.0065207818
       6845.1600      0.79567700    0.0067072071
       6848.4300      0.80144500    0.0070573939
       6851.6900      0.78288200    0.0075863021
       6854.9500      0.78093900    0.0081523725
       6858.2200      0.78423700    0.0084707246
       6861.4800      0.80123600    0.0084021658
       6864.7500      0.79836400    0.0081281277
       6868.0100      0.79298500    0.0079093501
       6871.2700      0.77160400    0.0078502944
       6874.5400      0.75900900    0.0079067642
       6877.8000      0.77697900    0.0079820245
       6881.0700      0.78689200    0.0080134907
       6884.3300      0.78574200    0.0079963895
       6887.5900      0.78161400    0.0079531705
       6890.8600      0.77256600    0.0079031302
       6894.1200      0.76167800    0.0078568807
       6897.3900      0.76389700    0.0078192759
       6900.6500      0.76643100    0.0077943209
       6903.9100      0.76351600    0.0077849925
       6907.1800      0.76715800    0.0077926646
       6910.4400      0.75961000    0.0078155941
       6913.7000      0.75941300    0.0078501943
       6916.9700      0.75774400    0.0078939661
       6920.2300      0.74759200    0.0079458066
       6923.5000      0.74113500    0.0080025683
       6926.7600      0.74879600    0.0080549096
       6930.0200      0.76453300    0.0080957862
       6933.2900      0.76895700    0.0081284819
       6936.5500      0.77436400    0.0081621421
       6939.8200      0.76201800    0.0082006865
       6943.0800      0.74840100    0.0082368150
       6946.3400      0.74911900    0.0082612142
       6949.6100      0.75777100    0.0082747885
       6952.8700      0.76314700    0.0082898490
       6956.1400      0.76936000    0.0083187251
       6959.4000      0.77116100    0.0083649433
       6962.6600      0.77413500    0.0084267738
       6965.9300      0.77415400    0.0085026637
       6969.1900      0.76742300    0.0085892349
       6972.4600      0.75414800    0.0086785926
       6975.7200      0.74589100    0.0087582843
       6978.9800      0.75581600    0.0088228726
       6982.2500      0.75977600    0.0088775477
       6985.5100      0.75978000    0.0089304008
       6988.7700      0.75873600    0.0089852515
       6992.0400      0.75830700    0.0090409515
       6995.3000      0.75839600    0.0090965728
       6998.5700      0.76049500    0.0091541629
       7001.8300      0.75790900    0.0092138816
       7005.0900      0.75726200    0.0092741064
       7008.3600      0.75658700    0.0093316460
       7011.6200      0.76153700    0.0093814467
       7014.8900      0.76156800    0.0094227479
       7018.1500      0.77094600    0.0094631048
       7021.4100      0.77512200    0.0095118037
       7024.6800      0.76735600    0.0095681091
       7027.9400      0.77347900    0.0096255969
       7031.2100      0.77596500    0.0096837878
       7034.4700      0.77700300    0.0097452475
       7037.7300      0.78035800    0.0098081495
       7041.0000      0.78053900    0.0098677275
       7044.2600      0.78058900    0.0099225446
       7047.5200      0.77647600    0.0099750359
       7050.7900      0.77651900     0.010027558
       7054.0500      0.77425100     0.010081375
       7057.3200      0.77245000     0.010138587
       7060.5800      0.76995300     0.010198829
       7063.8400      0.76886600     0.010259369
       7067.1100      0.76089000     0.010317938
       7070.3700      0.76528700     0.010375122
       7073.6400      0.76968000     0.010433633
       7076.9000      0.76742300     0.010494145
       7080.1600      0.77605600     0.010556589
       7083.4300      0.76319900     0.010620472
       7086.6900      0.76131200     0.010684259
       7089.9600      0.76320700     0.010747230
       7093.2200      0.75634800     0.010808512
       7096.4800      0.76294000     0.010869310
       7099.7500      0.76662600     0.010931192
       7103.0100      0.77320700     0.010994868
       7106.2700      0.76870600     0.011060818
       7109.5400      0.76041200     0.011129054
       7112.8000      0.75989600     0.011198374
       7116.0700      0.76235200     0.011267976
       7119.3300      0.76071000     0.011337307
       7122.5900      0.75762500     0.011408257
       7125.8600      0.75535000     0.011483085
       7129.1200      0.76532100     0.011561635
       7132.3900      0.76256500     0.011642462
       7135.6500      0.74484900     0.011723994
       7138.9100      0.75169700     0.011812113
       7142.1800      0.75688900     0.011923215
       7145.4400      0.75831000     0.012079753
       7148.7100      0.76214800     0.012299871
       7151.9700      0.74673200     0.012576650
       7155.2300      0.74488300     0.012876876
       7158.5000      0.74856200     0.013157796
       7161.7600      0.75278200     0.013400058
       7165.0300      0.75857300     0.013621305
       7168.2900      0.74726500     0.013830657
       7171.5500      0.74866400     0.014001526
       7174.8200      0.75914400     0.014101186
       7178.0800      0.75578700     0.014138208
       7181.3500      0.76355200     0.014148919
       7184.6100      0.76774000     0.014139393
       7187.8700      0.76677400     0.014073627
       7191.1400      0.76704200     0.013922714
       7194.4000      0.74980600     0.013720425
       7197.6600      0.75259100     0.013543549
       7200.9300      0.76539400     0.013452720
       7204.1900      0.75028800     0.013466263
       7207.4600      0.74333900     0.013575596
       7210.7200      0.75086500     0.013769969
       7213.9800      0.73775600     0.014035694
       7217.2500      0.73258400     0.014331764
       7220.5100      0.73128800     0.014588330
       7223.7800      0.73727500     0.014757735
       7227.0400      0.73969100     0.014839969
       7230.3000      0.74709400     0.014873283
       7233.5700      0.74538900     0.014895761
       7236.8300      0.72305700     0.014921186
       7240.1000      0.72692500     0.014945214
       7243.3600      0.72875600     0.014971356
       7246.6200      0.72365400     0.015015359
       7249.8900      0.72239800     0.015086409
       7253.1500      0.72292500     0.015185649
       7256.4100      0.71749400     0.015305062
       7259.6800      0.71483100     0.015406870
       7262.9400      0.72434000     0.015443572
       7266.2100      0.72701300     0.015428789
       7269.4700      0.72122200     0.015435724
       7272.7300      0.69686300     0.015503578
       7276.0000      0.69376500     0.015595924
       7279.2600      0.70188700     0.015662828
       7282.5300      0.69991100     0.015709962
       7285.7900      0.69495700     0.015767414
       7289.0500      0.68365900     0.015835751
       7292.3200      0.67639500     0.015892553
       7295.5800      0.68476100     0.015925503
       7298.8500      0.68371800     0.015935189
       7302.1100      0.66692700     0.015920031
       7305.3700      0.66894900     0.015885692
       7308.6400      0.67450600     0.015855037
       7311.9000      0.67182500     0.015853437
       7315.1600      0.66967600     0.015882295
       7318.4300      0.67179500     0.015922801
       7321.6900      0.68175600     0.015961965
       7324.9600      0.67787700     0.016007514
       7328.2200      0.67028900     0.016070817
       7331.4800      0.66709900     0.016149464
       7334.7500      0.66739300     0.016231526
       7338.0100      0.66506100     0.016311088
       7341.2800      0.66204500     0.016392237
       7344.5400      0.66544500     0.016476317
       7347.8000      0.66258500     0.016557213
       7351.0700      0.66213800     0.016626108
       7354.3300      0.66614200     0.016679957
       7357.6000      0.67519100     0.016726519
       7360.8600      0.66999500     0.016777562
       7364.1200      0.66251100     0.016840314
       7367.3900      0.66327700     0.016912398
       7370.6500      0.64890700     0.016986953
       7373.9200      0.65101100     0.017060113
       7377.1800      0.65465900     0.017128928
       7380.4400      0.65312300     0.017191586
       7383.7100      0.65740800     0.017249316
       7386.9700      0.65910400     0.017307141
       7390.2300      0.65317100     0.017370743
       7393.5000      0.64580200     0.017441148
       7396.7600      0.64773800     0.017514649
       7400.0300      0.64403400     0.017589095
       7403.2900      0.64546100     0.017663722
       7406.5500      0.64409800     0.017739100
       7409.8200      0.62895800     0.017813790
       7413.0800      0.63272700     0.017886612
       7416.3500      0.64325500     0.017959385
       7419.6100      0.63753000     0.018033866
       7422.8700      0.63667000     0.018110532
       7426.1400      0.64600800     0.018188153
       7429.4000      0.63600500     0.018265081
       7432.6700      0.63444600     0.018342219
       7435.9300      0.63535500     0.018419793
       7439.1900      0.62669600     0.018498522
       7442.4600      0.62849800     0.018578396
       7445.7200      0.62763100     0.018658540
       7448.9800      0.62168700     0.018738983
       7452.2500      0.62540600     0.018819873
       7455.5100      0.61897200     0.018900720
       7458.7800      0.60667000     0.018981925
       7462.0400      0.61146300     0.019063061
       7465.3000      0.61880500     0.019144263
       7468.5700      0.61828200     0.019225747
       7471.8300      0.61874200     0.019307094
       7475.1000      0.61811100     0.019388791
       7478.3600      0.61015200     0.019470428
       7481.6200      0.61126200     0.019552178
       7484.8900      0.61407400     0.019634274
       7488.1500      0.61791100     0.019716203
       7491.4200      0.61097600     0.019798643
       7494.6800      0.60598900     0.019880865
       7497.9400      0.60165900     0.019963116
       7501.2100      0.60944500     0.020045701
       7504.4700      0.61605000     0.020128057
       7507.7400      0.61282400     0.020210753
       7511.0000      0.60996600     0.020293490
       7514.2600      0.60463800     0.020376279
       7517.5300      0.59489600     0.020459502
       7520.7900      0.59505800     0.020542609
       7524.0500      0.59688500     0.020625777
       7527.3200      0.58582300     0.020709318
       7530.5800      0.58052500     0.020792642
       7533.8500      0.58581100     0.020876347
       7537.1100      0.59114800     0.020959927
       7540.3700      0.58724000     0.021043894
       7543.6400      0.58657700     0.021128644
       7546.9000      0.58291800     0.021213918
       7550.1700      0.57420300     0.021300312
       7553.4300      0.56819000     0.021387981
       7556.6900      0.56456800     0.021479985
       7559.9600      0.57266000     0.021590654
       7563.2200      0.57400900     0.021769503
       7566.4900      0.57880800     0.022159785
       7569.7500      0.58204400     0.023061445
       7573.0100      0.57020600     0.024982660
       7576.2800      0.54552300     0.028673453
       7579.5400      0.53700400     0.035008526
       7582.8100      0.52879200     0.044537586
       7586.0700      0.53984100     0.055528895
       7589.3300      0.57336700     0.062301951
       7592.6000      0.59506000     0.060094127
       7595.8600      0.58901200     0.052286053
       7599.1200      0.59897300     0.044856833
       7602.3900      0.59093700     0.040411931
       7605.6500      0.56415400     0.039077459
       7608.9200      0.54868400     0.039970163
       7612.1800      0.55215900     0.041732094
       7615.4400      0.55861500     0.042912452
       7618.7100      0.57649900     0.042736562
       7621.9700      0.55456700     0.041382421
       7625.2400      0.56223800     0.039396953
       7628.5000      0.57211600     0.037242340
       7631.7600      0.57020600     0.035163235
       7635.0300      0.58355000     0.033272811
       7638.2900      0.58224000     0.031631634
       7641.5600      0.56969800     0.030239930
       7644.8200      0.55646800     0.029091753
       7648.0800      0.53887500     0.028153641
       7651.3500      0.53839400     0.027391235
       7654.6100      0.54985900     0.026781516
       7657.8800      0.55338200     0.026298932
       7661.1400      0.54377000     0.025928287
       7664.4000      0.52878600     0.025650480
       7667.6700      0.53487000     0.025448120
       7670.9300      0.54062900     0.025306788
       7674.1900      0.53798200     0.025211743
       7677.4600      0.54590000     0.025150490
       7680.7200      0.54976300     0.025114653
       7683.9900      0.54136300     0.025099385
       7687.2500      0.53427600     0.025103435
       7690.5100      0.54376500     0.025126643
       7693.7800      0.56209900     0.025168662
       7697.0400      0.56207400     0.025227079
       7700.3100      0.56132600     0.025298219
       7703.5700      0.55521100     0.025376764
       7706.8300      0.54776900     0.025459163
       7710.1000      0.55397900     0.025542911
       7713.3600      0.54914800     0.025626510
       7716.6200      0.54103600     0.025710103
       7719.8900      0.54169900     0.025793955
       7723.1500      0.54493300     0.025877615
       7726.4200      0.54861200     0.025961808
       7729.6800      0.54684000     0.026046336
       7732.9400      0.54547000     0.026132101
       7736.2100      0.55009900     0.026219843
       7739.4700      0.54298400     0.026308621
       7742.7400      0.53817400     0.026398275
       7746.0000      0.54076200     0.026487633
       7749.2600      0.53454300     0.026577055
       7752.5300      0.52776400     0.026666850
       7755.7900      0.53645900     0.026756205
       7759.0600      0.53092700     0.026845532
       7762.3200      0.52057000     0.026934288
       7765.5800      0.52514100     0.027023258
       7768.8500      0.51686500     0.027112893
       7772.1100      0.52078500     0.027202629
       7775.3800      0.53421400     0.027292500
       7778.6400      0.52889200     0.027381991
       7781.9000      0.52015800     0.027471368
       7785.1700      0.51513700     0.027560992
       7788.4300      0.51565500     0.027650292
       7791.7000      0.52715300     0.027739864
       7794.9600      0.52268500     0.027829368
       7798.2200      0.52425100     0.027918844
       7801.4900      0.52636500     0.028008693
       7804.7500      0.52009300     0.028098236
       7808.0100      0.52109800     0.028187876
       7811.2800      0.51313600     0.028277845
       7814.5400      0.50576200     0.028367335
       7817.8100      0.50241500     0.028456888
       7821.0700      0.50185800     0.028545309
       7824.3300      0.50574500     0.028632017
       7827.6000      0.51105600     0.028717241
       7830.8600      0.51167500     0.028801545
       7834.1300      0.51448300     0.028888273
       7837.3900      0.51355400     0.028980282
       7840.6500      0.50579100     0.029080488
       7843.9200      0.49697700     0.029189291
       7847.1800      0.49902600     0.029303205
       7850.4500      0.49793100     0.029417786
       7853.7100      0.49627500     0.029528689
       7856.9700      0.49783800     0.029635351
       7860.2400      0.50073500     0.029740353
       7863.5000      0.49646600     0.029848484
       7866.7600      0.49957100     0.029967101
       7870.0300      0.49541600     0.030101066
       7873.2900      0.48572300     0.030243836
       7876.5600      0.48750800     0.030380959
       7879.8200      0.48133100     0.030496421
       7883.0800      0.48240400     0.030586851
       7886.3500      0.48692800     0.030660343
       7889.6100      0.49376100     0.030728604
       7892.8800      0.50220500     0.030799575
       7896.1400      0.49893200     0.030876369
       7899.4000      0.50125700     0.030960100
       7902.6700      0.49644900     0.031048722
       7905.9300      0.49060400     0.031134464
       7909.2000      0.49493000     0.031207615
       7912.4600      0.49277500     0.031260875
       7915.7200      0.49078100     0.031297582
       7918.9900      0.49782600     0.031332588
       7922.2500      0.49295500     0.031383465
       7925.5200      0.48859000     0.031461484
       7928.7800      0.49804500     0.031568431
       7932.0400      0.49878600     0.031703098
       7935.3100      0.49535900     0.031865052
       7938.5700      0.48876400     0.032046199
       7941.8300      0.49254000     0.032225776
       7945.1000      0.49764200     0.032372142
       7948.3600      0.49898300     0.032463143
       7951.6300      0.50063600     0.032506153
       7954.8900      0.50193400     0.032529414
       7958.1500      0.50393800     0.032562187
       7961.4200      0.50887200     0.032618654
       7964.6800      0.50409900     0.032696813
       7967.9500      0.49592500     0.032787745
       7971.2100      0.49999600     0.032884719
       7974.4700      0.50368600     0.032990250
       7977.7400      0.50319600     0.033109421
       7981.0000      0.50089500     0.033240048
       7984.2700      0.50205100     0.033373506
       7987.5300      0.49971800     0.033498031
       7990.7900      0.49284500     0.033606822
       7994.0600      0.49637100     0.033699035
       7997.3200      0.51085900     0.033779004
       8000.5800      0.51133300     0.033857006
       8003.8500      0.50685300     0.033942147
       8007.1100      0.49687300     0.034033640
       8010.3800      0.52002700     0.034125214
       8013.6400      0.45834400     0.034211794
       8016.9000      0.14124700     0.034294497
       8020.1700    -0.025630600     0.034375181
       8023.4300    0.0053776600     0.034450632
       8026.7000   0.00074011200     0.034514779
       8029.9600    0.0010118500     0.034565252
       8033.2200    0.0010850500     0.034610411
       8036.4900   0.00024412400     0.034663962
       8039.7500   0.00036627300     0.034734341
       8043.0200   0.00072777300     0.034821103
       8046.2800   0.00060427600     0.034915860
       8049.5400   0.00022582600     0.035011689
       8052.8100   0.00027193300     0.035106712
       8056.0700   0.00016115100     0.035203311
       8059.3300   0.00013595400     0.035306427
