# data from http://adsabs.harvard.edu/abs/2009MNRAS.394.2266P
# original filename = 2005cs_20051205_HET_cal.ascii
# via WISEREP
# de-redshifted assuming z=   0.00200000
# flux divided by   7.80328e-17
# observation JD =        2453709.5
# phase in rest-frame days relative to JD =        2453549.0
# type is SNII
# phase is       160.200
# WARNING: fake error spectrum!

       4276.5900    0.0013059600     0.085229248
       4278.5800  -6.0853300e-05     0.084579206
       4280.5700   -0.0011192600     0.083931982
       4282.5600  -0.00091586900     0.083287571
       4284.5400    0.0084097500     0.082649189
       4286.5300   -0.0043192100     0.082010382
       4288.5200    -0.013712500     0.081374379
       4290.5100     0.018552500     0.080741175
       4292.5000    0.0054126100     0.080110767
       4294.4800    -0.026841400     0.079486298
       4296.4700    -0.027587500     0.078861457
       4298.4600    -0.023241900     0.078239400
       4300.4500     0.016023900     0.077620125
       4302.4400     0.070545100     0.077003627
       4304.4200     0.060283400     0.076392980
       4306.4100   -0.0068211400     0.075782011
       4308.4000    -0.031978600     0.075173810
       4310.3900     0.010723900     0.074568371
       4312.3800     0.032970800     0.073965690
       4314.3600     0.056559600     0.073368774
       4316.3500     0.087426500     0.072771587
       4318.3400     0.088492400     0.072177148
       4320.3300     0.067465700     0.071585453
       4322.3200   2.3428800e-05     0.070996499
       4324.3000     0.034269800     0.070413220
       4326.2900     0.088701700     0.069829722
       4328.2800      0.10961300     0.069248954
       4330.2700     0.082895000     0.068670911
       4332.2600     0.054528400     0.068095591
       4334.2400      0.10973100     0.067525860
       4336.2300      0.15447300     0.066955959
       4338.2200     0.096992500     0.066388769
       4340.2100      0.11285600     0.065824286
       4342.2000      0.13085100     0.065262508
       4344.1800      0.10273100     0.064706232
       4346.1700     0.092477000     0.064149836
       4348.1600      0.11113800     0.063596133
       4350.1500      0.13674900     0.063045118
       4352.1400      0.12214600     0.062496789
       4354.1200      0.17594900     0.061953877
       4356.1100      0.15256100     0.061410894
       4358.1000      0.15208800     0.060870585
       4360.0900      0.16961000     0.060332947
       4362.0800      0.21136500     0.059797975
       4364.0600      0.17634000     0.059268335
       4366.0500      0.20637000     0.058738673
       4368.0400      0.10857200     0.058211666
       4370.0300      0.11378200     0.057687312
       4372.0200      0.15423800     0.057165606
       4374.0000      0.21288900     0.056649146
       4375.9900      0.21699900     0.056132713
       4377.9800      0.19145200     0.055618917
       4379.9700      0.12336200     0.055107754
       4381.9600      0.14140100     0.054599222
       4383.9400      0.17339200     0.054095851
       4385.9300      0.18818900     0.053592554
       4387.9200      0.20109500     0.053091876
       4389.9100      0.19348800     0.052593813
       4391.9000      0.20400700     0.052098362
       4393.8800      0.22141300     0.051607989
       4395.8700      0.14685000     0.051117737
       4397.8600      0.19523800     0.050630085
       4399.8500      0.12249900     0.050145030
       4401.8400      0.10851500     0.049662568
       4403.8200      0.28530900     0.049185100
       4405.8100      0.20560900     0.048707800
       4407.8000      0.13924700     0.048233083
       4409.7900      0.18259100     0.047760943
       4411.7800      0.19226700     0.047291378
       4413.7600      0.21397400     0.046826725
       4415.7500      0.21878300     0.046362286
       4417.7400      0.16806300     0.045900410
       4419.7300      0.20021000     0.045441094
       4421.7200      0.20011200     0.044984334
       4423.7000      0.26331100     0.044532403
       4425.6900      0.24433100     0.044080732
       4427.6800      0.17339400     0.043631607
       4429.6700      0.17507900     0.043185022
       4431.6600      0.17972400     0.042740976
       4433.6400      0.18653900     0.042301676
       4435.6300      0.15526600     0.041862681
       4437.6200      0.13845800     0.041426213
       4439.6100      0.14704100     0.040992268
       4441.6000      0.15219200     0.040560842
       4443.5800      0.19016100     0.040134082
       4445.5700      0.19580500     0.039707671
       4447.5600      0.11695500     0.039283769
       4449.5500      0.10921800     0.038862371
       4451.5400      0.16325300     0.038443475
       4453.5300      0.17570700     0.038027075
       4455.5100      0.19060600     0.037615243
       4457.5000      0.14951000     0.037203815
       4459.4900      0.11607300     0.036794872
       4461.4800      0.19999000     0.036388413
       4463.4700      0.19639100     0.035984432
       4465.4500      0.19869900     0.035584937
       4467.4400      0.12966600     0.035185890
       4469.4300      0.20358900     0.034789311
       4471.4200      0.18413600     0.034395196
       4473.4100      0.14148500     0.034003541
       4475.3900      0.17723000     0.033616293
       4477.3800      0.17995500     0.033229536
       4479.3700      0.22951500     0.032845228
       4481.3600      0.21903000     0.032463365
       4483.3500      0.21679900     0.032083945
       4485.3300      0.17130300     0.031708851
       4487.3200      0.20129700     0.031334291
       4489.3100      0.23034100     0.030962163
       4491.3000      0.22028300     0.030592461
       4493.2900      0.17129000     0.030225183
       4495.2700      0.21448800     0.029862152
       4497.2600      0.24978300     0.029499697
       4499.2500      0.16145300     0.029139655
       4501.2400      0.16923300     0.028782022
       4503.2300      0.13577700     0.028426794
       4505.2100      0.18349200     0.028075734
       4507.2000      0.18392600     0.027725293
       4509.1900      0.17241600     0.027377246
       4511.1800      0.14234600     0.027031590
       4513.1700      0.21056000     0.026688320
       4515.1500      0.27309600     0.026349140
       4517.1400      0.22847000     0.026010620
       4519.1300      0.15486300     0.025674476
       4521.1200      0.14944000     0.025340703
       4523.1100      0.20780600     0.025009299
       4525.0900      0.20580900     0.024681907
       4527.0800      0.19575000     0.024355217
       4529.0700      0.18462200     0.024030883
       4531.0600      0.15601700     0.023708903
       4533.0500      0.13629400     0.023389273
       4535.0300      0.17645600     0.023073578
       4537.0200      0.20158300     0.022758624
       4539.0100      0.20772500     0.022446009
       4541.0000      0.18926900     0.022135730
       4542.9900      0.16067400     0.021827781
       4544.9700      0.16737300     0.021608725
       4546.9600      0.19567300     0.021608725
       4548.9500      0.18421900     0.021608725
       4550.9400      0.18669800     0.021608725
       4552.9300      0.18557000     0.021608725
       4554.9100      0.18051300     0.021608725
       4556.9000      0.16819100     0.021608725
       4558.8900      0.18057000     0.021608725
       4560.8800      0.16838000     0.021608725
       4562.8700      0.17039100     0.021608725
       4564.8500      0.18760100     0.021608725
       4566.8400      0.16969200     0.021608725
       4568.8300      0.14186900     0.021608725
       4570.8200      0.15033300     0.021608725
       4572.8100      0.17393100     0.021608725
       4574.7900      0.25255700     0.021608725
       4576.7800      0.13529800     0.021608725
       4578.7700      0.15436000     0.021608725
       4580.7600      0.18958800     0.021608725
       4582.7500      0.21021200     0.021608725
       4584.7300      0.25178200     0.021608725
       4586.7200      0.20993800     0.021608725
       4588.7100      0.22627100     0.021608725
       4590.7000      0.25095600     0.021608725
       4592.6900      0.23604400     0.021608725
       4594.6700      0.21522700     0.021608725
       4596.6600      0.19139000     0.021608725
       4598.6500      0.19677500     0.021608725
       4600.6400      0.20875000     0.021608725
       4602.6300      0.19572600     0.021608725
       4604.6100      0.22169300     0.021608725
       4606.6000      0.20491500     0.021608725
       4608.5900      0.18287400     0.021608725
       4610.5800      0.24711500     0.021608725
       4612.5700      0.28120300     0.021608725
       4614.5500      0.23503600     0.021608725
       4616.5400      0.22583800     0.021608725
       4618.5300      0.25152200     0.021608725
       4620.5200      0.27431900     0.021608725
       4622.5100      0.23770800     0.021608725
       4624.4900      0.14517200     0.021608725
       4626.4800      0.17271100     0.021608725
       4628.4700      0.22670600     0.021608725
       4630.4600      0.20212400     0.021608725
       4632.4500      0.21018600     0.021608725
       4634.4400      0.19450900     0.021608725
       4636.4200      0.19739400     0.021608725
       4638.4100      0.22305300     0.021608725
       4640.4000      0.18886900     0.021608725
       4642.3900      0.17564600     0.021608725
       4644.3800      0.21545400     0.021608725
       4646.3600      0.22927200     0.021608725
       4648.3500      0.19416700     0.021608725
       4650.3400      0.20605200     0.021608725
       4652.3300      0.20461200     0.021608725
       4654.3200      0.22071700     0.021608725
       4656.3000      0.24878400     0.021608725
       4658.2900      0.23214500     0.021608725
       4660.2800      0.18567300     0.021608725
       4662.2700      0.18012600     0.021608725
       4664.2600      0.17576500     0.021608725
       4666.2400      0.17320100     0.021608725
       4668.2300      0.19601800     0.021608725
       4670.2200      0.20009500     0.021608725
       4672.2100      0.22153700     0.021608725
       4674.2000      0.23380800     0.021608725
       4676.1800      0.23138200     0.021608725
       4678.1700      0.22194200     0.021608725
       4680.1600      0.21843800     0.021608725
       4682.1500      0.22823900     0.021608725
       4684.1400      0.22580700     0.021608725
       4686.1200      0.22049800     0.021608725
       4688.1100      0.24175300     0.021608725
       4690.1000      0.24714600     0.021608725
       4692.0900      0.21849400     0.021608725
       4694.0800      0.23294500     0.021608725
       4696.0600      0.25386300     0.021608725
       4698.0500      0.24640400     0.021608725
       4700.0400      0.23819300     0.021608725
       4702.0300      0.23890700     0.021608725
       4704.0200      0.23552400     0.021608725
       4706.0000      0.24687500     0.021608725
       4707.9900      0.23985200     0.021608725
       4709.9800      0.22121000     0.021608725
       4711.9700      0.20911800     0.021608725
       4713.9600      0.19674900     0.021608725
       4715.9400      0.19086200     0.021608725
       4717.9300      0.18168800     0.021608725
       4719.9200      0.22919000     0.021608725
       4721.9100      0.23888800     0.021608725
       4723.9000      0.23444600     0.021608725
       4725.8800      0.23328200     0.021608725
       4727.8700      0.24829000     0.021608725
       4729.8600      0.24928200     0.021608725
       4731.8500      0.24524400     0.021608725
       4733.8400      0.22066700     0.021608725
       4735.8200      0.20016100     0.021608725
       4737.8100      0.22843400     0.021608725
       4739.8000      0.17398100     0.021608725
       4741.7900      0.25594600     0.021608725
       4743.7800      0.26699800     0.021608725
       4745.7600      0.22970500     0.021608725
       4747.7500      0.21674700     0.021608725
       4749.7400      0.26220200     0.021608725
       4751.7300      0.25124900     0.021608725
       4753.7200      0.23839700     0.021608725
       4755.7000      0.25627700     0.021608725
       4757.6900      0.22716100     0.021608725
       4759.6800      0.20631400     0.021608725
       4761.6700      0.22981100     0.021608725
       4763.6600      0.21433100     0.021608725
       4765.6400      0.23302900     0.021608725
       4767.6300      0.25091100     0.021608725
       4769.6200      0.27667800     0.021608725
       4771.6100      0.28373700     0.021608725
       4773.6000      0.27324800     0.021608725
       4775.5800      0.24119600     0.021608725
       4777.5700      0.24084800     0.021608725
       4779.5600      0.23891200     0.021608725
       4781.5500      0.27413100     0.021608725
       4783.5400      0.29556400     0.021608725
       4785.5200      0.19655700     0.021608725
       4787.5100      0.17348300     0.021608725
       4789.5000      0.22916000     0.021608725
       4791.4900      0.26479700     0.021608725
       4793.4800      0.27366200     0.021608725
       4795.4600      0.28536800     0.021608725
       4797.4500      0.27682200     0.021608725
       4799.4400      0.25508200     0.021608725
       4801.4300      0.24748100     0.021608725
       4803.4200      0.27100300     0.021608725
       4805.4000      0.29243100     0.021608725
       4807.3900      0.24144300     0.021608725
       4809.3800      0.21108600     0.021608725
       4811.3700      0.22283500     0.021608725
       4813.3600      0.22628100     0.021608725
       4815.3500      0.24194800     0.021608725
       4817.3300      0.24843800     0.021608725
       4819.3200      0.23224300     0.021608725
       4821.3100      0.22204100     0.021608725
       4823.3000      0.22514100     0.021608725
       4825.2900      0.20773300     0.021608725
       4827.2700      0.23282600     0.021608725
       4829.2600      0.24607100     0.021608725
       4831.2500      0.23761600     0.021608725
       4833.2400      0.25618000     0.021608725
       4835.2300      0.24229000     0.021608725
       4837.2100      0.22035300     0.021608725
       4839.2000      0.23412000     0.021608725
       4841.1900      0.20798000     0.021608725
       4843.1800      0.25777600     0.021608725
       4845.1700      0.25931100     0.021608725
       4847.1500      0.22292700     0.021608725
       4849.1400      0.23098900     0.021608725
       4851.1300      0.20727300     0.021608725
       4853.1200      0.19113900     0.021608725
       4855.1100      0.19960200     0.021608725
       4857.0900      0.22708000     0.021608725
       4859.0800      0.21860100     0.021608725
       4861.0700      0.21674400     0.021608725
       4863.0600      0.22877000     0.021608725
       4865.0500      0.21878500     0.021608725
       4867.0300      0.21676900     0.021608725
       4869.0200      0.20962900     0.021608725
       4871.0100      0.25864700     0.021608725
       4873.0000      0.27706600     0.021608725
       4874.9900      0.25171700     0.021608725
       4876.9700      0.25901500     0.021608725
       4878.9600      0.26672300     0.021608725
       4880.9500      0.26450600     0.021608725
       4882.9400      0.30204800     0.021608725
       4884.9300      0.32383600     0.021608725
       4886.9100      0.33157100     0.021608725
       4888.9000      0.36211300     0.021608725
       4890.8900      0.32113000     0.021608725
       4892.8800      0.28722400     0.021608725
       4894.8700      0.26411000     0.021608725
       4896.8500      0.29685600     0.021608725
       4898.8400      0.29765400     0.021608725
       4900.8300      0.27435900     0.021608725
       4902.8200      0.27928900     0.021608725
       4904.8100      0.28463100     0.021608725
       4906.7900      0.26139800     0.021608725
       4908.7800      0.23752800     0.021608725
       4910.7700      0.27083300     0.021608725
       4912.7600      0.28408500     0.021608725
       4914.7500      0.25000300     0.021608725
       4916.7300      0.24182200     0.021608725
       4918.7200      0.28356500     0.021608725
       4920.7100      0.29518000     0.021608725
       4922.7000      0.29700900     0.021608725
       4924.6900      0.31129200     0.021608725
       4926.6700      0.34040700     0.021608725
       4928.6600      0.30946300     0.021608725
       4930.6500      0.28617000     0.021608725
       4932.6400      0.33619600     0.021608725
       4934.6300      0.36318900     0.021608725
       4936.6100      0.31497300     0.021608725
       4938.6000      0.28114700     0.021608725
       4940.5900      0.29566100     0.021608725
       4942.5800      0.31383400     0.021608725
       4944.5700      0.32646800     0.021608725
       4946.5500      0.33072200     0.021608725
       4948.5400      0.33785900     0.021608725
       4950.5300      0.34052300     0.021608725
       4952.5200      0.36971700     0.021608725
       4954.5100      0.33162100     0.021608725
       4956.4900      0.31648300     0.021608725
       4958.4800      0.28879400     0.021608725
       4960.4700      0.26031600     0.021608725
       4962.4600      0.28925800     0.021608725
       4964.4500      0.28092500     0.021608725
       4966.4400      0.28112800     0.021608725
       4968.4200      0.29347500     0.021608725
       4970.4100      0.29486500     0.021608725
       4972.4000      0.30319200     0.021608725
       4974.3900      0.31148100     0.021608725
       4976.3800      0.28910500     0.021608725
       4978.3600      0.24497700     0.021608725
       4980.3500      0.25906500     0.021608725
       4982.3400      0.29845300     0.021608725
       4984.3300      0.25001400     0.021608725
       4986.3100      0.23347500     0.021608725
       4988.3000      0.29691100     0.021608725
       4990.2900      0.28143900     0.021608568
       4992.2800      0.24517900     0.021608865
       4994.2700      0.26628500     0.021609053
       4996.2600      0.29361600     0.021608867
       4998.2400      0.32102000     0.021608622
       5000.2300      0.34715100     0.021608370
       5002.2200      0.34262800     0.021608352
       5004.2100      0.28984400     0.021608390
       5006.2000      0.25135100     0.021608483
       5008.1800      0.28611900     0.021608661
       5010.1700      0.28027500     0.021608783
       5012.1600      0.25733000     0.021608810
       5014.1500      0.31922800     0.021608896
       5016.1400      0.36516500     0.021609012
       5018.1200      0.32472900     0.021609066
       5020.1100      0.27715900     0.021609026
       5022.1000      0.30866200     0.021609061
       5024.0900      0.33723200     0.021609050
       5026.0800      0.35734800     0.021609057
       5028.0600      0.37069400     0.021608846
       5030.0500      0.33069800     0.021608529
       5032.0400      0.32220200     0.021608385
       5034.0300      0.32532600     0.021608333
       5036.0200      0.31432100     0.021608460
       5038.0000      0.32717700     0.021608542
       5039.9900      0.34230100     0.021608756
       5041.9800      0.36325000     0.021608962
       5043.9700      0.32103200     0.021609046
       5045.9600      0.27524300     0.021608950
       5047.9400      0.30191800     0.021608887
       5049.9300      0.30731900     0.021608707
       5051.9200      0.32301600     0.021608545
       5053.9100      0.32798400     0.021608653
       5055.9000      0.34265000     0.021608818
       5057.8800      0.36407100     0.021608994
       5059.8700      0.34303800     0.021609033
       5061.8600      0.37107200     0.021608976
       5063.8500      0.40017700     0.021608753
       5065.8400      0.36783400     0.021608501
       5067.8200      0.36167500     0.021608223
       5069.8100      0.36737600     0.021608169
       5071.8000      0.35941800     0.021608292
       5073.7900      0.32478000     0.021608488
       5075.7800      0.30048400     0.021608756
       5077.7600      0.32438100     0.021608930
       5079.7500      0.33293200     0.021608963
       5081.7400      0.31256700     0.021608945
       5083.7300      0.30244900     0.021608825
       5085.7200      0.33791200     0.021608692
       5087.7000      0.32815600     0.021608619
       5089.6900      0.31690700     0.021608596
       5091.6800      0.32384600     0.021608673
       5093.6700      0.31129300     0.021608689
       5095.6600      0.31278800     0.021608668
       5097.6400      0.32627700     0.021608752
       5099.6300      0.35047900     0.021608775
       5101.6200      0.38892100     0.021608789
       5103.6100      0.38583300     0.021608824
       5105.6000      0.35764300     0.021608832
       5107.5800      0.31252900     0.021608934
       5109.5700      0.32095000     0.021608999
       5111.5600      0.36057000     0.021608914
       5113.5500      0.34835400     0.021608874
       5115.5400      0.34655100     0.021608679
       5117.5200      0.35923700     0.021608622
       5119.5100      0.32529900     0.021608563
       5121.5000      0.32189500     0.021608516
       5123.4900      0.32777600     0.021608493
       5125.4800      0.32683500     0.021608609
       5127.4600      0.31676100     0.021608726
       5129.4500      0.28576700     0.021608840
       5131.4400      0.30882700     0.021608916
       5133.4300      0.32862500     0.021608804
       5135.4200      0.26935800     0.021608807
       5137.4000      0.26260900     0.021608733
       5139.3900      0.26153700     0.021608801
       5141.3800      0.32699600     0.021608842
       5143.3700      0.33491800     0.021608828
       5145.3600      0.31376600     0.021608692
       5147.3500      0.31126300     0.021608570
       5149.3300      0.28870300     0.021608552
       5151.3200      0.32563000     0.021608686
       5153.3100      0.35761600     0.021608842
       5155.3000      0.37797800     0.021608858
       5157.2900      0.38683300     0.021608824
       5159.2700      0.33755200     0.021608622
       5161.2600      0.29648200     0.021608470
       5163.2500      0.31710700     0.021608485
       5165.2400      0.32498200     0.021608594
       5167.2300      0.26153800     0.021608749
       5169.2100      0.25948200     0.021608816
       5171.2000      0.30739800     0.021614180
       5173.1900      0.28096500     0.021858941
       5175.1800      0.27478500     0.022104850
       5177.1700      0.31288100     0.022351900
       5179.1500      0.30231600     0.022598766
       5181.1400      0.26666700     0.022847935
       5183.1300      0.29776500     0.023098275
       5185.1200      0.32392700     0.023349722
       5187.1100      0.31240800     0.023602467
       5189.0900      0.33274000     0.023855242
       5191.0800      0.33615300     0.024110312
       5193.0700      0.31110000     0.024366579
       5195.0600      0.30484300     0.024623896
       5197.0500      0.34265800     0.024882326
       5199.0300      0.37771100     0.025140478
       5201.0200      0.36760900     0.025400962
       5203.0100      0.34406000     0.025662640
       5205.0000      0.33370600     0.025925466
       5206.9900      0.31578800     0.026189309
       5208.9700      0.36940200     0.026452988
       5210.9600      0.42471500     0.026719124
       5212.9500      0.36454700     0.026986258
       5214.9400      0.35433900     0.027254513
       5216.9300      0.34564400     0.027523810
       5218.9100      0.34888300     0.027792856
       5220.9000      0.39122900     0.028064310
       5222.8900      0.35406400     0.028336877
       5224.8800      0.30861900     0.028610395
       5226.8700      0.36251000     0.028885112
       5228.8500      0.38903200     0.029159470
       5230.8400      0.34171700     0.029436382
       5232.8300      0.33803500     0.029714220
       5234.8200      0.38485300     0.029993259
       5236.8100      0.36840700     0.030273210
       5238.7900      0.29785200     0.030552656
       5240.7800      0.30356100     0.030834652
       5242.7700      0.34179400     0.031117608
       5244.7600      0.34418700     0.031401601
       5246.7500      0.35377300     0.031686719
       5248.7300      0.33628200     0.031971447
       5250.7200      0.31007400     0.032258615
       5252.7100      0.25695300     0.032546907
       5254.7000      0.15398900     0.032836132
       5256.6900      0.21621800     0.033126308
       5258.6700      0.39698600     0.033416137
       5260.6600      0.42823000     0.033708258
       5262.6500      0.40535700     0.034001361
       5264.6400      0.40089500     0.034295505
       5266.6300      0.37252100     0.034590646
       5268.6100      0.40413100     0.034885226
       5270.6000      0.43755100     0.035182357
       5272.5900      0.41487900     0.035480656
       5274.5800      0.42459100     0.035779733
       5276.5700      0.47771400     0.036079869
       5278.5500      0.45391400     0.036379283
       5280.5400      0.43631500     0.036681104
       5282.5300      0.45372100     0.036983977
       5284.5200      0.46134400     0.037287706
       5286.5100      0.48235600     0.037592591
       5288.5000      0.49629600     0.037898375
       5290.4800      0.47975000     0.038203612
       5292.4700      0.39529900     0.038511329
       5294.4600      0.36781000     0.038819897
       5296.4500      0.47791100     0.039129259
       5298.4400      0.48955600     0.039439656
       5300.4200      0.49905400     0.039749545
       5302.4100      0.49377000     0.040061892
       5304.4000      0.47899000     0.040375105
       5306.3900      0.51534600     0.040689423
       5308.3800      0.48927600     0.041004518
       5310.3600      0.43663200     0.041318839
       5312.3500      0.43417700     0.041635783
       5314.3400      0.45334200     0.041953727
       5316.3300      0.49057700     0.042272412
       5318.3100      0.48220300     0.042590448
       5320.3000      0.38627100     0.042910782
       5322.2900      0.39127500     0.043232009
       5324.2800      0.40600600     0.043554303
       5326.2700      0.44161700     0.043877490
       5328.2600      0.45772000     0.044201485
       5330.2400      0.46524000     0.044524792
       5332.2300      0.52851100     0.044850397
       5334.2200      0.54564700     0.045176884
       5336.2100      0.55893900     0.045504043
       5338.2000      0.53942200     0.045832050
       5340.1800      0.49706300     0.046159689
       5342.1700      0.46871600     0.046489732
       5344.1600      0.43741600     0.046820759
       5346.1500      0.45546100     0.047152531
       5348.1400      0.50469500     0.047485141
       5350.1200      0.49839000     0.047817003
       5352.1100      0.50441600     0.048150830
       5354.1000      0.56869500     0.048485851
       5356.0900      0.59547700     0.048821577
       5358.0800      0.57146600     0.049158178
       5360.0600      0.54294500     0.049494035
       5362.0500      0.51180900     0.049832203
       5364.0400      0.49023200     0.050171259
       5366.0300      0.47214500     0.050511307
       5368.0200      0.44499500     0.050851971
       5370.0000      0.46439400     0.051191729
       5371.9900      0.47385000     0.051534004
       5373.9800      0.40272000     0.051876869
       5375.9700      0.40586200     0.052220590
       5377.9600      0.48291500     0.052565073
       5379.9400      0.47871100     0.052908760
       5381.9300      0.47048800     0.053254956
       5383.9200      0.50753900     0.053602103
       5385.9100      0.51995800     0.053950211
       5387.9000      0.52859600     0.054299082
       5389.8800      0.50954900     0.054646825
       5391.8700      0.48398500     0.054996757
       5393.8600      0.47139500     0.055347369
       5395.8500      0.49686600     0.055698307
       5397.8400      0.53092700     0.056050175
       5399.8200      0.53519800     0.056400897
       5401.8100      0.53537300     0.056754502
       5403.8000      0.51773700     0.057109038
       5405.7900      0.50655100     0.057464629
       5407.7800      0.47860800     0.057820911
       5409.7600      0.51761400     0.058175961
       5411.7500      0.46019800     0.058533179
       5413.7400      0.46557700     0.058891385
       5415.7300      0.52597500     0.059249885
       5417.7200      0.55027400     0.059609113
       5419.7000      0.52589500     0.059967424
       5421.6900      0.55933200     0.060328467
       5423.6800      0.54979300     0.060690518
       5425.6700      0.54967400     0.061052948
       5427.6600      0.50160400     0.061416220
       5429.6400      0.56344800     0.061778056
       5431.6300      0.58643700     0.062142226
       5433.6200      0.57658800     0.062507186
       5435.6100      0.58195900     0.062872653
       5437.6000      0.59428600     0.063238853
       5439.5800      0.64156700     0.063604093
       5441.5700      0.69078200     0.063972082
       5443.5600      0.60823400     0.064340739
       5445.5500      0.57642500     0.064709964
       5447.5400      0.60786500     0.065079558
       5449.5200      0.59039700     0.065448084
       5451.5100      0.63702200     0.065818959
       5453.5000      0.67749800     0.066190353
       5455.4900      0.65163600     0.066562237
       5457.4800      0.64516000     0.066934852
       5459.4600      0.67152100     0.067306201
       5461.4500      0.67647600     0.067680357
       5463.4400      0.59084000     0.068055162
       5465.4300      0.55241900     0.068430425
       5467.4200      0.61301500     0.068806861
       5469.4100      0.61882100     0.069183527
       5471.3900      0.63236500     0.069559255
       5473.3800      0.60968300     0.069937091
       5475.3700      0.52274400     0.070315684
       5477.3600      0.49587700     0.070694836
       5479.3500      0.52495700     0.071074583
       5481.3300      0.52239500     0.071452764
       5483.3200      0.50884100     0.071833526
       5485.3100      0.53383700     0.072214927
       5487.3000      0.54529300     0.072597319
       5489.2900      0.50689800     0.072979957
       5491.2700      0.42062100     0.073361321
       5493.2600      0.50361500     0.073744402
       5495.2500      0.59182600     0.074128103
       5497.2400      0.64204500     0.074512405
       5499.2300      0.61534700     0.074897635
       5501.2100      0.68018600     0.075281602
       5503.2000      0.72286700     0.075668518
       5505.1900      0.66050100     0.076055650
       5507.1800      0.66120500     0.076443399
       5509.1700      0.64658500     0.076831617
       5511.1500      0.67341000     0.077218058
       5513.1400      0.73278100     0.077607147
       5515.1300      0.76152200     0.077996792
       5517.1200      0.79452800     0.078387297
       5519.1100      0.81028900     0.078778186
       5521.0900      0.85618700     0.079167857
       5523.0800      0.88650600     0.079559556
       5525.0700      0.83713400     0.079951830
       5527.0600      0.77067800     0.080344644
       5529.0500      0.77885200     0.080737885
       5531.0300      0.86798300     0.081129725
       5533.0200      0.86053600     0.081523976
       5535.0100      0.78768100     0.081918801
       5537.0000      0.80683300     0.082313595
       5538.9900      0.86689200     0.082709455
       5540.9700      0.87489100     0.083103537
       5542.9600      0.82713200     0.083500293
       5544.9500      0.83698200     0.083897283
       5546.9400      0.89106900     0.084295203
       5548.9300      0.86403600     0.084693218
       5550.9100      0.81451400     0.085089954
       5552.9000      0.73382600     0.085488927
       5554.8900      0.73923400     0.085888314
       5556.8800      0.79426100     0.086288532
       5558.8700      0.65886400     0.086689287
       5560.8500      0.47307200     0.087087997
       5562.8400      0.26099900     0.087489352
       5564.8300      0.69541800     0.087891217
       5566.8200       1.3330100     0.088293011
       5568.8100       1.2898500     0.088695422
       5570.7900      0.82977700     0.089096432
       5572.7800      0.68132900     0.089499834
       5574.7700      0.70106100     0.089903698
       5576.7600      0.76922700     0.090307960
       5578.7500      0.90079100     0.090712719
       5580.7300      0.86659300     0.091115366
       5582.7200      0.78777300     0.091520742
       5584.7100      0.80664200     0.091926484
       5586.7000      0.82295800     0.092333017
       5588.6900      0.84734200     0.092739690
       5590.6700      0.88130600     0.093145416
       5592.6600      0.84335400     0.093552808
       5594.6500      0.77595400     0.093960436
       5596.6400      0.72314700     0.094368467
       5598.6300      0.70219100     0.094776758
       5600.6100      0.72403900     0.095183514
       5602.6000      0.71193000     0.095592872
       5604.5900      0.72029000     0.096002478
       5606.5800      0.73430200     0.096412420
       5608.5700      0.79016100     0.096822914
       5610.5500      0.84503400     0.097231277
       5612.5400      0.84185400     0.097642352
       5614.5300      0.87076700     0.098054122
       5616.5200      0.88060200     0.098466159
       5618.5100      0.82893300     0.098878129
       5620.4900      0.78010900     0.099288197
       5622.4800      0.77048400     0.099701105
       5624.4700      0.76975100      0.10011414
       5626.4600      0.82925700      0.10052730
       5628.4500      0.87655800      0.10094131
       5630.4300      0.88552000      0.10135334
       5632.4200      0.90975200      0.10176792
       5634.4100      0.87177400      0.10218258
       5636.4000      0.82874000      0.10259771
       5638.3900      0.87613900      0.10301263
       5640.3800      0.87361500      0.10342820
       5642.3600      0.83006200      0.10384140
       5644.3500      0.81439500      0.10425751
       5646.3400      0.83948000      0.10467364
       5648.3300      0.84449200      0.10509062
       5650.3200      0.72728400      0.10550770
       5652.3000      0.70056200      0.10592301
       5654.2900      0.78098700      0.10634058
       5656.2800      0.79291800      0.10675781
       5658.2700      0.73834500      0.10717563
       5660.2600      0.75611200      0.10759373
       5662.2400      0.74187400      0.10801049
       5664.2300      0.75396100      0.10842981
       5666.2200      0.71503400      0.10884983
       5668.2100      0.63899100      0.10926929
       5670.2000      0.73409100      0.10968861
       5672.1800      0.65882500      0.11010566
       5674.1700      0.38780800      0.11052448
       5676.1600      0.39564700      0.11094392
       5678.1500      0.51454800      0.11136412
       5680.1400      0.59611400      0.11178583
       5682.1200      0.74992100      0.11220502
       5684.1100      0.81030300      0.11262729
       5686.1000      0.73190800      0.11304927
       5688.0900      0.67148400      0.11347070
       5690.0800      0.72786400      0.11389242
       5692.0600      0.87303900      0.11431152
       5694.0500      0.75455500      0.11473291
       5696.0400      0.57548800      0.11515496
       5698.0300      0.71126200      0.11557739
       5700.0200      0.84270500      0.11600089
       5702.0000      0.91116500      0.11642236
       5703.9900      0.95909000      0.11684595
       5705.9800      0.86687400      0.11726958
       5707.9700      0.83189900      0.11769355
       5709.9600      0.87542700      0.11811682
       5711.9400      0.78900100      0.11853866
       5713.9300      0.83891500      0.11896166
       5715.9200      0.89051900      0.11938501
       5717.9100      0.92830900      0.11980804
       5719.9000      0.97682100      0.12023236
       5721.8800       1.0228100      0.12065492
       5723.8700       1.1303800      0.12107991
       5725.8600       1.1606300      0.12150509
       5727.8500       1.0925800      0.12193085
       5729.8400       1.2018300      0.12235562
       5731.8200       1.2996000      0.12277781
       5733.8100       1.2348100      0.12320212
       5735.8000       1.1941200      0.12362661
       5737.7900       1.2230200      0.12405172
       5739.7800       1.2277100      0.12447820
       5741.7600       1.1725400      0.12490239
       5743.7500       1.1441000      0.12532943
       5745.7400       1.1681600      0.12575636
       5747.7300       1.1602000      0.12618281
       5749.7200       1.1836400      0.12660812
       5751.7000       1.2344500      0.12703213
       5753.6900       1.2069500      0.12745777
       5755.6800       1.1068100      0.12788390
       5757.6700       1.0489200      0.12830986
       5759.6600       1.1311700      0.12873666
       5761.6400       1.2038100      0.12916112
       5763.6300       1.1185700      0.12958838
       5765.6200       1.0611700      0.13001541
       5767.6100       1.0000000      0.13044291
       5769.6000      0.99996000      0.13087077
       5771.5800       1.1136800      0.13129569
       5773.5700       1.1218500      0.13172284
       5775.5600       1.2197700      0.13214989
       5777.5500       1.2611800      0.13257625
       5779.5400      0.98823400      0.13300225
       5781.5200      0.91090500      0.13342697
       5783.5100       1.0924900      0.13385375
       5785.5000       1.1579600      0.13428094
       5787.4900       1.2598800      0.13470832
       5789.4800       1.2346400      0.13513596
       5791.4600       1.1054400      0.13556090
       5793.4500       1.0830700      0.13598798
       5795.4400       1.0257000      0.13641538
       5797.4300      0.94691300      0.13684241
       5799.4200      0.98258500      0.13726950
       5801.4000      0.97922300      0.13769477
       5803.3900      0.93905900      0.13812227
       5805.3800      0.92304500      0.13855010
       5807.3700      0.86093200      0.13897755
       5809.3600      0.81123100      0.13940479
       5811.3400      0.82651300      0.13982987
       5813.3300      0.79023500      0.14025702
       5815.3200      0.76496600      0.14068394
       5817.3100      0.61482500      0.14111075
       5819.3000      0.54261300      0.14153827
       5821.2900      0.71359500      0.14196478
       5823.2700      0.84894100      0.14239002
       5825.2600      0.87410900      0.14281685
       5827.2500      0.79824800      0.14324391
       5829.2400      0.79457600      0.14367056
       5831.2300      0.83008000      0.14409757
       5833.2100      0.84690700      0.14452249
       5835.2000      0.90349200      0.14494919
       5837.1900      0.90835600      0.14537650
       5839.1800      0.90285900      0.14580249
       5841.1700      0.81512700      0.14622902
       5843.1500      0.73867300      0.14665232
       5845.1400      0.80835400      0.14707829
       5847.1300      0.87049700      0.14750419
       5849.1200      0.92521400      0.14793125
       5851.1100      0.99066700      0.14835989
       5853.0900      0.90739000      0.14879037
       5855.0800      0.81868000      0.14923086
       5857.0700      0.87735900      0.14968637
       5859.0600      0.94133600      0.15016361
       5861.0500      0.95763700      0.15067060
       5863.0300      0.99713700      0.15121141
       5865.0200       1.1041700      0.15179657
       5867.0100       1.1843900      0.15242135
       5869.0000       1.1743900      0.15307781
       5870.9900       1.3162900      0.15374739
       5872.9700       1.3276000      0.15439747
       5874.9600       1.2909300      0.15500706
       5876.9500       1.3730200      0.15555168
       5878.9400       1.4062800      0.15603395
       5880.9300       1.4491900      0.15647598
       5882.9100       1.4450900      0.15689741
       5884.9000       1.6232200      0.15730740
       5886.8900       1.8444300      0.15768647
       5888.8800       1.8944800      0.15801482
       5890.8700       1.8431700      0.15829750
       5892.8500       1.7447700      0.15856750
       5894.8400       1.8121000      0.15887067
       5896.8300       1.8390900      0.15923425
       5898.8200       1.8765400      0.15966776
       5900.8100       2.0500300      0.16016626
       5902.7900       2.1245000      0.16070742
       5904.7800       2.1086100      0.16126358
       5906.7700       2.0526300      0.16178316
       5908.7600       2.0841200      0.16221552
       5910.7500       2.1646100      0.16253942
       5912.7300       2.1536500      0.16277177
       5914.7200       2.1428300      0.16296638
       5916.7100       2.0851100      0.16318282
       5918.7000       1.9659700      0.16347004
       5920.6900       1.9051600      0.16385732
       5922.6700       1.8872800      0.16435669
       5924.6600       1.9123600      0.16497144
       5926.6500       1.9642800      0.16567069
       5928.6400       1.9494700      0.16639116
       5930.6300       1.8449200      0.16704994
       5932.6100       1.8591200      0.16757231
       5934.6000       1.9432800      0.16793944
       5936.5900       1.9110900      0.16817958
       5938.5800       1.9526300      0.16835862
       5940.5700       1.9479200      0.16855038
       5942.5500       1.8012200      0.16879679
       5944.5400       1.6374900      0.16910797
       5946.5300       1.5115700      0.16946544
       5948.5200       1.5464100      0.16985200
       5950.5100       1.6434900      0.17026565
       5952.4900       1.7683200      0.17070195
       5954.4800       1.7542100      0.17115268
       5956.4700       1.7545600      0.17159454
       5958.4600       1.7534600      0.17201288
       5960.4500       1.7630300      0.17240568
       5962.4300       1.7382800      0.17277980
       5964.4200       1.6857800      0.17314169
       5966.4100       1.7497100      0.17349162
       5968.4000       1.8548200      0.17383635
       5970.3900       1.7691100      0.17418920
       5972.3700       1.7521700      0.17455927
       5974.3600       1.8195200      0.17495393
       5976.3500       1.7149100      0.17535834
       5978.3400       1.5983100      0.17575564
       5980.3300       1.6697500      0.17613469
       5982.3100       1.7155100      0.17649532
       5984.3000       1.7459700      0.17684791
       5986.2900       1.7373300      0.17719887
       5988.2800       1.6865400      0.17755294
       5990.2700       1.6524600      0.17790983
       5992.2500       1.7059900      0.17826699
       5994.2400       1.6158700      0.17862934
       5996.2300       1.5310700      0.17899935
       5998.2200       1.6158400      0.17937779
       6000.2100       1.7150100      0.17976620
       6002.1900       1.7145300      0.18015986
       6004.1800       1.7437900      0.18056009
       6006.1700       1.6317600      0.18096300
       6008.1600       1.6054800      0.18136816
       6010.1500       1.4858100      0.18177335
       6012.1400       1.3366300      0.18217902
       6014.1200       1.4286900      0.18258283
       6016.1100       1.4738000      0.18298880
       6018.1000       1.5195600      0.18339481
       6020.0900       1.5511200      0.18379947
       6022.0800       1.5501300      0.18420421
       6024.0600       1.5737300      0.18460544
       6026.0500       1.5333000      0.18500899
       6028.0400       1.5665700      0.18541205
       6030.0300       1.6152700      0.18581418
       6032.0200       1.4590800      0.18621574
       6034.0000       1.4201700      0.18661503
       6035.9900       1.3806100      0.18701670
       6037.9800       1.2902000      0.18741664
       6039.9700       1.3676000      0.18781711
       6041.9600       1.3238700      0.18821685
       6043.9400       1.3392800      0.18861507
       6045.9300       1.4320500      0.18901383
       6047.9200       1.3676000      0.18941272
       6049.9100       1.3783500      0.18981127
       6051.9000       1.3397100      0.19020856
       6053.8800       1.1559800      0.19060432
       6055.8700       1.1236600      0.19100091
       6057.8600       1.1282700      0.19139605
       6059.8500       1.1338100      0.19179166
       6061.8400       1.1828900      0.19218638
       6063.8200       1.1673900      0.19257873
       6065.8100       1.1624800      0.19297319
       6067.8000       1.1778500      0.19336661
       6069.7900       1.2016000      0.19375985
       6071.7800       1.2650700      0.19415272
       6073.7600       1.3207800      0.19454345
       6075.7500       1.3496300      0.19493523
       6077.7400       1.3863100      0.19532666
       6079.7300       1.3526100      0.19571768
       6081.7200       1.3962700      0.19610749
       6083.7000       1.3316100      0.19649500
       6085.6900       1.3199400      0.19688432
       6087.6800       1.1823400      0.19727265
       6089.6700       1.1333900      0.19765988
       6091.6600       1.1771000      0.19804715
       6093.6400       1.1454800      0.19843195
       6095.6300       1.1608600      0.19881817
       6097.6200       1.1875400      0.19920327
       6099.6100       1.1711700      0.19958912
       6101.6000       1.1622300      0.19997294
       6103.5800       1.2044800      0.20035562
       6105.5700       1.2711400      0.20073919
       6107.5600       1.3140500      0.20112277
       6109.5500       1.3026800      0.20150539
       6111.5400       1.2294800      0.20188765
       6113.5200       1.2330600      0.20226720
       6115.5100       1.3562700      0.20264820
       6117.5000       1.4752100      0.20302764
       6119.4900       1.4857000      0.20340684
       6121.4800       1.3285100      0.20378542
       6123.4600       1.2870600      0.20416150
       6125.4500       1.3741500      0.20453943
       6127.4400       1.3889900      0.20491609
       6129.4300       1.3561000      0.20529247
       6131.4200       1.4414100      0.20566822
       6133.4000       1.4638600      0.20604194
       6135.3900       1.3599000      0.20641651
       6137.3800       1.3674400      0.20679075
       6139.3700       1.5290300      0.20716434
       6141.3600       1.5980900      0.20753763
       6143.3400       1.5285000      0.20790812
       6145.3300       1.5938200      0.20827887
       6147.3200       1.6336700      0.20864933
       6149.3100       1.7490300      0.20901981
       6151.3000       1.9687300      0.20938919
       6153.2800       1.9386800      0.20975602
       6155.2700       2.0732200      0.21012469
       6157.2600       2.2079400      0.21049214
       6159.2500       2.0902800      0.21085936
       6161.2400       2.0354000      0.21122582
       6163.2300       2.0581200      0.21159187
       6165.2100       2.1070800      0.21195495
       6167.2000       2.0094500      0.21231889
       6169.1900       1.9625900      0.21268126
       6171.1800       1.8671300      0.21304341
       6173.1700       1.7079500      0.21340504
       6175.1500       1.6719300      0.21376424
       6177.1400       1.6809500      0.21412532
       6179.1300       1.6645700      0.21448636
       6181.1200       1.6105200      0.21484650
       6183.1000       1.5164400      0.21520386
       6185.0900       1.5068700      0.21556165
       6187.0800       1.1905400      0.21591899
       6189.0700      0.90673900      0.21627474
       6191.0600       1.1488400      0.21662975
       6193.0500       1.4133500      0.21698434
       6195.0300       1.5019300      0.21733733
       6197.0200       1.4967800      0.21769118
       6199.0100       1.5015200      0.21804377
       6201.0000       1.4477900      0.21839578
       6202.9900       1.4491100      0.21874758
       6204.9700       1.3548700      0.21909597
       6206.9600       1.3024000      0.21944619
       6208.9500       1.2952300      0.21979510
       6210.9400       1.2799800      0.22014246
       6212.9300       1.2796700      0.22049040
       6214.9100       1.3309700      0.22083534
       6216.9000       1.3011500      0.22118148
       6218.8900       1.2997900      0.22152694
       6220.8800       1.3202300      0.22187125
       6222.8700       1.2733600      0.22221544
       6224.8500       1.3171200      0.22255723
       6226.8400       1.2150800      0.22289939
       6228.8300       1.2175500      0.22324037
       6230.8200       1.2750800      0.22358047
       6232.8100       1.2203700      0.22392056
       6234.7900       1.2186000      0.22425829
       6236.7800       1.3165600      0.22459899
       6238.7700       1.5598100      0.22494246
       6240.7600       1.5607000      0.22528928
       6242.7500       1.5319500      0.22564603
       6244.7300       1.5589800      0.22601145
       6246.7200       1.4327300      0.22639884
       6248.7100       1.4746200      0.22682121
       6250.7000       1.5227900      0.22730905
       6252.6900       1.6420900      0.22792243
       6254.6700       1.8129100      0.22875032
       6256.6600       1.8519600      0.22990314
       6258.6500       1.7521800      0.23143538
       6260.6400       1.7572600      0.23327253
       6262.6300       1.7561500      0.23516340
       6264.6100       1.6348500      0.23672685
       6266.6000       1.4848700      0.23765601
       6268.5900       1.4939400      0.23784491
       6270.5800       1.5831300      0.23747974
       6272.5700       1.4233500      0.23691497
       6274.5500       1.5883800      0.23647381
       6276.5400       1.7032500      0.23631321
       6278.5300       1.7773400      0.23642208
       6280.5200       1.5800600      0.23668205
       6282.5100       1.4438400      0.23696123
       6284.4900       1.4386300      0.23717546
       6286.4800       1.7488400      0.23730096
       6288.4700       2.1274400      0.23735804
       6290.4600       1.7752000      0.23738014
       6292.4500       1.6628200      0.23739725
       6294.4300       1.7331400      0.23743024
       6296.4200       1.7722000      0.23748616
       6298.4100       1.6836200      0.23756670
       6300.4000       1.6727200      0.23767119
       6302.3900       1.7470600      0.23779526
       6304.3800       1.8698300      0.23793262
       6306.3600       1.9821900      0.23807548
       6308.3500       2.0493400      0.23822119
       6310.3400       2.0077300      0.23837000
       6312.3300       1.9195300      0.23852432
       6314.3100       2.0034500      0.23868984
       6316.3000       1.9931400      0.23886981
       6318.2900       1.8374200      0.23906523
       6320.2800       1.9673000      0.23927701
       6322.2700       2.0961900      0.23950230
       6324.2500       1.9842300      0.23974261
       6326.2400       1.9913600      0.23999617
       6328.2300       1.9871500      0.24025677
       6330.2200       1.8342000      0.24051880
       6332.2100       1.7968200      0.24077487
       6334.1900       1.8236500      0.24102188
       6336.1800       1.7654000      0.24126118
       6338.1700       1.6316200      0.24149564
       6340.1600       1.6550700      0.24173026
       6342.1500       1.7869700      0.24196931
       6344.1400       1.9264300      0.24221405
       6346.1200       1.9296500      0.24246218
       6348.1100       1.9425900      0.24271264
       6350.1000       2.3452600      0.24296350
       6352.0900       2.4659800      0.24321453
       6354.0800       2.4017600      0.24346702
       6356.0600       2.5382200      0.24371733
       6358.0500       2.5860000      0.24396090
       6360.0400       2.5911100      0.24419977
       6362.0300       2.5076000      0.24443315
       6364.0200       2.3565800      0.24466960
       6366.0000       2.4320500      0.24491426
       6367.9900       2.4878600      0.24517283
       6369.9800       2.4417400      0.24544284
       6371.9700       2.4983700      0.24571801
       6373.9600       2.4422700      0.24598751
       6375.9400       2.2437400      0.24624485
       6377.9300       2.0438000      0.24648609
       6379.9200       2.1578000      0.24671620
       6381.9100       2.2274200      0.24693909
       6383.9000       2.1671500      0.24716558
       6385.8800       2.2380800      0.24739752
       6387.8700       2.3168700      0.24764128
       6389.8600       2.2964900      0.24789276
       6391.8500       2.2546000      0.24814956
       6393.8400       2.3552600      0.24840977
       6395.8200       2.3531100      0.24866881
       6397.8100       2.2399400      0.24892895
       6399.8000       2.1794600      0.24918833
       6401.7900       2.0035000      0.24944672
       6403.7800       1.9339100      0.24970308
       6405.7600       2.1057700      0.24995662
       6407.7500       2.1864400      0.25021146
       6409.7400       1.9665000      0.25046430
       6411.7300       1.8053000      0.25071643
       6413.7200       1.9632400      0.25096820
       6415.7000       2.0162200      0.25121631
       6417.6900       1.9583300      0.25146630
       6419.6800       2.0209500      0.25171512
       6421.6700       2.1543100      0.25196183
       6423.6600       2.2078600      0.25221028
       6425.6400       2.2916200      0.25245739
       6427.6300       2.2053400      0.25270724
       6429.6200       2.2874600      0.25295827
       6431.6100       2.4175600      0.25321342
       6433.6000       2.4322800      0.25347567
       6435.5800       2.3613500      0.25374956
       6437.5700       2.3220600      0.25404432
       6439.5600       2.3847900      0.25436382
       6441.5500       2.3684500      0.25470894
       6443.5400       2.3145700      0.25507565
       6445.5200       2.2967100      0.25545640
       6447.5100       2.3538200      0.25585039
       6449.5000       2.4040000      0.25626315
       6451.4900       2.1951500      0.25670172
       6453.4800       1.8367100      0.25717609
       6455.4600       1.7615500      0.25768490
       6457.4500       1.8097300      0.25821672
       6459.4400       1.6813900      0.25873723
       6461.4300       1.5381500      0.25920169
       6463.4200       1.2806500      0.25958094
       6465.4000       1.1920300      0.25985834
       6467.3900       1.3944900      0.26004723
       6469.3800       1.2896200      0.26017251
       6471.3700       1.3483600      0.26026007
       6473.3600       1.6559300      0.26032950
       6475.3400       1.8170800      0.26038792
       6477.3300       1.6706500      0.26043193
       6479.3200       1.7507500      0.26044493
       6481.3100       1.8004900      0.26041604
       6483.3000       1.8117200      0.26035187
       6485.2900       2.0145800      0.26028131
       6487.2700       2.2216100      0.26024976
       6489.2600       2.4610400      0.26030226
       6491.2500       2.7477900      0.26047929
       6493.2400       2.7726500      0.26080272
       6495.2300       2.6236500      0.26127109
       6497.2100       2.4741800      0.26184576
       6499.2000       2.3607700      0.26245779
       6501.1900       2.4291800      0.26299677
       6503.1800       2.4765500      0.26336019
       6505.1700       2.2809300      0.26349753
       6507.1500       2.1617300      0.26343207
       6509.1400       2.2560100      0.26324766
       6511.1300       2.2458900      0.26305051
       6513.1200       2.0501900      0.26292337
       6515.1000       1.9875000      0.26290449
       6517.0900       1.9043300      0.26298661
       6519.0800       1.7213700      0.26313763
       6521.0700       1.4531000      0.26332677
       6523.0600       1.5484900      0.26354235
       6525.0500       1.4676600      0.26378812
       6527.0300       1.5692200      0.26407231
       6529.0200       1.6032600      0.26439054
       6531.0100       1.5595300      0.26471629
       6533.0000       1.5226500      0.26501926
       6534.9900       1.5082800      0.26527683
       6536.9700       1.5733900      0.26548136
       6538.9600       1.5908900      0.26564334
       6540.9500       1.5335000      0.26577625
       6542.9400       1.7620600      0.26590000
       6544.9300       2.6424100      0.26602462
       6546.9100       3.4261700      0.26615088
       6548.9000       3.3994600      0.26627288
       6550.8900       3.2211100      0.26638431
       6552.8800       3.4368400      0.26648541
       6554.8700       3.7560500      0.26658246
       6556.8500       3.8054500      0.26667463
       6558.8400       3.8364800      0.26676107
       6560.8300       4.3080600      0.26683002
       6562.8200       4.5063800      0.26687839
       6564.8100       4.2675800      0.26691872
       6566.7900       4.5845900      0.26696520
       6568.7800       4.9655700      0.26702586
       6570.7700       5.2672700      0.26709972
       6572.7600       5.5330100      0.26717598
       6574.7500       5.8511700      0.26725044
       6576.7300       5.7909500      0.26732489
       6578.7200       5.3670300      0.26740998
       6580.7100       5.2305000      0.26751661
       6582.7000       5.5741000      0.26764548
       6584.6900       5.8442100      0.26779178
       6586.6700       5.8607200      0.26794646
       6588.6600       5.9284900      0.26810226
       6590.6500       5.8652400      0.26825566
       6592.6400       5.7652800      0.26840642
       6594.6300       5.7092000      0.26855240
       6596.6100       5.7495900      0.26869473
       6598.6000       5.7573800      0.26883250
       6600.5900       5.5124300      0.26896664
       6602.5800       5.1685700      0.26909732
       6604.5700       4.9064700      0.26922397
       6606.5500       4.7697100      0.26934790
       6608.5400       4.6455400      0.26947067
       6610.5300       4.5969600      0.26959078
       6612.5200       4.4202200      0.26971000
       6614.5100       3.9307500      0.26982764
       6616.4900       3.7013700      0.26994315
       6618.4800       3.5428900      0.27005804
       6620.4700       3.2672000      0.27017194
       6622.4600       3.1058800      0.27028328
       6624.4500       3.0174900      0.27039442
       6626.4300       2.8627900      0.27050273
       6628.4200       2.6274300      0.27060926
       6630.4100       2.6659000      0.27071351
       6632.4000       2.6527000      0.27081634
       6634.3900       2.4724200      0.27091734
       6636.3800       2.3497100      0.27101772
       6638.3600       2.1379300      0.27111631
       6640.3500       2.1778500      0.27121293
       6642.3400       2.4484800      0.27131036
       6644.3300       2.3333500      0.27140506
       6646.3100       2.1815400      0.27149743
       6648.3000       2.2078100      0.27158896
       6650.2900       2.1497800      0.27167898
       6652.2800       2.0833800      0.27176736
       6654.2700       2.0875800      0.27185428
       6656.2500       2.1526500      0.27193828
       6658.2400       1.9696900      0.27202228
       6660.2300       1.7269900      0.27210341
       6662.2200       1.8632200      0.27218486
       6664.2100       1.8998500      0.27226269
       6666.2000       1.9000100      0.27234029
       6668.1800       1.9256200      0.27241523
       6670.1700       2.0376000      0.27248902
       6672.1600       2.1845700      0.27256095
       6674.1500       2.1178100      0.27263198
       6676.1400       2.0793700      0.27270063
       6678.1200       2.1763100      0.27276736
       6680.1100       2.3474600      0.27283289
       6682.1000       2.3092500      0.27289656
       6684.0900       2.1425800      0.27295823
       6686.0800       2.0675300      0.27302002
       6688.0600       1.9046000      0.27307925
       6690.0500       1.8364000      0.27313677
       6692.0400       1.9417200      0.27319316
       6694.0300       1.7313500      0.27324689
       6696.0200       1.6364200      0.27329930
       6698.0000       1.7949300      0.27334977
       6699.9900       1.6943700      0.27339840
       6701.9800       1.5796800      0.27344631
       6703.9700       1.7121800      0.27349183
       6705.9600       1.6696900      0.27353641
       6707.9400       1.4854400      0.27357803
       6709.9300       1.4837900      0.27361955
       6711.9200       1.8405000      0.27365827
       6713.9100       2.0976600      0.27369575
       6715.9000       1.8246600      0.27373259
       6717.8800       1.5131400      0.27376574
       6719.8700       1.3288600      0.27379860
       6721.8600       1.4235200      0.27382854
       6723.8500       1.5873600      0.27385800
       6725.8400       1.6298400      0.27388533
       6727.8200       1.7349700      0.27391093
       6729.8100       1.8041600      0.27393527
       6731.8000       1.8976400      0.27395660
       6733.7900       1.9783800      0.27397707
       6735.7800       1.9554400      0.27399503
       6737.7600       1.9500100      0.27401114
       6739.7500       2.0860700      0.27402566
       6741.7400       2.1933900      0.27403886
       6743.7300       2.1444200      0.27404989
       6745.7200       2.0245200      0.27406073
       6747.7000       1.9540100      0.27406834
       6749.6900       1.9636600      0.27407538
       6751.6800       1.9152500      0.27407974
       6753.6700       1.7584500      0.27408233
       6755.6600       1.7735100      0.27408354
       6757.6400       1.8265500      0.27408344
       6759.6300       1.7653900      0.27408123
       6761.6200       1.8446200      0.27407728
       6763.6100       1.9484900      0.27407095
       6765.6000       1.9625700      0.27406266
       6767.5800       1.8535000      0.27405380
       6769.5700       1.7061700      0.27404208
       6771.5600       1.6800600      0.27402812
       6773.5500       1.5307600      0.27401307
       6775.5400       1.5697300      0.27399691
       6777.5200       1.9324000      0.27397702
       6779.5100       1.9341800      0.27395671
       6781.5000       1.7960500      0.27393444
       6783.4900       1.7915000      0.27391009
       6785.4800       1.8436400      0.27388457
       6787.4600       1.9159000      0.27385707
       6789.4500       1.8842100      0.27382732
       6791.4400       1.7844600      0.27379517
       6793.4300       1.8176800      0.27376130
       6795.4200       1.7657900      0.27372657
       6797.4000       1.7602300      0.27369058
       6799.3900       1.7104100      0.27365099
       6801.3800       1.6961100      0.27361047
       6803.3700       1.7291200      0.27356858
       6805.3600       1.6442100      0.27352376
       6807.3400       1.7157500      0.27347792
       6809.3300       1.7311500      0.27343073
       6811.3200       1.7951400      0.27338118
       6813.3100       1.8070100      0.27332967
       6815.3000       1.7692500      0.27327559
       6817.2800       1.6638200      0.27321951
       6819.2700       1.8017500      0.27316103
       6821.2600       2.1006500      0.27310058
       6823.2500       2.0860800      0.27303840
       6825.2400       1.9160500      0.27297446
       6827.2300       1.7507200      0.27290959
       6829.2100       1.6228700      0.27284494
       6831.2000       1.7496800      0.27278273
       6833.1900       1.9116800      0.27273584
       6835.1800       1.9280700      0.27273454
       6837.1700       1.8954100      0.27286210
       6839.1500       1.8279000      0.27328858
       6841.1400       1.8569600      0.27434436
       6843.1300       1.9011500      0.27654311
       6845.1200       1.8660500      0.28055970
       6847.1100       1.8762400      0.28707844
       6849.0900       1.8477500      0.29644598
       6851.0800       1.7245400      0.30847107
       6853.0700       1.4604600      0.32174620
       6855.0600       1.3563600      0.33377272
       6857.0500       1.4666700      0.34165615
       6859.0300       1.4796500      0.34351108
       6861.0200       1.4075600      0.33958140
       6863.0100       1.3609600      0.33196616
       6865.0000       1.5583500      0.32341560
       6866.9900       1.7500300      0.31611211
       6868.9700       1.7885100      0.31117908
       6870.9600       1.7200000      0.30867377
       6872.9500       1.7071700      0.30803823
       6874.9400       1.7915700      0.30835594
       6876.9300       1.6559500      0.30873768
       6878.9100       1.5211800      0.30858399
       6880.9000       1.5030600      0.30765623
       6882.8900       1.6066400      0.30600810
       6884.8800       1.6769300      0.30384347
       6886.8700       1.5889900      0.30138600
       6888.8500       1.4840800      0.29882413
       6890.8400       1.3495000      0.29624796
       6892.8300       1.3099800      0.29374394
       6894.8200       1.4923600      0.29135449
       6896.8100       1.5396400      0.28911385
       6898.7900       1.5075600      0.28706103
       6900.7800       1.5510400      0.28520178
       6902.7700       1.6767100      0.28356728
       6904.7600       1.6705400      0.28217070
       6906.7500       1.7927600      0.28100909
       6908.7300       2.0104200      0.28006718
       6910.7200       1.8582100      0.27930546
       6912.7100       1.6804500      0.27869247
       6914.7000       1.8337400      0.27820370
       6916.6900       1.9305500      0.27782528
       6918.6700       1.9200200      0.27755511
       6920.6600       1.8656800      0.27737374
       6922.6500       1.7709600      0.27724259
       6924.6400       1.6455800      0.27708644
       6926.6300       1.5153400      0.27682470
       6928.6100       1.6672300      0.27640686
       6930.6000       1.8429500      0.27583935
       6932.5900       1.8641000      0.27518020
       6934.5800       1.8102800      0.27451376
       6936.5700       1.9470300      0.27390096
       6938.5500       1.9363300      0.27335739
       6940.5400       1.9390300      0.27283277
       6942.5300       1.9970700      0.27224941
       6944.5200       1.9914000      0.27152746
       6946.5100       2.0533000      0.27063662
       6948.4900       2.2126500      0.26961854
       6950.4800       2.1301900      0.26855370
       6952.4700       1.8599000      0.26756057
       6954.4600       1.8929300      0.26672739
       6956.4500       1.9436100      0.26609876
       6958.4300       1.9455600      0.26568118
       6960.4200       2.0226700      0.26545037
       6962.4100       1.9833700      0.26539008
       6964.4000       1.8344700      0.26548657
       6966.3900       1.9465400      0.26572425
       6968.3700       1.9346200      0.26607319
       6970.3600       1.8543600      0.26647780
       6972.3500       1.9585300      0.26685134
       6974.3400       1.8326000      0.26710791
       6976.3300       1.8392100      0.26718947
       6978.3100       1.9745000      0.26708911
       6980.3000       2.0485800      0.26684657
       6982.2900       2.0233600      0.26652801
       6984.2800       1.9776800      0.26619141
       6986.2700       1.8769300      0.26587181
       6988.2500       1.9861900      0.26557355
       6990.2400       2.0298500      0.26528101
       6992.2300       2.0443100      0.26498226
       6994.2200       2.1904000      0.26467979
       6996.2100       2.2330800      0.26438577
       6998.1900       1.8987100      0.26411432
       7000.1800       1.7238400      0.26386444
       7002.1700       1.8511400      0.26362787
       7004.1600       1.9828900      0.26338965
       7006.1500       1.8690400      0.26313051
       7008.1300       1.8610300      0.26282351
       7010.1200       2.0470100      0.26243373
       7012.1100       2.0628700      0.26194253
       7014.1000       2.1392500      0.26135890
       7016.0900       2.1185700      0.26073787
       7018.0800       2.0269400      0.26015060
       7020.0600       2.0646400      0.25965531
       7022.0500       1.9070600      0.25925350
       7024.0400       1.6370400      0.25891307
       7026.0300       1.5070600      0.25858877
       7028.0200       1.5167000      0.25825722
       7030.0000       1.6906700      0.25792680
       7031.9900       1.8290200      0.25761950
       7033.9800       1.6765200      0.25734623
       7035.9700       1.6954400      0.25709107
       7037.9600       1.5230000      0.25682314
       7039.9400       1.2691500      0.25651311
       7041.9300       1.4839500      0.25614819
       7043.9200       1.6175000      0.25573858
       7045.9100       1.8004200      0.25530120
       7047.9000       1.8559500      0.25485271
       7049.8800       1.7951800      0.25440337
       7051.8700       1.9111200      0.25395827
       7053.8600       1.8695300      0.25353037
       7055.8500       1.7723500      0.25312785
       7057.8400       1.3354700      0.25275965
       7059.8200       1.2477600      0.25241572
       7061.8100       1.3255000      0.25207801
       7063.8000       1.4503600      0.25172560
       7065.7900       1.4433900      0.25134860
       7067.7800       1.3315000      0.25094874
       7069.7600       1.5445300      0.25054044
       7071.7500       1.6145000      0.25013447
       7073.7400       1.6801400      0.24974251
       7075.7300       1.6730300      0.24936670
       7077.7200       1.5846800      0.24900666
       7079.7000       1.6109000      0.24865958
       7081.6900       1.7612000      0.24831883
       7083.6800       1.9394600      0.24798158
       7085.6700       1.9370000      0.24764050
       7087.6600       1.8407300      0.24728804
       7089.6400       1.6747800      0.24692239
       7091.6300       1.5413900      0.24653739
       7093.6200       1.6268900      0.24613924
       7095.6100       1.6534400      0.24573477
       7097.6000       1.5993700      0.24533042
       7099.5800       1.6162800      0.24493750
       7101.5700       1.4022600      0.24455476
       7103.5600       1.2025200      0.24418722
       7105.5500       1.2897800      0.24383366
       7107.5400       1.4202100      0.24349445
       7109.5200       1.3933200      0.24316800
       7111.5100       1.4569400      0.24284666
       7113.5000       1.5016000      0.24252362
       7115.4900       1.6502800      0.24219585
       7117.4800       1.5909300      0.24186078
       7119.4600       1.6774600      0.24152639
       7121.4500       1.7181500      0.24119897
       7123.4400       1.5365500      0.24089116
       7125.4300       1.5526600      0.24061110
       7127.4200       1.5597600      0.24035812
       7129.4000       1.5846500      0.24012702
       7131.3900       1.6411800      0.23990287
       7133.3800       1.8424300      0.23967639
       7135.3700       1.7897800      0.23945448
       7137.3600       1.8946700      0.23926585
       7139.3400       1.9885900      0.23916899
       7141.3300       1.8478200      0.23925294
       7143.3200       1.8463800      0.23962451
       7145.3100       2.0682600      0.24038081
       7147.3000       2.1051500      0.24159216
       7149.2800       2.1493000      0.24324865
       7151.2700       2.1513800      0.24528920
       7153.2600       1.9962700      0.24754213
       7155.2500       1.9162900      0.24980186
       7157.2400       2.0195500      0.25187136
       7159.2200       2.0537500      0.25363036
       7161.2100       1.9840800      0.25509967
       7163.2000       1.7620800      0.25636226
       7165.1900       1.7664300      0.25751978
       7167.1800       1.8261800      0.25859228
       7169.1600       1.4968600      0.25947356
       7171.1500      0.98195800      0.25999654
       7173.1400       1.0102500      0.26000896
       7175.1300      0.10796300      0.25949170
       7177.1200     0.015947600      0.25855702
       7179.1000      0.92224600      0.25738926
       7181.0900       1.2209300      0.25610922
       7183.0800       1.2676700      0.25472522
       7185.0700       1.3870100      0.25311575
       7187.0600       1.4600100      0.25109228
       7189.0400       1.5238900      0.24853074
       7191.0300       1.7100400      0.24542129
       7193.0200       1.7585000      0.24196701
       7195.0100       1.8343400      0.23847900
       7197.0000       1.8957300      0.23528650
       7198.9800       1.9888700      0.23264505
       7200.9700       2.0395500      0.23065283
       7202.9600       2.3326400      0.22934162
       7204.9500       2.1813400      0.22866557
       7206.9400       2.1050700      0.22856729
       7208.9300       2.0905500      0.22900272
       7210.9100       1.8538300      0.22992533
       7212.9000       1.5632800      0.23127476
       7214.8900       1.5671700      0.23290173
       7216.8800       1.6641900      0.23458092
       7218.8700       1.4920700      0.23604060
       7220.8500       1.4180200      0.23704228
       7222.8400       1.5147500      0.23746853
       7224.8300       1.6913300      0.23731597
       7226.8200       1.3844200      0.23669059
       7228.8100      0.74664600      0.23575560
       7230.7900       1.6275600      0.23467798
       7232.7800       2.2435800      0.23356388
       7234.7700       2.2017100      0.23247350
       7236.7600       2.0466500      0.23140102
       7238.7500       2.1450600      0.23031796
       7240.7300       2.1384900      0.22922807
       7242.7200       2.3495100      0.22815875
       7244.7100       2.7103600      0.22717693
       7246.7000       2.8448500      0.22632836
       7248.6900       2.8737200      0.22563148
       7250.6700       2.9549800      0.22509122
       7252.6600       3.0149400      0.22470056
       7254.6500       2.9843300      0.22443873
       7256.6400       2.7344600      0.22421850
       7258.6300       2.4390600      0.22387631
       7260.6100       2.3339100      0.22323341
       7262.6000       2.3975600      0.22218766
       7264.5900       2.3702100      0.22081976
       7266.5800       2.3603900      0.21936040
       7268.5700       2.3892700      0.21807842
       7270.5500       2.4260700      0.21713376
       7272.5400       2.4570200      0.21649598
       7274.5300       2.4930800      0.21600209
       7276.5200       2.5260200      0.21545214
       7278.5100       2.5629200      0.21473288
       7280.4900       2.5971000      0.21387286
       7282.4800       2.6349400      0.21296980
       7284.4700       2.6680200      0.21212753
       7286.4600       2.6996200      0.21137199
       7288.4500       2.7324500      0.21065227
       7290.4300       2.7711500      0.20989284
       7292.4200       2.8101800      0.20902961
       7294.4100       2.8555600      0.20804611
       7296.4000       2.9005200      0.20694729
       7298.3900       2.9522000      0.20574115
       7300.3700       3.0009900      0.20442659
       7302.3600       3.0537600      0.20299145
       7304.3500       3.0996800      0.20147215
       7306.3400       3.1671400      0.19993207
       7308.3300       3.1372800      0.19846101
       7310.3100       2.7538000      0.19713424
       7312.3000       2.6104500      0.19596684
       7314.2900       2.3740200      0.19493894
       7316.2800       2.2820900      0.19399054
       7318.2700       2.4680900      0.19306024
       7320.2500       2.3876100      0.19212399
       7322.2400       2.4419900      0.19118457
       7324.2300       2.3082600      0.19028252
       7326.2200       2.0160000      0.18945504
       7328.2100       2.0454400      0.18871234
