# data from http://adsabs.harvard.edu/abs/2014MNRAS.439.2873S
# original filename = 2002gd_20021128.ascii
# via WISEREP
# de-redshifted assuming z=   0.00892000
# flux divided by   1.47596e-16
# observation JD =        2452606.5
# phase in rest-frame days relative to JD =        2452552.8
# type is SNII
# phase is       53.3000
# WARNING: fake error spectrum!

       3471.6700    -0.038719850      0.36278551
       3475.9600     -0.12432294      0.36150803
       3480.2400     0.018088516      0.36023753
       3484.5300    -0.064862104      0.35896805
       3488.8100      0.59039652      0.35770550
       3493.1000      0.60599309      0.35644399
       3497.3800       1.4682606      0.35518939
       3501.6700       1.0910289      0.35393582
       3505.9500      0.50656157      0.35268913
       3510.2400     -0.25936670      0.35144348
       3514.5200      0.95131467      0.35020468
       3518.8100      0.82191971      0.34896692
       3523.0900      0.50216349      0.34773599
       3527.3800       1.2524922      0.34650610
       3531.6600      0.76518725      0.34528301
       3535.9500      0.38310884      0.34406097
       3540.2400      0.24217793      0.34284286
       3544.5200       1.0476789      0.34163148
       3548.8100       1.4273340      0.34042118
       3553.0900      0.74993917      0.33921758
       3557.3800      0.80245179      0.33801506
       3561.6600       2.5012893      0.33681922
       3565.9500       1.6271303      0.33562446
       3570.2300      0.90555038      0.33443635
       3574.5200      0.63837587      0.33324933
       3578.8000      0.50715039      0.33206893
       3583.0900      0.76355500      0.33088962
       3587.3700      0.91196725      0.32971690
       3591.6600      0.73787148      0.32854529
       3595.9400      0.74847013      0.32738023
       3600.2300       1.1837772      0.32621627
       3604.5100       1.9824617      0.32505885
       3608.8000       1.9151887      0.32390253
       3613.0800      0.74227356      0.32275272
       3617.3700      0.47061686      0.32160402
       3621.6500       1.1417290      0.32046179
       3625.9400       1.2159517      0.31932068
       3630.2200      0.82519725      0.31818602
       3634.5100      0.39786124      0.31705248
       3638.7900      0.14547019      0.31592535
       3643.0800      0.62144245      0.31479935
       3647.3600      0.94237030      0.31367973
       3651.6500      0.51624997      0.31256126
       3655.9400      0.87924500      0.31144653
       3660.2200       1.4488738      0.31033814
       3664.5100      0.92382966      0.30923090
       3668.7900      0.46997297      0.30812997
       3673.0800      0.61916831      0.30703018
       3677.3600       1.0094661      0.30593667
       3681.6500      0.95811908      0.30484432
       3685.9300      0.72650075      0.30375822
       3690.2200     0.086443451      0.30267328
       3694.5000     -0.14535803      0.30159455
       3698.7900      0.30158109      0.30051700
       3703.0700      0.82759056      0.29944563
       3707.3600      0.96890500      0.29837543
       3711.6400       1.0189192      0.29731140
       3715.9300       1.1399566      0.29624854
       3720.2100       1.0502325      0.29519181
       3724.5000       1.1256768      0.29413626
       3728.7800      0.92990205      0.29308681
       3733.0700      0.72917745      0.29203855
       3737.3500      0.48724686      0.29099636
       3741.6400      0.58751253      0.28995536
       3745.9200       1.0354320      0.28892041
       3750.2100      0.78829621      0.28788665
       3754.4900      0.69382256      0.28685890
       3758.7800      0.61867463      0.28583236
       3763.0600      0.50977502      0.28481180
       3767.3500      0.83282380      0.28379244
       3771.6400       1.0846701      0.28277668
       3775.9200       1.0346309      0.28176686
       3780.2100      0.76520828      0.28075825
       3784.4900      0.66344555      0.27975555
       3788.7800      0.75366432      0.27875407
       3793.0600      0.73024192      0.27775847
       3797.3500       1.0399883      0.27676410
       3801.6300       1.3375498      0.27577557
       3805.9200      0.98252383      0.27478828
       3810.2000      0.66476036      0.27380681
       3814.4900      0.90051341      0.27282657
       3818.7700       1.3383109      0.27185213
       3823.0600       1.2236223      0.27087893
       3827.3400      0.57105777      0.26991149
       3831.6300      0.53773369      0.26894529
       3835.9100      0.62033592      0.26798483
       3840.2000      0.54157700      0.26702562
       3844.4800      0.58581318      0.26607211
       3848.7700       1.0439237      0.26511986
       3853.0500       1.0816659      0.26417328
       3857.3400      0.90092798      0.26322796
       3861.6200      0.73710341      0.26228830
       3865.9100      0.85469604      0.26134989
       3870.1900      0.99309245      0.26041710
       3874.4800      0.52128193      0.25948558
       3878.7700      0.11824854      0.25855749
       3883.0500      0.39755482      0.25763499
       3887.3400      0.70525236      0.25671375
       3891.6200      0.73928443      0.25579807
       3895.9100      0.76482175      0.25488366
       3900.1900      0.76495593      0.25397478
       3904.4800      0.92145237      0.25306717
       3908.7600       1.1695675      0.25216506
       3913.0500       1.0483999      0.25126423
       3917.3300      0.59316835      0.25036887
       3921.6200      0.52195586      0.24947478
       3925.9000      0.76054984      0.24858615
       3930.1900      0.81781904      0.24769880
       3934.4700      0.54795382      0.24681686
       3938.7600      0.75225237      0.24593621
       3943.0400      0.87616974      0.24506095
       3947.3300       1.0834785      0.24418698
       3951.6100       1.2626462      0.24331837
       3955.9000       1.3562257      0.24245106
       3960.1800       1.3270153      0.24158908
       3964.4700       1.4306286      0.24072839
       3968.7500       1.6439636      0.23987301
       3973.0400       1.4181213      0.23901894
       3977.3200       1.1937510      0.23817014
       3981.6100       1.1832164      0.23732264
       3985.9000       1.2641683      0.23647843
       3990.1800       1.2102137      0.23563946
       3994.4700      0.95396433      0.23480180
       3998.7500      0.81009236      0.23396934
       4003.0400      0.85864551      0.23313820
       4007.3200       1.0431427      0.23231224
       4011.6100      0.90919842      0.23148760
       4015.8900      0.87505620      0.23066811
       4020.1800       1.2594718      0.22984994
       4024.4600       1.2159116      0.22903689
       4028.7500       1.0793527      0.22822517
       4033.0300       1.1620772      0.22741854
       4037.3200      0.98631908      0.22661324
       4041.6000      0.99430813      0.22581302
       4045.8900       1.2847168      0.22501412
       4050.1700       1.1760865      0.22422026
       4054.4600      0.94599631      0.22342774
       4058.7400       1.0796031      0.22264023
       4063.0300       1.3290280      0.22185406
       4067.3100       1.3693839      0.22107288
       4071.6000       1.1866812      0.22029303
       4075.8800       1.1956436      0.21951815
       4080.1700       1.3900024      0.21874461
       4084.4500       1.5594868      0.21797600
       4088.7400       1.5242080      0.21720874
       4093.0200       1.3069876      0.21644638
       4097.3100      0.89906741      0.21568537
       4101.6000      0.65297306      0.21492748
       4105.8800       1.0343205      0.21417446
       4110.1700       1.1637895      0.21342279
       4114.4500      0.86842703      0.21267596
       4118.7400      0.85032200      0.21193048
       4123.0200      0.87214117      0.21118982
       4127.3100      0.84154285      0.21045050
       4131.5900       1.0161153      0.20971598
       4135.8800       1.0534770      0.20898282
       4140.1600      0.84852351      0.20825442
       4144.4500      0.97096885      0.20752737
       4148.7300      0.95004792      0.20680506
       4153.0200      0.94685450      0.20608411
       4157.3000      0.90735888      0.20536787
       4161.5900      0.96290069      0.20465299
       4165.8700       1.0066923      0.20394280
       4170.1600       1.0363132      0.20323396
       4174.4400      0.96654874      0.20252979
       4178.7300      0.73300775      0.20182698
       4183.0100      0.52088238      0.20112880
       4187.3000      0.58453541      0.20043199
       4191.5800      0.81861915      0.19973979
       4195.8700      0.80699007      0.19904895
       4200.1500      0.71802903      0.19836270
       4204.4400      0.78864570      0.19767781
       4208.7300      0.68288643      0.19699589
       4213.0100      0.64714500      0.19631851
       4217.3000      0.81106070      0.19564251
       4221.5800      0.79747591      0.19497102
       4225.8700      0.73202038      0.19430091
       4230.1500      0.67047427      0.19363528
       4234.4400      0.69928912      0.19297103
       4238.7200      0.57122701      0.19231124
       4243.0100      0.47504399      0.19165283
       4247.2900      0.55299880      0.19099886
       4251.5800      0.54405142      0.19034627
       4255.8600      0.61172602      0.18969808
       4260.1500      0.71936789      0.18905128
       4264.4300      0.62478207      0.18840887
       4268.7200      0.62953064      0.18776783
       4273.0000      0.61515776      0.18713116
       4277.2900      0.63317869      0.18649586
       4281.5700      0.68141740      0.18586491
       4285.8600      0.66725081      0.18523533
       4290.1400      0.50198124      0.18461007
       4294.4300      0.46519436      0.18398619
       4298.7100      0.54131464      0.18336660
       4303.0000      0.68036394      0.18274839
       4307.2800      0.71605831      0.18213444
       4311.5700      0.57038384      0.18152188
       4315.8500      0.47092729      0.18091355
       4320.1400      0.39489714      0.18030661
       4324.4300      0.25206661      0.17970247
       4328.7100      0.23322255      0.17910253
       4333.0000      0.38445470      0.17850398
       4337.2800      0.46299733      0.17790960
       4341.5700      0.25643966      0.17731661
       4345.8500      0.27316178      0.17672776
       4350.1400      0.57606970      0.17614031
       4354.4200      0.60014200      0.17555697
       4358.7100      0.46912480      0.17497503
       4362.9900      0.66263242      0.17439719
       4367.2800      0.77162816      0.17382073
       4371.5600      0.69891059      0.17324835
       4375.8500      0.73494243      0.17267736
       4380.1300      0.72079886      0.17211041
       4384.4200      0.64761365      0.17154486
       4388.7000      0.56565029      0.17098333
       4392.9900      0.61936058      0.17042319
       4397.2700      0.66390819      0.16986705
       4401.5600      0.64041569      0.16931230
       4405.8400      0.48321929      0.16876153
       4410.1300      0.56816477      0.16821214
       4414.4100      0.71444007      0.16766671
       4418.7000      0.74388479      0.16712267
       4422.9800      0.75394771      0.16658256
       4427.2700      0.79961987      0.16604383
       4431.5600      0.74375862      0.16550776
       4435.8400      0.66063165      0.16497558
       4440.1200      0.67801069      0.16444603
       4444.4100      0.56316586      0.16391787
       4448.7000      0.58570403      0.16339233
       4452.9800      0.81280311      0.16287064
       4457.2700      0.82455937      0.16235034
       4461.5500      0.91706029      0.16183386
       4465.8400      0.72029116      0.16131876
       4470.1200      0.63260189      0.16080746
       4474.4100      0.68238975      0.16029755
       4478.6900      0.64218114      0.15979141
       4482.9800      0.60852659      0.15928666
       4487.2600      0.70943515      0.15878566
       4491.5500      0.70412280      0.15828604
       4495.8300      0.48916952      0.15779015
       4500.1200      0.53630171      0.15729564
       4504.4000      0.65199371      0.15680483
       4508.6900      0.53883220      0.15631542
       4512.9700      0.36772657      0.15582967
       4517.2600      0.44337118      0.15534531
       4521.5400      0.59302816      0.15486461
       4525.8300      0.55774837      0.15438529
       4530.1100      0.49162892      0.15390959
       4534.4000      0.68855027      0.15343529
       4538.6800      0.76479571      0.15296459
       4542.9700      0.74990011      0.15249527
       4547.2500      0.92963468      0.15202953
       4551.5400      0.93205103      0.15156518
       4555.8300      0.92328590      0.15110331
       4560.1100       1.1180162      0.15064497
       4564.4000       1.2184952      0.15018803
       4568.6800       1.3553945      0.14973460
       4572.9700       1.4716353      0.14928256
       4577.2500       1.5914510      0.14883401
       4581.5400       1.4876775      0.14838685
       4585.8200       1.2252045      0.14794315
       4590.1100       1.1421196      0.14750085
       4594.3900       1.1507815      0.14706199
       4598.6800       1.0752671      0.14662451
       4602.9600       1.0914294      0.14619046
       4607.2500       1.2245736      0.14575779
       4611.5300       1.2800804      0.14532852
       4615.8200       1.3908235      0.14490064
       4620.1000       1.3913342      0.14447612
       4624.3900       1.3430975      0.14405300
       4628.6700       1.3607619      0.14363322
       4632.9600       1.2856481      0.14321483
       4637.2400       1.2189158      0.14279976
       4641.5300       1.2333357      0.14238608
       4645.8100       1.1942917      0.14197570
       4650.1000       1.2093625      0.14156670
       4654.3800       1.3252428      0.14116098
       4658.6700       1.3574674      0.14075664
       4662.9600       1.3845749      0.14035463
       4667.2400       1.4023795      0.13995586
       4671.5300       1.4703735      0.13955847
       4675.8100       1.5964279      0.13916430
       4680.1000       1.5214141      0.13877151
       4684.3800       1.3544833      0.13838192
       4688.6700       1.3481044      0.13799371
       4692.9500       1.3120746      0.13760867
       4697.2400       1.2321541      0.13722501
       4701.5200       1.2224707      0.13684450
       4705.8100       1.1824954      0.13646537
       4710.0900       1.1470163      0.13608937
       4714.3800       1.1179461      0.13571473
       4718.6600       1.0739453      0.13534321
       4722.9500       1.1474369      0.13497305
       4727.2300       1.0875741      0.13460599
       4731.5200      0.98633710      0.13424029
       4735.8000      0.97966488      0.13387765
       4740.0900      0.97857938      0.13351638
       4744.3700      0.97293257      0.13315815
       4748.6600       1.0217531      0.13280129
       4752.9400       1.0915596      0.13244744
       4757.2300       1.1281602      0.13209496
       4761.5100       1.1920586      0.13174547
       4765.8000       1.2637578      0.13139734
       4770.0900       1.1507114      0.13105139
       4774.3700       1.0572221      0.13070839
       4778.6600       1.0671559      0.13036676
       4782.9400       1.0369641      0.13002806
       4787.2300      0.90719765      0.12969072
       4791.5100      0.84463713      0.12935631
       4795.8000      0.83854771      0.12902324
       4800.0800      0.74804254      0.12869307
       4804.3700      0.68792640      0.12836425
       4808.6500      0.66104422      0.12803830
       4812.9400      0.53626966      0.12771370
       4817.2200      0.59283689      0.12739196
       4821.5100      0.66457711      0.12707156
       4825.7900      0.73492240      0.12675399
       4830.0800      0.87667344      0.12643777
       4834.3600       1.0483999      0.12612436
       4838.6500       1.2604031      0.12581228
       4842.9300       1.4783746      0.12550299
       4847.2200       1.5405606      0.12519505
       4851.5000       1.5555814      0.12488986
       4855.7900       1.6920902      0.12458602
       4860.0700       1.7501505      0.12428491
       4864.3600       1.6618283      0.12398514
       4868.6400       1.5422529      0.12368810
       4872.9300       1.4206247      0.12339238
       4877.2100       1.3483548      0.12309936
       4881.5000       1.2691853      0.12280767
       4885.7900       1.1200891      0.12251799
       4890.0700       1.0687681      0.12223098
       4894.3600       1.1609957      0.12194529
       4898.6400       1.2085414      0.12166225
       4902.9300       1.2062482      0.12138053
       4907.2100       1.3139672      0.12110143
       4911.5000       1.4974109      0.12082365
       4915.7800       1.6133513      0.12054848
       4920.0700       1.6542278      0.12027462
       4924.3500       1.6400282      0.12000334
       4928.6400       1.5238575      0.11973338
       4932.9200       1.3699647      0.11946597
       4937.2100       1.3934271      0.11919988
       4941.4900       1.4455192      0.11893633
       4945.7800       1.3541828      0.11867408
       4950.0600       1.2188957      0.11841435
       4954.3500       1.0727636      0.11815592
       4958.6300       1.0206616      0.11790110
       4962.9200       1.0179678      0.11764556
       4967.2000      0.97087572      0.11739113
       4971.4900      0.87892455      0.11714097
       4975.7700      0.83766950      0.11689425
       4980.0600      0.86762693      0.11664775
       4984.3400      0.87081834      0.11640399
       4988.6300      0.93777895      0.11616087
       4992.9200       1.0959857      0.11591838
       4997.2000       1.1913076      0.11567645
       5001.4900       1.3564860      0.11543889
       5005.7700       1.5849720      0.11520521
       5010.0600       1.6837486      0.11497238
       5014.3400       1.6621387      0.11473902
       5018.6300       1.7002214      0.11450795
       5022.9100       1.7274290      0.11428147
       5027.2000       1.6849903      0.11405450
       5031.4800       1.6382257      0.11382711
       5035.7700       1.5380371      0.11360266
       5040.0500       1.3698645      0.11338369
       5044.3400       1.2897537      0.11316587
       5048.6200       1.2964630      0.11294764
       5052.9100       1.2450419      0.11273017
       5057.1900       1.1948525      0.11251665
       5061.4800       1.1693172      0.11230413
       5065.7600       1.0898573      0.11209347
       5070.0500       1.1218415      0.11188490
       5074.3300       1.2062182      0.11167880
       5078.6200       1.1474669      0.11147239
       5082.9000       1.0483198      0.11126754
       5087.1900       1.0134115      0.11106473
       5091.4700      0.98716725      0.11086538
       5095.7600       1.0098366      0.11066774
       5100.0400      0.97617805      0.11047054
       5104.3300      0.84610717      0.11027507
       5108.6200      0.85259714      0.11008127
       5112.9000      0.85636936      0.10988842
       5117.1900      0.79403815      0.10969910
       5121.4700      0.68496230      0.10951128
       5125.7600      0.62526775      0.10932213
       5130.0400      0.60994856      0.10913767
       5134.3300      0.54287480      0.10895518
       5138.6100      0.56356541      0.10877368
       5142.9000      0.62198721      0.10859319
       5147.1800      0.68975994      0.10841335
       5151.4700      0.71958418      0.10823525
       5155.7500      0.75174767      0.10806123
       5160.0400      0.84108021      0.10788836
       5164.3200      0.85755700      0.10771606
       5168.6100      0.88059787      0.10754505
       5172.8900      0.98304856      0.10737609
       5177.1800       1.0360529      0.10720846
       5181.4600       1.0936025      0.10704259
       5185.7500       1.1612560      0.10687795
       5190.0300       1.1069910      0.10671525
       5194.3200       1.1461952      0.10655434
       5198.6000       1.1218015      0.10639550
       5202.8900       1.0358726      0.10623699
       5207.1700       1.1119178      0.10608033
       5211.4600       1.2525723      0.10592465
       5215.7500       1.3028318      0.10577192
       5220.0300       1.2561272      0.10562068
       5224.3200       1.1798017      0.10547039
       5228.6000       1.1983774      0.10532146
       5232.8900       1.2045259      0.10517393
       5237.1700       1.1878027      0.10502899
       5241.4600       1.2052769      0.10488457
       5245.7400       1.1840375      0.10474123
       5250.0300       1.1399165      0.10459938
       5254.3100       1.1113870      0.10445987
       5258.6000       1.2078805      0.10432143
       5262.8800       1.2355488      0.10418414
       5267.1700       1.0748165      0.10404873
       5271.4500       1.1072714      0.10391528
       5275.7400       1.1145014      0.10378276
       5280.0200       1.0455260      0.10365228
       5284.3100       1.0154444      0.10352237
       5288.5900       1.0567515      0.10339465
       5292.8800       1.0863424      0.10326797
       5297.1600       1.1066605      0.10314230
       5301.4500       1.1204596      0.10301696
       5305.7300       1.1992886      0.10289518
       5310.0200       1.3737900      0.10277466
       5314.3000       1.4082076      0.10265535
       5318.5900       1.3265146      0.10253641
       5322.8700       1.3830227      0.10241946
       5327.1600       1.3543731      0.10230348
       5331.4500       1.3052852      0.10218943
       5335.7300       1.2649995      0.10207680
       5340.0200       1.2894533      0.10196446
       5344.3000       1.2259655      0.10185418
       5348.5900       1.1481178      0.10174628
       5352.8700       1.2554863      0.10164031
       5357.1600       1.2794194      0.10153346
       5361.4400       1.3029219      0.10142710
       5365.7300       1.4029503      0.10132249
       5370.0100       1.3593800      0.10122206
       5374.3000       1.3440889      0.10112116
       5378.5800       1.3626045      0.10102158
       5382.8700       1.3277963      0.10092259
       5387.1500       1.3465623      0.10082692
       5391.4400       1.4154376      0.10073169
       5395.7200       1.4046526      0.10063725
       5400.0100       1.3722278      0.10054314
       5404.2900       1.4436065      0.10045195
       5408.5800       1.5396493      0.10036211
       5412.8600       1.5512454      0.10027260
       5417.1500       1.5805359      0.10018380
       5421.4300       1.5878660      0.10009599
       5425.7200       1.4757109      0.10001026
       5430.0000       1.3834233     0.099926509
       5434.2900       1.4436666     0.099844092
       5438.5800       1.4472816     0.099762260
       5442.8600       1.3024513     0.099681682
       5447.1500       1.3085898     0.099601910
       5451.4300       1.2918066     0.099524496
       5455.7200       1.2023028     0.099446620
       5460.0000       1.2763352     0.099369436
       5464.2900       1.2847768     0.099294659
       5468.5700       1.2832447     0.099221905
       5472.8600       1.3170014     0.099149265
       5477.1400       1.2631069     0.099078027
       5481.4300       1.2426886     0.099008339
       5485.7100       1.2954716     0.098940070
       5490.0000       1.2801805     0.098872269
       5494.2800       1.2011212     0.098805524
       5498.5700       1.2395142     0.098739501
       5502.8500       1.2966132     0.098675151
       5507.1400       1.4113920     0.098611646
       5511.4200       1.5193613     0.098549921
       5515.7100       1.5046209     0.098488938
       5519.9900       1.5364749     0.098429440
       5524.2800       1.6394474     0.098370820
       5528.5600       1.6039983     0.098312970
       5532.8500       1.6106676     0.098256143
       5537.1300       1.6861019     0.098200754
       5541.4200       1.5906399     0.098146147
       5545.7100       1.5121112     0.098092376
       5549.9900       1.5008256     0.098040387
       5554.2800       1.4438068     0.097989664
       5558.5600       1.3849654     0.097939040
       5562.8500       1.3517895     0.097889548
       5567.1300       1.3316417     0.097841528
       5571.4200       1.3210370     0.097794020
       5575.7000       1.2214893     0.097748344
       5579.9900       1.2305619     0.097703424
       5584.2700       1.2460833     0.097659201
       5588.5600       1.1043073     0.097616041
       5592.8400       1.0673962     0.097574556
       5597.1300       1.0707008     0.097533667
       5601.4100       1.0113287     0.097493296
       5605.7000       1.0092858     0.097453630
       5609.9800       1.0181882     0.097415647
       5614.2700       1.0047095     0.097378488
       5618.5500      0.97266419     0.097341996
       5622.8400      0.97429345     0.097306657
       5627.1200      0.95379009     0.097273807
       5631.4100      0.99410084     0.097240351
       5635.6900       1.1862306     0.097206271
       5639.9800       1.2312829     0.097174281
       5644.2600       1.1733127     0.097145352
       5648.5500       1.2854778     0.097116660
       5652.8300       1.3611725     0.097087383
       5657.1200       1.3471932     0.097058626
       5661.4100       1.3783763     0.097032261
       5665.6900       1.3819112     0.097007630
       5669.9800       1.3882299     0.096983004
       5674.2600       1.3994154     0.096958384
       5678.5500       1.3914344     0.096933196
       5682.8300       1.4255716     0.096910991
       5687.1200       1.3996357     0.096889798
       5691.4000       1.2956919     0.096869320
       5695.6900       1.3321524     0.096847686
       5699.9700       1.3903729     0.096828816
       5704.2600       1.3900925     0.096812028
       5708.5400       1.3529411     0.096795747
       5712.8300       1.3090905     0.096778417
       5717.1100       1.2411065     0.096761927
       5721.4000       1.3386914     0.096746952
       5725.6800       1.4077069     0.096733550
       5729.9700       1.2806411     0.096721585
       5734.2500       1.2769260     0.096709470
       5738.5400       1.3695441     0.096696910
       5742.8200       1.3508082     0.096685165
       5747.1100       1.2713483     0.096675049
       5751.3900       1.1707592     0.096665834
       5755.6800       1.2602229     0.096657357
       5759.9600       1.3114838     0.096649375
       5764.2500       1.3026215     0.096642594
       5768.5300       1.3086499     0.096636770
       5772.8200       1.2390837     0.096631200
       5777.1000       1.1540260     0.096626134
       5781.3900       1.0923307     0.096621947
       5785.6800       1.1126888     0.096618627
       5789.9600       1.0232351     0.096616231
       5794.2500      0.90714658     0.096614557
       5798.5300      0.85038709     0.096613601
       5802.8200      0.86604975     0.096612712
       5807.1000      0.92435939     0.096612343
       5811.3900      0.94595425     0.096616196
       5815.6700      0.86541186     0.096636906
       5819.9600      0.79413228     0.096711438
       5824.2400      0.91393297     0.096885946
       5828.5300      0.95367794     0.097176373
       5832.8100      0.81493806     0.097500116
       5837.1000      0.68081557     0.097694933
       5841.3800      0.74419823     0.097730727
       5845.6700      0.74561018     0.097708222
       5849.9500      0.74938240     0.097573018
       5854.2400      0.84623534     0.097389963
       5858.5200      0.90033516     0.097361813
       5862.8100       1.1060897     0.097504902
       5867.0900       1.2284289     0.097638544
       5871.3800       1.2836052     0.097519116
       5875.6600       1.4489639     0.097244143
       5879.9500       1.4110315     0.097127204
       5884.2300       1.3895518     0.097315597
       5888.5200       1.4243799     0.097693766
       5892.8100       1.4172000     0.097856706
       5897.0900       1.4808781     0.097648977
       5901.3800       1.4876574     0.097393410
       5905.6600       1.4433562     0.097293462
       5909.9500       1.3763735     0.097286779
       5914.2300       1.4110615     0.097336824
       5918.5200       1.4126637     0.097356930
       5922.8000       1.3712564     0.097323064
       5927.0900       1.3789571     0.097259420
       5931.3700       1.4554729     0.097211410
       5935.6600       1.4301679     0.097212357
       5939.9400       1.2909153     0.097196287
       5944.2300       1.2773766     0.097146662
       5948.5100       1.3119444     0.097098816
       5952.8000       1.2505595     0.097059603
       5957.0800       1.2088719     0.097038401
       5961.3700       1.2687647     0.097041352
       5965.6500       1.2973142     0.097056964
       5969.9400       1.2106343     0.097077962
       5974.2200       1.1658123     0.097100890
       5978.5100       1.2576093     0.097124581
       5982.7900       1.3168913     0.097148236
       5987.0800       1.2470847     0.097172430
       5991.3600       1.1576911     0.097196458
       5995.6500       1.0857916     0.097221351
       5999.9400       1.1821049     0.097246587
       6004.2200       1.2277780     0.097272679
       6008.5100       1.1688365     0.097299354
       6012.7900       1.1056191     0.097325939
       6017.0800       1.1578613     0.097352677
       6021.3600       1.2521517     0.097379809
       6025.6500       1.1966750     0.097407474
       6029.9300       1.1591231     0.097435548
       6034.2200       1.1683959     0.097464366
       6038.5000       1.2294003     0.097493532
       6042.7900       1.2140791     0.097522547
       6047.0700       1.1700682     0.097551857
       6051.3600       1.1880030     0.097581622
       6055.6400       1.1959340     0.097611480
       6059.9300       1.1501306     0.097642086
       6064.2100       1.1226326     0.097673337
       6068.5000       1.1451537     0.097705104
       6072.7800       1.1644104     0.097736739
       6077.0700       1.1252662     0.097768489
       6081.3500       1.0981888     0.097800408
       6085.6400       1.0482497     0.097832828
       6089.9200       1.0280017     0.097865525
       6094.2100       1.0432528     0.097899033
       6098.4900       1.0275912     0.097932701
       6102.7800      0.98613382     0.097966352
       6107.0600      0.97976401     0.098000044
       6111.3500       1.0161453     0.098034221
       6115.6400       1.0126004     0.098068863
       6119.9200       1.0355822     0.098103994
       6124.2100       1.1730223     0.098138957
       6128.4900       1.2280284     0.098173319
       6132.7800       1.2017620     0.098208361
       6137.0600       1.2257152     0.098244744
       6141.3500       1.2683441     0.098281118
       6145.6300       1.2422380     0.098317045
       6149.9200       1.1801922     0.098352799
       6154.2000       1.1844181     0.098389634
       6158.4900       1.1999796     0.098426331
       6162.7700       1.1038666     0.098463224
       6167.0600       1.1038767     0.098500425
       6171.3400       1.1107361     0.098537544
       6175.6300       1.1250259     0.098575201
       6179.9100       1.0930817     0.098613003
       6184.2000       1.0177475     0.098651139
       6188.4800       1.0271105     0.098688860
       6192.7700       1.0111284     0.098727769
       6197.0500      0.98742861     0.098771431
       6201.3400      0.93724922     0.098830991
       6205.6200      0.84358568     0.098930843
       6209.9100      0.90345948     0.099173855
       6214.1900      0.99562295     0.099879158
       6218.4800       1.0222237      0.10125965
       6222.7700       1.0395777      0.10241845
       6227.0500       1.0759580      0.10225854
       6231.3400       1.0975880      0.10151263
       6235.6200       1.0603465      0.10122062
       6239.9100       1.0793227      0.10120882
       6244.1900       1.1013432      0.10108224
       6248.4800       1.0954750      0.10085119
       6252.7600       1.0903680      0.10063386
       6257.0500       1.0977282      0.10046656
       6261.3300       1.0608171      0.10034072
       6265.6200       1.0916197      0.10023063
       6269.9000       1.1897855      0.10013140
       6274.1900       1.1631586      0.10005884
       6278.4700       1.1292117      0.10001892
       6282.7600       1.1120980      0.10000998
       6287.0400       1.1889143      0.10001709
       6291.3300       1.1570302      0.10001653
       6295.6100       1.0909488      0.10000479
       6299.9000       1.1720309     0.099998911
       6304.1800       1.1887340      0.10000373
       6308.4700       1.0767992      0.10001239
       6312.7500       1.0409396      0.10002368
       6317.0400       1.0620989      0.10002661
       6321.3200       1.0886055      0.10002870
       6325.6100       1.0675765      0.10005307
       6329.9000       1.1302331      0.10009174
       6334.1800       1.1383443      0.10011289
       6338.4700       1.0746462      0.10011437
       6342.7500       1.0440840      0.10012299
       6347.0400       1.0969170      0.10014984
       6351.3200       1.1323260      0.10018674
       6355.6100       1.0888859      0.10022636
       6359.8900       1.1016035      0.10026532
       6364.1800       1.1316451      0.10030417
       6368.4600       1.1273491      0.10034284
       6372.7500       1.0730240      0.10038182
       6377.0300      0.98382964      0.10042087
       6381.3200      0.99249061      0.10046232
       6385.6000       1.0064119      0.10050744
       6389.8900      0.98500827      0.10056292
       6394.1700      0.99124890      0.10064693
       6398.4600       1.0017054      0.10077856
       6402.7400       1.0367638      0.10094521
       6407.0300      0.99295125      0.10114613
       6411.3100      0.97090877      0.10140863
       6415.6000      0.94587314      0.10169905
       6419.8800      0.94075907      0.10188072
       6424.1700      0.98114592      0.10189485
       6428.4500       1.0204513      0.10182010
       6432.7400       1.0344707      0.10171992
       6437.0200       1.0329386      0.10157030
       6441.3100      0.97551113      0.10137354
       6445.6000      0.87013039      0.10127220
       6449.8800      0.84271247      0.10141039
       6454.1700      0.74452668      0.10176434
       6458.4500      0.62826589      0.10202986
       6462.7400      0.60780760      0.10192891
       6467.0200      0.57112987      0.10164413
       6471.3100      0.51740557      0.10149200
       6475.5900      0.49382496      0.10149468
       6479.8800      0.48813209      0.10156130
       6484.1600      0.53526127      0.10169302
       6488.4500      0.58359511      0.10183960
       6492.7300      0.63079539      0.10191125
       6497.0200      0.65540743      0.10191708
       6501.3000      0.64584821      0.10191388
       6505.5900      0.74669969      0.10190795
       6509.8700      0.92241570      0.10188837
       6514.1600       1.0819063      0.10186184
       6518.4400       1.2507698      0.10180983
       6522.7300       1.4843428      0.10175345
       6527.0100       1.7750950      0.10172065
       6531.3000       1.9083993      0.10169191
       6535.5800       1.9823216      0.10168196
       6539.8700       2.0763416      0.10171077
       6544.1500       2.0564240      0.10175579
       6548.4400       1.9796078      0.10179865
       6552.7200       2.0426350      0.10183689
       6557.0100       2.1979698      0.10187030
       6561.3000       2.2902574      0.10189986
       6565.5800       2.2767688      0.10192780
       6569.8700       2.1399596      0.10195572
       6574.1500       2.0141656      0.10198303
       6578.4400       2.1440552      0.10201042
       6582.7200       2.0951676      0.10203672
       6587.0100       2.0520280      0.10206191
       6591.2900       1.9981635      0.10208694
       6595.5800       1.9209166      0.10211162
       6599.8600       1.8477955      0.10213691
       6604.1500       1.7481877      0.10216131
       6608.4300       1.7188872      0.10218522
       6612.7200       1.6860718      0.10220881
       6617.0000       1.6182180      0.10223185
       6621.2900       1.5393689      0.10225436
       6625.5700       1.5065936      0.10227625
       6629.8600       1.4314697      0.10229772
       6634.1400       1.3223889      0.10231864
       6638.4300       1.3406842      0.10233888
       6642.7100       1.3475437      0.10235938
       6647.0000       1.2306520      0.10237927
       6651.2800       1.1657222      0.10239816
       6655.5700       1.1412984      0.10241667
       6659.8500       1.1155128      0.10243482
       6664.1400       1.1987679      0.10245251
       6668.4300       1.1687163      0.10246931
       6672.7100       1.1172051      0.10248615
       6677.0000       1.1356206      0.10250206
       6681.2800       1.1103156      0.10251777
       6685.5700       1.0368840      0.10253267
       6689.8500       1.0197503      0.10254676
       6694.1400       1.0467376      0.10256011
       6698.4200      0.98233958      0.10257313
       6702.7100      0.95599214      0.10258596
       6706.9900       1.0191996      0.10259819
       6711.2800       1.0312863      0.10260997
       6715.5600       1.0185286      0.10262107
       6719.8500       1.0203011      0.10263134
       6724.1300       1.0005508      0.10264072
       6728.4200      0.99589833      0.10265000
       6732.7000       1.0594152      0.10265817
       6736.9900       1.0860320      0.10266601
       6741.2700       1.0408795      0.10267348
       6745.5600       1.0802940      0.10267968
       6749.8400       1.0722730      0.10268556
       6754.1300       1.0449552      0.10269097
       6758.4100       1.0527459      0.10269576
       6762.7000       1.0649628      0.10270027
       6766.9800       1.0026266      0.10270383
       6771.2700      0.99961547      0.10270638
       6775.5600       1.0796231      0.10270745
       6779.8400       1.0949043      0.10270814
       6784.1300       1.0706808      0.10271176
       6788.4100       1.0439938      0.10275092
       6792.7000       1.0886957      0.10308501
       6796.9800       1.1294020      0.10481537
       6801.2700       1.1282704      0.11024366
       6805.5500       1.0662847      0.12021460
       6809.8400      0.94161125      0.12895669
       6814.1200      0.87712206      0.12824799
       6818.4100      0.97145152      0.12166241
       6822.6900       1.0518247      0.11737790
       6826.9800      0.98830382      0.11684053
       6831.2600      0.99825659      0.11713354
       6835.5500       1.0995507      0.11626777
       6839.8300       1.0013849      0.11447045
       6844.1200       1.0573523      0.11245285
       6848.4000       1.0373346      0.11057893
       6852.6900      0.98377556      0.10898907
       6856.9700       1.0204613      0.10778914
       6861.2600       1.0860120      0.10700327
       6865.5400       1.0348512      0.10655323
       6869.8300      0.89194456      0.10632986
       6874.1100      0.86940539      0.10628786
       6878.4000      0.84877786      0.10626850
       6882.6900      0.96182320      0.10601893
       6886.9700      0.92245475      0.10560013
       6891.2600      0.85888083      0.10525137
       6895.5400      0.90624233      0.10490831
       6899.8300      0.94843469      0.10431788
       6904.1100      0.96967606      0.10358359
       6908.4000      0.95441395      0.10307150
       6912.6800      0.96411938      0.10292988
       6916.9700       1.0525256      0.10310535
       6921.2500      0.99206402      0.10352699
       6925.5400      0.92980993      0.10399306
       6929.8200      0.88982763      0.10420739
       6934.1100      0.96102410      0.10415268
       6938.3900      0.98559608      0.10404275
       6942.6800      0.91357948      0.10396272
       6946.9600      0.86708017      0.10388229
       6951.2500      0.88028543      0.10382759
       6955.5300      0.88123274      0.10380638
       6959.8200      0.85511863      0.10375701
       6964.1000      0.85444670      0.10357243
       6968.3900      0.85864150      0.10324596
       6972.6700      0.89952504      0.10299872
       6976.9600      0.96286965      0.10289715
       6981.2400      0.98349618      0.10281495
       6985.5300       1.0902678      0.10276546
       6989.8100       1.1315049      0.10274894
       6994.1000       1.0714718      0.10266289
       6998.3800       1.0544783      0.10250649
       7002.6700       1.0833783      0.10233604
       7006.9600       1.0971373      0.10219150
       7011.2400       1.0446147      0.10210455
       7015.5300       1.0333992      0.10203473
       7019.8100       1.0005187      0.10192764
       7024.1000       1.0209119      0.10181138
       7028.3800      0.96815296      0.10172509
       7032.6700      0.97479915      0.10166699
       7036.9500       1.0165759      0.10162023
       7041.2400      0.95540533      0.10155763
       7045.5200      0.95785271      0.10146886
       7049.8100      0.99285712      0.10137509
       7054.0900      0.89699955      0.10130396
       7058.3800      0.93108769      0.10126489
       7062.6600      0.91031997      0.10125168
       7066.9500      0.93186577      0.10124247
       7071.2300      0.92844103      0.10122847
       7075.5200      0.93846390      0.10124256
       7079.8000      0.95278270      0.10131274
       7084.0900      0.91544105      0.10141203
       7088.3700      0.85153868      0.10153263
       7092.6600      0.88185460      0.10185948
       7096.9400      0.98222942      0.10279396
       7101.2300      0.99234541      0.10462850
       7105.5100      0.99368927      0.10704677
       7109.8000      0.92554603      0.10926457
       7114.0800      0.94921376      0.11093362
       7118.3700      0.95236312      0.11235785
       7122.6600      0.91120019      0.11331747
       7126.9400      0.91957677      0.11327835
       7131.2300      0.95116346      0.11257521
       7135.5100      0.87550082      0.11160342
       7139.8000      0.81805237      0.10984213
       7144.0800      0.89623249      0.10707736
       7148.3700      0.87237750      0.10436113
       7152.6500      0.91344630      0.10281625
       7156.9400       1.0337196      0.10263507
       7161.2200       1.0106778      0.10361779
       7165.5100       1.0182282      0.10549513
       7169.7900       1.0055306      0.10744498
       7174.0800      0.98020562      0.10843710
       7178.3600       1.0088152      0.10832193
       7182.6500      0.98938532      0.10772447
       7186.9300      0.90399923      0.10712047
       7191.2200      0.88011720      0.10651196
       7195.5000      0.88753646      0.10598490
       7199.7900      0.95728593      0.10575023
       7204.0700       1.0663147      0.10585528
       7208.3600       1.0812954      0.10611060
       7212.6400      0.98764892      0.10582514
       7216.9300      0.91382081      0.10489935
       7221.2100      0.96555837      0.10433731
       7225.5000       1.0135618      0.10432210
       7229.7900      0.97837609      0.10411901
       7234.0700      0.97062237      0.10374581
       7238.3600      0.92374955      0.10352235
       7242.6400      0.87587133      0.10322551
       7246.9300       1.0397980      0.10266567
       7251.2100       1.0954350      0.10184408
       7255.5000      0.98103477      0.10079465
       7259.7800      0.90068064     0.099823662
       7264.0700      0.81704898     0.099202293
       7268.3500      0.95039139     0.098775444
       7272.6400       1.0240362     0.098351045
       7276.9200      0.90798875     0.098046128
       7281.2100      0.94434403     0.097919885
       7285.4900       1.0083846     0.097829645
       7289.7800      0.95305808     0.097722994
       7294.0600       1.0121298     0.097643338
       7298.3500       1.0493513     0.097528164
       7302.6300       1.0330087     0.097272936
       7306.9200       1.0083445     0.096906743
       7311.2000      0.90137060     0.096578208
       7315.4900      0.89941789     0.096361131
       7319.7700      0.96962900     0.096197135
       7324.0600       1.0064920     0.096018563
       7328.3400      0.98578935     0.095793483
       7332.6300      0.97040106     0.095509002
       7336.9200       1.0280718     0.095218884
       7341.2000      0.98906287     0.094986482
       7345.4900      0.97524777     0.094799942
       7349.7700       1.0095662     0.094622366
       7354.0600       1.0457363     0.094447494
       7358.3400       1.0100769     0.094270221
       7362.6300      0.95422469     0.094076773
       7366.9100      0.93142616     0.093882068
       7371.2000      0.82912368     0.093704869
       7375.4800      0.84158091     0.093535766
       7379.7700      0.89346867     0.093360612
       7384.0500      0.75949138     0.093185910
       7388.3400      0.83577488     0.093017904
       7392.6200      0.95588098     0.092855262
       7396.9100      0.93134405     0.092693635
       7401.1900      0.99102859     0.092531526
       7405.4800      0.85614204     0.092367912
       7409.7600      0.74298855     0.092203711
       7414.0500      0.87513231     0.092037387
       7418.3300      0.85613203     0.091869197
       7422.6200      0.68784729     0.091699197
       7426.9000      0.74107991     0.091527919
       7431.1900      0.91762908     0.091354821
       7435.4700       1.0000000     0.091180675
       7439.7600       1.0098867     0.091004687
       7444.0400      0.95868086     0.090827509
       7448.3300       1.0137620     0.090647435
       7452.6200      0.93194388     0.090465643
       7456.9000      0.85784139     0.090282578
       7461.1900      0.89384819     0.090098137
       7465.4700      0.86694298     0.089912411
       7469.7600      0.79316695     0.089725166
       7474.0400      0.80917809     0.089536528
       7478.3300      0.89460924     0.089345299
       7482.6100      0.94119868     0.089152973
       7486.9000      0.91091379     0.088959227
       7491.1800      0.87702893     0.088766428
       7495.4700      0.89385320     0.088576165
       7499.7500      0.90363373     0.088390917
       7504.0400      0.95098521     0.088219705
       7508.3200      0.91298165     0.088147718
       7512.6100      0.90140064     0.088642005
       7516.8900       1.0024063     0.091347632
       7521.1800      0.99243153      0.10005387
       7525.4600      0.78765032      0.12104598
       7529.7500      0.48854466      0.16168620
       7534.0300      0.26074161      0.21652494
       7538.3200      0.35171342      0.24230801
       7542.6000      0.54474438      0.21251476
       7546.8900      0.72734692      0.17187167
       7551.1700      0.86966174      0.15043295
       7555.4600      0.82474262      0.14813273
       7559.7500      0.74455272      0.15515432
       7564.0300      0.60012998      0.15911922
       7568.3200      0.51606372      0.15446719
       7572.6000      0.57823370      0.14437867
       7576.8900      0.68558116      0.13298983
       7581.1700      0.73373275      0.12243463
       7585.4600      0.65918165      0.11340432
       7589.7400      0.62105292      0.10608167
       7594.0300      0.75607565      0.10028416
       7598.3100      0.82369417     0.095759822
       7602.6000      0.82463647     0.092223282
       7606.8800      0.74723743     0.089498220
       7611.1700      0.75661039     0.087410341
       7615.4500      0.79922132     0.085820852
       7619.7400      0.78045136     0.084591681
       7624.0200      0.78972920     0.083614030
       7628.3100      0.82517321     0.082799984
       7632.5900      0.84493855     0.082111976
       7636.8800      0.88464346     0.081535884
       7641.1600      0.84891305     0.081069923
       7645.4500      0.87848595     0.080694614
       7649.7300       1.0604867     0.080379051
       7654.0200      0.84247915     0.080088319
       7658.3000      0.70097745     0.079803247
       7662.5900      0.90371884     0.079515164
       7666.8800      0.85060238     0.079225671
       7671.1600      0.80839301     0.078935195
       7675.4500      0.91963686     0.078643575
       7679.7300      0.94302320     0.078356132
       7684.0200      0.99429411     0.078074350
       7688.3000      0.98134220     0.077796641
       7692.5900      0.88061489     0.077517219
       7696.8700      0.94054277     0.077236150
       7701.1600      0.93153131     0.076952555
       7705.4400      0.75893861     0.076665704
       7709.7300      0.70232832     0.076374788
       7714.0100      0.68995321     0.076083037
       7718.3000      0.68061729     0.075790876
       7722.5800      0.75185081     0.075496602
       7726.8700      0.72308102     0.075198898
       7731.1500      0.69327981     0.074899123
       7735.4400      0.73189721     0.074596446
       7739.7200      0.76075813     0.074292338
       7744.0100      0.88494989     0.073985443
       7748.2900       1.0372946     0.073677334
       7752.5800      0.88612852     0.073366587
       7756.8600      0.72014496     0.073054172
       7761.1500      0.89574181     0.072738559
       7765.4300      0.86405899     0.072419800
       7769.7200      0.78166705     0.072093045
       7774.0000      0.88067597     0.071757044
       7778.2900      0.86888166     0.071416129
       7782.5700      0.98371548     0.071088481
       7786.8600      0.90732583     0.070789313
       7791.1500      0.80807957     0.070521788
       7795.4300      0.83085307     0.070267190
       7799.7200      0.78714362     0.069999631
       7804.0000      0.70156426     0.069712530
       7808.2900      0.77580794     0.069419187
       7812.5700       1.0162254     0.069154610
       7816.8600       1.1047579     0.068942757
       7821.1400      0.95930272     0.068748441
       7825.4300      0.91947063     0.068489308
       7829.7100      0.82511113     0.068131220
       7834.0000      0.74694402     0.067714851
       7838.2800      0.75520845     0.067295608
       7842.5700      0.72535016     0.066895129
       7846.8500      0.73058640     0.066518986
       7851.1400      0.71574287     0.066144697
       7855.4200      0.77323438     0.065729106
       7859.7100      0.92595159     0.065240572
       7863.9900      0.93393163     0.064716361
       7868.2800      0.71784278     0.064235309
       7872.5600      0.67387597     0.063850918
       7876.8500      0.88362505     0.063563870
       7881.1300      0.85990825     0.063367066
       7885.4200      0.78661789     0.063225067
       7889.7000      0.81495108     0.063027242
       7893.9900      0.85879672     0.062655096
       7898.2800      0.86899682     0.062126544
       7902.5600      0.81005330     0.061572471
       7906.8500      0.77072191     0.061083276
       7911.1300      0.84957496     0.060663775
       7915.4200      0.68976194     0.060274034
       7919.7000      0.76570297     0.059905793
       7923.9900      0.89147391     0.059574293
       7928.2700      0.71426483     0.059268360
       7932.5600      0.70162034     0.058943343
       7936.8400      0.83507992     0.058569399
       7941.1300      0.92283829     0.058143642
       7945.4100      0.85846926     0.057698053
       7949.7000      0.68662761     0.057266796
       7953.9800      0.73282149     0.056849194
       7958.2700      0.83008300     0.056419297
       7962.5500      0.89775960     0.055976710
       7966.8400      0.85256209     0.055523460
       7971.1200      0.75736944     0.055046358
       7975.4100      0.71598621     0.054530772
       7979.6900      0.82031550     0.054007529
       7983.9800      0.90774341     0.053518093
       7988.2600      0.81793020     0.053072427
       7992.5500      0.77339661     0.052643001
       7996.8300      0.83827333     0.052211037
       8001.1200      0.80214437     0.051778388
       8005.4100      0.75888754     0.051360321
       8009.6900      0.75389163     0.050962090
       8013.9800      0.66084495     0.050572795
       8018.2600      0.63186787     0.050186086
       8022.5500      0.74425931     0.049796847
       8026.8300      0.77372907     0.049408084
       8031.1200      0.74347222     0.049034871
       8035.4000      0.79148963     0.048694483
       8039.6900      0.78148279     0.048371702
       8043.9700      0.71011309     0.048061358
       8048.2600      0.68519663     0.047810036
       8052.5400      0.73088481     0.047695201
       8056.8300      0.79667280     0.047726271
       8061.1100      0.76218110     0.047789846
       8065.4000      0.71372508     0.047765430
       8069.6800      0.75576622     0.047679670
       8073.9700      0.71418372     0.047617150
       8078.2500      0.68248187     0.047588171
       8082.5400      0.68248187     0.047580030
