# data from http://adsabs.harvard.edu/abs/2014MNRAS.439.2873S
# via WISEREP
# de-redshifted assuming z=   0.00500000
# phase in rest-frame days relative to JD =        2453974.0
# type is SNII
# phase is       167.700
# WARNING: fake error spectrum!

       4975.1200       2.5179810      0.11796038
       4978.2700      0.65009285      0.11849105
       4981.4100      0.90140238      0.11901770
       4984.5500       2.2927805      0.11954224
       4987.6900       1.1135418      0.12006812
       4990.8300       1.0391408      0.12059454
       4993.9800       1.9114283      0.12112323
       4997.1200       1.7757362      0.12164857
       5000.2600       1.1179738      0.12217378
       5003.4000       1.7341216      0.12269873
       5006.5400       1.7144419      0.12322240
       5009.6800       2.0010835      0.12374562
       5012.8300       2.5444784      0.12426903
       5015.9700       2.4703646      0.12478893
       5019.1100       2.2783161      0.12531008
       5022.2500       1.9272308      0.12583236
       5025.3900       1.5946829      0.12635527
       5028.5400       1.6277761      0.12687883
       5031.6800       1.6194114      0.12739820
       5034.8200       1.5822876      0.12791668
       5037.9600       1.5607835      0.12843556
       5041.1000       1.4510178      0.12895545
       5044.2500       1.1707794      0.12947654
       5047.3900       1.3652103      0.12999342
       5050.5300       1.3449366      0.13050871
       5053.6700       1.0410173      0.13102386
       5056.8100       1.2255073      0.13154078
       5059.9500       1.3060635      0.13205898
       5063.1000       1.2090390      0.13257813
       5066.2400       1.3940869      0.13309333
       5069.3800       1.3918220      0.13360667
       5072.5200       1.0481647      0.13412001
       5075.6600      0.91193413      0.13463385
       5078.8100      0.93492316      0.13514914
       5081.9500      0.97578384      0.13566250
       5085.0900       1.0578446      0.13617462
       5088.2300       1.1853776      0.13668722
       5091.3700       1.1340113      0.13719931
       5094.5100      0.90749232      0.13771091
       5097.6600      0.92661395      0.13822254
       5100.8000       1.0193990      0.13873107
       5103.9400       1.1271609      0.13924017
       5107.0800       1.2245673      0.13974884
       5110.2200       1.1637006      0.14025826
       5113.3700       1.0952100      0.14076950
       5116.5100       1.0927231      0.14127795
       5119.6500       1.0330541      0.14178448
       5122.7900      0.97628644      0.14229122
       5125.9300      0.99894911      0.14279811
       5129.0700       1.1722578      0.14330336
       5132.2200       1.2436563      0.14380932
       5135.3600       1.0913360      0.14431513
       5138.5000      0.96634215      0.14482086
       5141.6400      0.87446436      0.14532503
       5144.7800      0.88971858      0.14582665
       5147.9300       1.0082831      0.14633085
       5151.0700       1.0615717      0.14683486
       5154.2100       1.0393203      0.14733829
       5157.3500       1.0354333      0.14784040
       5160.4900      0.98437046      0.14834171
       5163.6300      0.91240735      0.14884228
       5166.7800      0.91374218      0.14934270
       5169.9200      0.93134948      0.14984113
       5173.0600      0.97052939      0.15034151
       5176.2000       1.0271371      0.15084136
       5179.3400       1.0760557      0.15134066
       5182.4900       1.0018962      0.15184092
       5185.6300      0.96194930      0.15233759
       5188.7700       1.0031396      0.15283471
       5191.9100       1.0925501      0.15333081
       5195.0500       1.2468514      0.15382742
       5198.2000       1.2408529      0.15432451
       5201.3400       1.1892940      0.15481927
       5204.4800       1.1713375      0.15531377
       5207.6200       1.0988554      0.15580796
       5210.7600       1.1597353      0.15630131
       5213.9000       1.2835803      0.15679487
       5217.0500       1.2673144      0.15728949
       5220.1900       1.3078552      0.15778268
       5223.3300       1.3463335      0.15827372
       5226.4700       1.3061516      0.15876468
       5229.6100       1.2252201      0.15925523
       5232.7600       1.3207205      0.15974721
       5235.9000       1.2517958      0.16023755
       5239.0400       1.2301122      0.16072770
       5242.1800       1.0725604      0.16121707
       5245.3200      0.96175022      0.16170551
       5248.4600       1.0159722      0.16219305
       5251.6100       1.0460564      0.16268184
       5254.7500       1.1931320      0.16316873
       5257.8900       1.2923138      0.16365653
       5261.0300       1.3830037      0.16414275
       5264.1700       1.4932851      0.16462729
       5267.3200       1.5030433      0.16511356
       5270.4600       1.4244551      0.16559777
       5273.6000       1.5283854      0.16608200
       5276.7400       1.6098816      0.16656602
       5279.8800       1.5991377      0.16704878
       5283.0200       1.5405033      0.16753069
       5286.1700       1.4724794      0.16801465
       5289.3100       1.3780592      0.16849654
       5292.4500       1.2939163      0.16897839
       5295.5900       1.3456514      0.16945936
       5298.7300       1.3563365      0.16994011
       5301.8800       1.2049137      0.17042136
       5305.0200       1.0955788      0.17090043
       5308.1600       1.0548976      0.17137915
       5311.3000       1.0624855      0.17185782
       5314.4400       1.0178129      0.17233607
       5317.5900       1.1136528      0.17281424
       5320.7300       1.2456798      0.17328964
       5323.8700       1.2322630      0.17376569
       5327.0100       1.2049300      0.17424279
       5330.1500       1.2245771      0.17471822
       5333.2900       1.2618674      0.17519349
       5336.4400       1.4006566      0.17566863
       5339.5800       1.4342231      0.17614267
       5342.7200       1.4347257      0.17661572
       5345.8600       1.3787772      0.17708837
       5349.0000       1.3502335      0.17756091
       5352.1500       1.3079825      0.17803450
       5355.2900       1.2566162      0.17850583
       5358.4300       1.3112298      0.17897553
       5361.5700       1.2245902      0.17944562
       5364.7100       1.1256792      0.17991519
       5367.8500       1.1645752      0.18038544
       5371.0000       1.2525987      0.18085741
       5374.1400       1.2779963      0.18132758
       5377.2800       1.1246186      0.18179527
       5380.4200       1.1637267      0.18225961
       5383.5600       1.2817070      0.18272421
       5386.7100       1.2469917      0.18319136
       5389.8500       1.2085690      0.18365912
       5392.9900       1.0911108      0.18412591
       5396.1300       1.0813330      0.18459091
       5399.2700       1.1915035      0.18505454
       5402.4200       1.2873662      0.18551871
       5405.5600       1.3111026      0.18598243
       5408.7000       1.1877438      0.18644678
       5411.8400       1.0828832      0.18691004
       5414.9800       1.1611092      0.18737155
       5418.1200       1.1526466      0.18783196
       5421.2700       1.1402187      0.18829340
       5424.4100       1.2394364      0.18875413
       5427.5500       1.1751200      0.18921530
       5430.6900       1.2193684      0.18967477
       5433.8300       1.3625635      0.19013346
       5436.9800       1.3292679      0.19059257
       5440.1200       1.2774088      0.19104857
       5443.2600       1.2904438      0.19150465
       5446.4000       1.3535787      0.19196129
       5449.5400       1.4277579      0.19241743
       5452.6800       1.3350021      0.19287396
       5455.8300       1.2893145      0.19333250
       5458.9700       1.2742039      0.19378705
       5462.1100       1.4093771      0.19424165
       5465.2500       1.4360181      0.19469504
       5468.3900       1.2694717      0.19514797
       5471.5400       1.3061092      0.19560340
       5474.6800       1.3211872      0.19605610
       5477.8200       1.2152170      0.19650515
       5480.9600       1.2335488      0.19695413
       5484.1000       1.2728462      0.19740405
       5487.2500       1.2332780      0.19785708
       5490.3900       1.2597558      0.19830710
       5493.5300       1.1738276      0.19875584
       5496.6700       1.0888589      0.19920394
       5499.8100       1.1645491      0.19965189
       5502.9500       1.1981776      0.20010005
       5506.1000       1.0559680      0.20054928
       5509.2400       1.1704498      0.20099577
       5512.3800       1.2655618      0.20144137
       5515.5200       1.2238167      0.20188674
       5518.6600       1.1918951      0.20233159
       5521.8100       1.1955373      0.20277652
       5524.9500       1.2521418      0.20321966
       5528.0900       1.3435985      0.20366276
       5531.2300       1.4033426      0.20410565
       5534.3700       1.3720411      0.20454848
       5537.5100       1.3723414      0.20499003
       5540.6600       1.4417686      0.20543300
       5543.8000       1.4045730      0.20587432
       5546.9400       1.2822096      0.20631488
       5550.0800       1.2232488      0.20675367
       5553.2200       1.1951881      0.20719183
       5556.3700       1.1672481      0.20763223
       5559.5100       1.0606481      0.20807041
       5562.6500      0.98159964      0.20850794
       5565.7900       1.0022160      0.20894397
       5568.9300       1.0051108      0.20937999
       5572.0700       1.0745283      0.20981655
       5575.2200       1.1199973      0.21025536
       5578.3600       1.0493494      0.21068919
       5581.5000       1.1041393      0.21112244
       5584.6400       1.0932322      0.21155618
       5587.7800       1.0816137      0.21198941
       5590.9300       1.1334891      0.21242313
       5594.0700       1.0438436      0.21285509
       5597.2100      0.85017640      0.21328730
       5600.3500      0.84239590      0.21371915
       5603.4900      0.91054056      0.21414902
       5606.6300      0.83623416      0.21457873
       5609.7800      0.89321393      0.21500943
       5612.9200      0.82261175      0.21543946
       5616.0600      0.72639006      0.21586799
       5619.2000      0.80143730      0.21629644
       5622.3400      0.75465639      0.21672288
       5625.4900      0.81857790      0.21715002
       5628.6300      0.91276962      0.21757532
       5631.7700      0.87567516      0.21800203
       5634.9100      0.86591037      0.21842800
       5638.0500      0.86705591      0.21885232
       5641.1900      0.97490593      0.21927496
       5644.3400       1.0924098      0.21969966
       5647.4800       1.0922270      0.22012414
       5650.6200       1.0516600      0.22054830
       5653.7600      0.97813692      0.22096982
       5656.9000      0.99849220      0.22138815
       5660.0500       1.0418789      0.22180830
       5663.1900       1.0847565      0.22223021
       5666.3300       1.0662093      0.22265212
       5669.4700       1.1045309      0.22307363
       5672.6100       1.1205945      0.22349205
       5675.7600       1.0125389      0.22390908
       5678.9000       1.0268205      0.22432532
       5682.0400       1.0135604      0.22474299
       5685.1800      0.95666874      0.22516173
       5688.3200      0.89303443      0.22557936
       5691.4600      0.94988039      0.22599594
       5694.6100      0.99590414      0.22641157
       5697.7500      0.95764457      0.22682271
       5700.8900       1.0856377      0.22723404
       5704.0300       1.0564152      0.22764679
       5707.1700      0.87926842      0.22806127
       5710.3200      0.93875793      0.22847634
       5713.4600      0.93975333      0.22888685
       5716.6000      0.86956564      0.22929504
       5719.7400      0.90368040      0.22970278
       5722.8800      0.93739373      0.23011424
       5726.0200       1.0000000      0.23052622
       5729.1700      0.97540526      0.23093858
       5732.3100      0.89460424      0.23134590
       5735.4500      0.91706782      0.23175282
       5738.5900      0.97707624      0.23215860
       5741.7300      0.98246124      0.23256456
       5744.8800      0.86624979      0.23297206
       5748.0200      0.82490609      0.23337852
       5751.1600      0.86985284      0.23378534
       5754.3000       1.0018799      0.23419098
       5757.4400       1.0192424      0.23459572
       5760.5900      0.89109909      0.23499793
       5763.7300      0.81721044      0.23539884
       5766.8700      0.89337711      0.23579988
       5770.0100      0.89242739      0.23620143
       5773.1500      0.84322160      0.23660216
       5776.2900      0.82148254      0.23700276
       5779.4400      0.75961058      0.23740398
       5782.5800      0.74853055      0.23780291
       5785.7200      0.85092377      0.23820193
       5788.8600      0.94196281      0.23860085
       5792.0000      0.86158606      0.23899873
       5795.1500      0.81080067      0.23939678
       5798.2900      0.77874200      0.23979295
       5801.4300      0.69174986      0.24018858
       5804.5700      0.56352172      0.24058402
       5807.7100      0.53678278      0.24097849
       5810.8500      0.57787192      0.24137274
       5814.0000      0.43413499      0.24176765
       5817.1400      0.39230174      0.24216100
       5820.2800      0.45610903      0.24255468
       5823.4200      0.49639858      0.24294595
       5826.5600      0.60411805      0.24333517
       5829.7100      0.55394296      0.24372650
       5832.8500      0.45237544      0.24412003
       5835.9900      0.36621552      0.24452637
       5839.1300      0.40203390      0.24497094
       5842.2700      0.46780916      0.24549765
       5845.4200      0.50946943      0.24615792
       5848.5600      0.56523839      0.24697953
       5851.7000      0.73178158      0.24794146
       5854.8400      0.75016563      0.24893636
       5857.9800      0.66372505      0.24978482
       5861.1200      0.63228321      0.25037576
       5864.2700      0.73856341      0.25079155
       5867.4100      0.76531541      0.25114151
       5870.5500      0.81304931      0.25136322
       5873.6900      0.84723260      0.25139888
       5876.8300      0.91781519      0.25142856
       5879.9800       1.1363056      0.25167349
       5883.1200       1.2999246      0.25218656
       5886.2600       1.5661914      0.25287610
       5889.4000       1.6808918      0.25350649
       5892.5400       2.0167620      0.25379222
       5895.6800       2.1975575      0.25370881
       5898.8300       2.2981818      0.25354873
       5901.9700       2.3646620      0.25363961
       5905.1100       2.4856939      0.25414763
       5908.2500       2.4718756      0.25507500
       5911.3900       2.3702690      0.25616754
       5914.5400       2.2907473      0.25696014
       5917.6800       2.3177669      0.25716945
       5920.8200       2.2033472      0.25699645
       5923.9600       1.9184418      0.25685483
       5927.1000       1.7879389      0.25694613
       5930.2400       1.6883622      0.25720432
       5933.3900       1.6289151      0.25756868
       5936.5300       1.5910537      0.25801066
       5939.6700       1.4245758      0.25842856
       5942.8100       1.3053879      0.25875546
       5945.9500       1.3078259      0.25901697
       5949.1000       1.3302764      0.25923369
       5952.2400       1.3749490      0.25944487
       5955.3800       1.3625439      0.25972077
       5958.5200       1.2542566      0.26006134
       5961.6600       1.1567817      0.26037810
       5964.8000       1.1236852      0.26063220
       5967.9500       1.0545353      0.26085760
       5971.0900       1.0313635      0.26109006
       5974.2300       1.0433606      0.26133261
       5977.3700       1.1174223      0.26159044
       5980.5100       1.1919897      0.26187927
       5983.6600       1.1507733      0.26220311
       5986.8000       1.1114661      0.26254822
       5989.9400       1.0286580      0.26290195
       5993.0800      0.96259877      0.26325990
       5996.2200       1.0415754      0.26361946
       5999.3700       1.0671101      0.26398138
       6002.5100      0.99735319      0.26434128
       6005.6500      0.92204486      0.26469946
       6008.7900      0.89640902      0.26505709
       6011.9300      0.98046063      0.26541399
       6015.0700      0.99047672      0.26576927
       6018.2200      0.86796973      0.26612669
       6021.3600      0.87101143      0.26648172
       6024.5000      0.88103079      0.26683577
       6027.6400      0.81760861      0.26719046
       6030.7800      0.83621131      0.26754483
       6033.9300      0.94843460      0.26789865
       6037.0700      0.94552670      0.26825100
       6040.2100      0.80089880      0.26860204
       6043.3500      0.67097031      0.26895250
       6046.4900      0.72885411      0.26930241
       6049.6300      0.77843522      0.26965187
       6052.7800      0.79088271      0.27000271
       6055.9200      0.76400343      0.27035191
       6059.0600      0.69952057      0.27069995
       6062.2000      0.70840418      0.27104782
       6065.3400      0.73946744      0.27139435
       6068.4900      0.74078595      0.27174224
       6071.6300      0.77301106      0.27208606
       6074.7700      0.73731671      0.27243027
       6077.9100      0.70902101      0.27277416
       6081.0500      0.79550402      0.27311825
       6084.1900      0.85110980      0.27345994
       6087.3400      0.76834733      0.27380432
       6090.4800      0.71638050      0.27414672
       6093.6200      0.77337659      0.27448908
       6096.7600      0.82523898      0.27482995
       6099.9000      0.86802847      0.27516939
       6103.0500      0.81652834      0.27550920
       6106.1900      0.76970826      0.27584736
       6109.3300      0.81214202      0.27618554
       6112.4700      0.90502502      0.27652307
       6115.6100      0.82783357      0.27686029
       6118.7600      0.72533591      0.27719813
       6121.9000      0.76976048      0.27753470
       6125.0400      0.87272158      0.27787028
       6128.1800      0.83188374      0.27820403
       6131.3200      0.80512521      0.27853762
       6134.4600      0.96532064      0.27887026
       6137.6100       1.0751811      0.27920497
       6140.7500       1.0844726      0.27953717
       6143.8900       1.0937120      0.27986961
       6147.0300       1.1835794      0.28020048
       6150.1700       1.2536463      0.28052887
       6153.3200       1.3118760      0.28085852
       6156.4600       1.2526868      0.28118642
       6159.6000       1.2421648      0.28151549
       6162.7400       1.4152092      0.28184531
       6165.8800       1.4446896      0.28217288
       6169.0200       1.4838989      0.28249908
       6172.1700       1.4998189      0.28282457
       6175.3100       1.3747434      0.28314969
       6178.4500       1.2833747      0.28347493
       6181.5900       1.2389534      0.28379847
       6184.7300       1.1867777      0.28412302
       6187.8800       1.1509985      0.28444625
       6191.0200       1.0874980      0.28476807
       6194.1600       1.0384587      0.28508911
       6197.3000      0.97979158      0.28540960
       6200.4400       1.0373555      0.28573067
       6203.5800      0.95378043      0.28605072
       6206.7300      0.84799629      0.28637128
       6209.8700      0.85808418      0.28668945
       6213.0100      0.84729135      0.28700748
       6216.1500      0.89910479      0.28732527
       6219.2900      0.92414991      0.28764908
       6222.4400      0.87186324      0.28798642
       6225.5800      0.90211059      0.28835388
       6228.7200      0.90402634      0.28877940
       6231.8600      0.93969133      0.28935180
       6235.0000      0.90645449      0.29031586
       6238.1500      0.85699739      0.29214665
       6241.2900      0.92995264      0.29512118
       6244.4300       1.0408998      0.29852456
       6247.5700       1.1271838      0.30064783
       6250.7100       1.1613051      0.30052821
       6253.8500       1.2702778      0.29913794
       6257.0000       1.3374499      0.29807149
       6260.1400       1.3650602      0.29788463
       6263.2800       1.4244224      0.29810052
       6266.4200       1.5053899      0.29818521
       6269.5600       1.4480479      0.29801616
       6272.7100       1.3314219      0.29773115
       6275.8500       1.3746651      0.29746861
       6278.9900       1.5439301      0.29728126
       6282.1300       1.6441335      0.29717204
       6285.2700       1.7449830      0.29712258
       6288.4200       1.8208396      0.29710029
       6291.5600       1.9137357      0.29708724
       6294.7000       2.0663007      0.29709760
       6297.8400       2.1528490      0.29715236
       6300.9800       2.1398434      0.29725880
       6304.1200       2.1656783      0.29741357
       6307.2700       2.1263189      0.29761591
       6310.4100       2.0507071      0.29784256
       6313.5500       1.9844194      0.29806549
       6316.6900       1.9335785      0.29826474
       6319.8300       1.9221036      0.29844799
       6322.9800       1.9622822      0.29863943
       6326.1200       1.8699867      0.29884912
       6329.2600       1.6814303      0.29907093
       6332.4000       1.7240468      0.29929597
       6335.5400       1.7429856      0.29952698
       6338.6800       1.6276619      0.29975132
       6341.8300       1.5843176      0.29996035
       6344.9700       1.5271975      0.30016556
       6348.1100       1.4668758      0.30040126
       6351.2500       1.4358386      0.30067638
       6354.3900       1.4571436      0.30096392
       6357.5400       1.5203634      0.30122472
       6360.6800       1.6375833      0.30144095
       6363.8200       1.6412713      0.30164021
       6366.9600       1.6972915      0.30185853
       6370.1000       1.6586109      0.30210851
       6373.2400       1.5838215      0.30237935
       6376.3900       1.6155930      0.30266118
       6379.5300       1.5712565      0.30294606
       6382.6700       1.4320952      0.30322882
       6385.8100       1.3908168      0.30350945
       6388.9500       1.3496199      0.30379143
       6392.1000       1.2523049      0.30407177
       6395.2400       1.3247543      0.30435298
       6398.3800       1.4093934      0.30463321
       6401.5200       1.3586961      0.30491334
       6404.6600       1.2419266      0.30519582
       6407.8000       1.1977827      0.30548375
       6410.9500       1.1555219      0.30577927
       6414.0900       1.1905244      0.30609076
       6417.2300       1.1674342      0.30644278
       6420.3700       1.0349764      0.30686276
       6423.5100       1.0720316      0.30736180
       6426.6600       1.1837752      0.30791953
       6429.8000       1.1980960      0.30851922
       6432.9400       1.2195870      0.30919629
       6436.0800       1.2721511      0.30998418
       6439.2200       1.3358735      0.31083596
       6442.3600       1.4015639      0.31158528
       6445.5100       1.4251763      0.31207830
       6448.6500       1.2846671      0.31229260
       6451.7900       1.2339601      0.31234114
       6454.9300       1.2181575      0.31232771
       6458.0700       1.1147983      0.31228005
       6461.2200       1.0571038      0.31214283
       6464.3600      0.99438981      0.31189762
       6467.5000      0.95454738      0.31166619
       6470.6400      0.89202597      0.31166451
       6473.7800      0.80587258      0.31206260
       6476.9300      0.80156459      0.31289057
       6480.0700      0.80902525      0.31392313
       6483.2100      0.75164079      0.31469844
       6486.3500      0.69577392      0.31484831
       6489.4900      0.72998332      0.31447344
       6492.6300      0.74585763      0.31402280
       6495.7800      0.69737963      0.31383994
       6498.9200      0.63834377      0.31395081
       6502.0600      0.61360543      0.31421214
       6505.2000      0.61393180      0.31456064
       6508.3400      0.56129266      0.31502261
       6511.4900      0.60141250      0.31555652
       6514.6300      0.73824684      0.31602874
       6517.7700      0.82900195      0.31635579
       6520.9100      0.82975585      0.31656427
       6524.0500      0.98244165      0.31673211
       6527.1900       1.2185949      0.31690694
       6530.3400       1.5023580      0.31707341
       6533.4800       1.7298136      0.31721256
       6536.6200       1.9810187      0.31733983
       6539.7600       2.5266492      0.31745278
       6542.9000       3.1684328      0.31751592
       6546.0500       3.7834318      0.31755273
       6549.1900       4.7482597      0.31762143
       6552.3300       5.9623638      0.31772842
       6555.4700       7.0625671      0.31783839
       6558.6100       8.4070207      0.31795985
       6561.7600       10.137888      0.31813988
       6564.9000       11.617522      0.31838499
       6568.0400       12.768246      0.31866134
       6571.1800       13.603736      0.31893898
       6574.3200       13.500083      0.31921013
       6577.4600       12.598766      0.31947418
       6580.6100       11.377841      0.31972966
       6583.7500       10.317225      0.31997631
       6586.8900       9.5293188      0.32021835
       6590.0300       8.4418111      0.32045750
       6593.1700       7.2165453      0.32069619
       6596.3200       6.3181977      0.32093495
       6599.4600       5.4089169      0.32117244
       6602.6000       4.6775041      0.32140921
       6605.7400       4.2011442      0.32164606
       6608.8800       3.6938451      0.32188119
       6612.0200       3.2838675      0.32211358
       6615.1700       3.0233382      0.32234533
       6618.3100       2.7828248      0.32257787
       6621.4500       2.4815915      0.32280895
       6624.5900       2.2834172      0.32304235
       6627.7300       2.1442787      0.32327367
       6630.8800       1.9046823      0.32350438
       6634.0200       1.6286084      0.32373339
       6637.1600       1.5379055      0.32396229
       6640.3000       1.5265284      0.32419012
       6643.4400       1.3583339      0.32441822
       6646.5800       1.2968209      0.32464516
       6649.7300       1.2582219      0.32487112
       6652.8700       1.1573332      0.32509656
       6656.0100       1.1510932      0.32532113
       6659.1500       1.1401078      0.32554419
       6662.2900       1.0440786      0.32576735
       6665.4400       1.0241574      0.32599041
       6668.5800       1.0121897      0.32621264
       6671.7200      0.96112034      0.32643449
       6674.8600      0.97104831      0.32665420
       6678.0000      0.99952677      0.32687372
       6681.1500      0.99142644      0.32709285
       6684.2900       1.0504558      0.32731109
       6687.4300       1.0262135      0.32752844
       6690.5700      0.98747418      0.32774659
       6693.7100      0.99625988      0.32796181
       6696.8500      0.90940481      0.32817853
       6700.0000      0.81660667      0.32839364
       6703.1400      0.82510843      0.32860729
       6706.2800      0.83432493      0.32882117
       6709.4200      0.83605140      0.32903485
       6712.5600      0.83123427      0.32924509
       6715.7100      0.84013094      0.32945737
       6718.8500      0.85444197      0.32966638
       6721.9900      0.88020509      0.32987659
       6725.1300      0.91011628      0.33008551
       6728.2700      0.88332512      0.33029278
       6731.4100      0.74003205      0.33050202
       6734.5600      0.82702419      0.33070948
       6737.7000      0.88550849      0.33091671
       6740.8400      0.80394704      0.33112275
       6743.9800      0.80485433      0.33132771
       6747.1200      0.78763214      0.33153251
       6750.2700      0.81717128      0.33173525
       6753.4100      0.85526114      0.33193814
       6756.5500      0.85251969      0.33213957
       6759.6900      0.85585838      0.33234138
       6762.8300      0.81558515      0.33254188
       6765.9700      0.87981671      0.33274254
       6769.1200      0.90927753      0.33294200
       6772.2600      0.83512452      0.33313919
       6775.4000      0.82400206      0.33333704
       6778.5400      0.87671300      0.33353387
       6781.6800      0.76829511      0.33373125
       6784.8300      0.72785543      0.33392750
       6787.9700      0.86285561      0.33412338
       6791.1100      0.84872408      0.33431890
       6794.2500      0.84264067      0.33451203
       6797.3900      0.83513431      0.33470470
       6800.5400      0.76306677      0.33489536
       6803.6800      0.76188207      0.33508454
       6806.8200      0.80813428      0.33527520
       6809.9600      0.78985141      0.33547086
       6813.1000      0.69490253      0.33570275
       6816.2400      0.66335625      0.33613016
       6819.3900      0.78555320      0.33737694
       6822.5300      0.90297545      0.34110686
       6825.6700      0.83961202      0.35030259
       6828.8100      0.72903361      0.36789412
       6831.9500      0.74231986      0.39298182
       6835.1000      0.72056121      0.41692534
       6838.2400      0.69670079      0.42653546
       6841.3800      0.77940125      0.41832007
       6844.5200      0.83207955      0.40226747
       6847.6600      0.83093076      0.38968528
       6850.8000      0.83380602      0.38460994
       6853.9500      0.82280431      0.38480235
       6857.0900      0.81270337      0.38591161
       6860.2300      0.79370576      0.38510011
       6863.3700      0.78572944      0.38206261
       6866.5100      0.80998802      0.37776311
       6869.6600      0.76278283      0.37309696
       6872.8000      0.76190492      0.36859270
       6875.9400      0.80714540      0.36447301
       6879.0800      0.82606468      0.36089689
       6882.2200      0.79343488      0.35799220
       6885.3600      0.80943973      0.35583271
       6888.5100      0.91285447      0.35437613
       6891.6500      0.80584974      0.35349056
       6894.7900      0.72091695      0.35301931
       6897.9300      0.79559866      0.35290218
       6901.0700      0.73389642      0.35307360
       6904.2200      0.65980216      0.35328281
       6907.3600      0.75117409      0.35314219
       6910.5000      0.80500445      0.35252769
       6913.6400      0.76927746      0.35170643
       6916.7800      0.70195851      0.35102509
       6919.9300      0.74796268      0.35049332
       6923.0700      0.77699596      0.34976248
       6926.2100      0.82381277      0.34852799
       6929.3500      0.83460234      0.34693992
       6932.4900      0.74106662      0.34550850
       6935.6300      0.80052675      0.34465123
       6938.7800      0.88835111      0.34446808
       6941.9200      0.86311997      0.34487322
       6945.0600      0.77308286      0.34578959
       6948.2000      0.85949081      0.34710535
       6951.3400      0.90282533      0.34851731
       6954.4900      0.80266769      0.34959631
       6957.6300      0.78525295      0.35009298
       6960.7700      0.75125242      0.35015442
       6963.9100      0.73326001      0.35009752
       6967.0500      0.82715147      0.35009920
       6970.1900      0.88703913      0.35013716
       6973.3400      0.80561802      0.35016705
       6976.4800      0.79292249      0.35023142
       6979.6200      0.88553134      0.35037432
       6982.7600      0.90753801      0.35056005
       6985.9000      0.90078556      0.35069790
       6989.0500       1.0046605      0.35063813
       6992.1900       1.0578642      0.35025847
       6995.3300      0.99275800      0.34966749
       6998.4700      0.95776533      0.34920808
       7001.6100      0.99865212      0.34906861
       7004.7500       1.0733110      0.34910035
       7007.9000       1.0702236      0.34913272
       7011.0400       1.0173397      0.34920814
       7014.1800       1.0439481      0.34939487
       7017.3200       1.0507136      0.34958701
       7020.4600       1.0299830      0.34963478
       7023.6100       1.0128783      0.34953065
       7026.7500      0.96336572      0.34935737
       7029.8900      0.93759281      0.34918040
       7033.0300      0.87491800      0.34904917
       7036.1700      0.83989596      0.34901793
       7039.3100      0.88942811      0.34908578
       7042.4600      0.93736762      0.34916381
       7045.6000      0.83680856      0.34916902
       7048.7400      0.79721743      0.34912260
       7051.8800      0.91576890      0.34909689
       7055.0200      0.85713446      0.34913148
       7058.1700      0.87311648      0.34922502
       7061.3100      0.91741377      0.34935614
       7064.4500      0.88259733      0.34949738
       7067.5900      0.96528474      0.34960832
       7070.7300      0.96747790      0.34966943
       7073.8800      0.89528307      0.34969464
       7077.0200      0.84785596      0.34972242
       7080.1600      0.88096878      0.34979253
       7083.3000      0.93831407      0.34992291
       7086.4400      0.92813806      0.35011119
       7089.5800      0.90551130      0.35034764
       7092.7300      0.92215909      0.35059923
       7095.8700      0.86373027      0.35083900
       7099.0100      0.78537044      0.35107917
       7102.1500      0.75394165      0.35137715
       7105.2900      0.83513758      0.35178204
       7108.4400      0.88850451      0.35228224
       7111.5800      0.85781983      0.35281705
       7114.7200      0.87109629      0.35337573
       7117.8600      0.93883299      0.35414056
       7121.0000      0.89107951      0.35556970
       7124.1500      0.83795736      0.35828337
       7127.2900      0.94738371      0.36269331
       7130.4300      0.98670396      0.36864237
       7133.5700      0.94761543      0.37523497
       7136.7100      0.97452734      0.38130369
       7139.8500      0.98575424      0.38628006
       7143.0000       1.0768292      0.39053207
       7146.1400       1.2097504      0.39444965
       7149.2800       1.2718574      0.39754193
       7152.4200       1.3992631      0.39886228
       7155.5600       1.4843231      0.39831574
       7158.7100       1.4649992      0.39677609
       7161.8500       1.4374345      0.39483026
       7164.9900       1.4803611      0.39189684
       7168.1300       1.5209966      0.38697234
       7171.2700       1.4811346      0.38014849
       7174.4100       1.4908015      0.37298008
       7177.5600       1.3911921      0.36734681
       7180.7000       1.1799469      0.36429499
       7183.8400       1.2040521      0.36383123
       7186.9800       1.2237743      0.36565447
       7190.1200       1.0009236      0.36951050
       7193.2700      0.95804273      0.37490762
       7196.4100       1.1069134      0.38057391
       7199.5500       1.0744010      0.38488764
       7202.6900      0.97333285      0.38691060
       7205.8300       1.0328060      0.38690062
       7208.9700       1.1511584      0.38582440
       7212.1200       1.0997823      0.38454036
       7215.2600       1.0262004      0.38334419
       7218.4000       1.0645253      0.38211777
       7221.5400       1.0479656      0.38094035
       7224.6800      0.93524299      0.38017259
       7227.8300      0.92587637      0.38003260
       7230.9700      0.94597056      0.38055346
       7234.1100      0.93759607      0.38160906
       7237.2500      0.94896657      0.38247288
       7240.3900      0.90229988      0.38200368
       7243.5300      0.92000183      0.38007414
       7246.6800       1.0425676      0.37811581
       7249.8200       1.1828646      0.37748110
       7252.9600       1.1954655      0.37785403
       7256.1000       1.1532667      0.37799813
       7259.2400       1.2615704      0.37747222
       7262.3900       1.3893482      0.37688955
       7265.5300       1.4329209      0.37666314
       7268.6700       1.6099404      0.37645821
       7271.8100       1.7958859      0.37583100
       7274.9500       2.0966492      0.37467655
       7278.1000       2.3868711      0.37301223
       7281.2400       2.6339379      0.37082612
       7284.3800       3.0055612      0.36834158
       7287.5200       3.4331135      0.36611961
       7290.6600       3.9863972      0.36459588
       7293.8000       4.4513017      0.36368078
       7296.9500       4.6486210      0.36294997
       7300.0900       4.5620694      0.36219447
       7303.2300       4.4704592      0.36159649
       7306.3700       4.4724174      0.36138220
       7309.5100       4.4324053      0.36148714
       7312.6600       4.3084525      0.36165937
       7315.8000       4.2747392      0.36177837
       7318.9400       4.2428535      0.36191139
       7322.0800       4.1194881      0.36211136
       7325.2200       3.9332652      0.36227203
       7328.3600       3.7358807      0.36221115
       7331.5100       3.5263881      0.36183781
       7334.6500       3.3370648      0.36125967
       7337.7900       3.2506079      0.36070366
       7340.9300       3.0217489      0.36036002
       7344.0700       2.7316380      0.36023368
       7347.2200       2.5821505      0.36021213
       7350.3600       2.5243418      0.36018381
       7353.5000       2.4182901      0.36009402
       7356.6400       2.2528402      0.35990090
       7359.7800       2.1198504      0.35958320
       7362.9300       2.0561378      0.35919869
       7366.0700       1.9915961      0.35887143
       7369.2100       1.9395053      0.35867246
       7372.3500       1.8555026      0.35858433
       7375.4900       1.8879889      0.35853760
       7378.6300       2.0520321      0.35849703
       7381.7800       2.0210929      0.35846486
       7384.9200       1.9313168      0.35843912
       7388.0600       1.8369456      0.35839158
       7391.2000       1.7058422      0.35831118
       7394.3400       1.6669201      0.35822639
       7397.4900       1.6125186      0.35817688
       7400.6300       1.6016834      0.35816562
       7403.7700       1.5071620      0.35816584
       7406.9100       1.3869331      0.35815517
       7410.0500       1.3472408      0.35814008
       7413.1900       1.2940501      0.35813247
       7416.3400       1.3525246      0.35814445
       7419.4800       1.4042956      0.35816960
       7422.6200       1.3188863      0.35820339
       7425.7600       1.2413489      0.35824070
       7428.9000       1.1946072      0.35827859
       7432.0500       1.1718792      0.35831677
       7435.1900       1.2080174      0.35835491
       7438.3300       1.2383072      0.35839314
       7441.4700       1.2231705      0.35843015
       7444.6100       1.1892679      0.35846538
       7447.7500       1.1987520      0.35849959
       7450.9000       1.2207652      0.35853157
       7454.0400       1.1948389      0.35856393
       7457.1800       1.2233500      0.35859556
       7460.3200       1.3298423      0.35862796
       7463.4600       1.3071992      0.35865796
       7466.6100       1.1988891      0.35868972
       7469.7500       1.1058168      0.35872001
       7472.8900       1.1806943      0.35874830
       7476.0300       1.2287905      0.35877452
       7479.1700       1.0988261      0.35879979
       7482.3100       1.1661418      0.35882293
       7485.4600       1.2762143      0.35884484
       7488.6000       1.1946235      0.35886932
       7491.7400       1.1385902      0.35889182
       7494.8800       1.1890459      0.35891495
       7498.0200       1.0852461      0.35893748
       7501.1700      0.97526166      0.35895899
       7504.3100       1.1409008      0.35898002
       7507.4500       1.1753387      0.35899918
       7510.5900       1.0670056      0.35901765
       7513.7300       1.0917081      0.35903565
       7516.8800       1.1288678      0.35905612
       7520.0200       1.0677693      0.35908016
       7523.1600      0.98820197      0.35911484
       7526.3000      0.93827491      0.35915926
       7529.4400      0.88778324      0.35921917
       7532.5800      0.98147562      0.35931522
       7535.7300      0.94116322      0.35954954
       7538.8700      0.85569194      0.36032994
       7542.0100      0.94917544      0.36290743
       7545.1500      0.93124504      0.37027716
       7548.2900      0.85181801      0.38802398
       7551.4400      0.85953324      0.42489810
       7554.5800      0.87346895      0.49239244
       7557.7200      0.80657100      0.60321434
       7560.8600      0.77666307      0.75974623
       7564.0000      0.82144664      0.92441117
       7567.1500      0.84390370       1.0062231
       7570.2900      0.85026778      0.95213082
       7573.4300      0.95273280      0.82519514
       7576.5700      0.93941065      0.70992669
       7579.7100      0.90626520      0.64061727
       7582.8500      0.77103983      0.61740414
       7586.0000      0.57905009      0.62765208
       7589.1400      0.48456791      0.65192287
       7592.2800      0.49100053      0.66931391
       7595.4200      0.53499757      0.66746813
       7598.5600      0.42732052      0.64739930
       7601.7100      0.34461680      0.61673749
       7604.8500      0.39849285      0.58265426
       7607.9900      0.37576818      0.54916977
       7611.1300      0.30075520      0.51832096
       7614.2700      0.32985865      0.49098657
       7617.4100      0.40455668      0.46742999
       7620.5600      0.45275075      0.44747451
       7623.7000      0.48635638      0.43088028
       7626.8400      0.40329366      0.41710644
       7629.9800      0.31445169      0.40570413
       7633.1200      0.43331255      0.39632616
       7636.2700      0.51087932      0.38866677
       7639.4100      0.42946800      0.38251595
       7642.5500      0.47655896      0.37760220
       7645.6900      0.58782926      0.37369524
       7648.8300      0.62389893      0.37058140
       7651.9700      0.61743694      0.36807343
       7655.1200      0.64446308      0.36600515
       7658.2600      0.65551374      0.36428338
       7661.4000      0.67939375      0.36284365
       7664.5400      0.83148231      0.36167056
       7667.6800      0.96683170      0.36075978
       7670.8300       1.0266378      0.36009997
       7673.9700       1.1317104      0.35966496
       7677.1100       1.2597754      0.35939836
       7680.2500       1.3206846      0.35923650
       7683.3900       1.3784280      0.35912856
       7686.5300       1.5190156      0.35903667
       7689.6800       1.6469271      0.35894668
       7692.8200       1.7361092      0.35885437
       7695.9600       1.8811581      0.35876171
       7699.1000       2.0625736      0.35866842
       7702.2400       2.2291136      0.35857613
       7705.3900       2.3184392      0.35848701
       7708.5300       2.2355592      0.35841101
       7711.6700       2.1382377      0.35835365
       7714.8100       2.3318919      0.35831385
       7717.9500       2.4966531      0.35828524
       7721.1000       2.3920668      0.35825757
       7724.2400       2.3060570      0.35822865
       7727.3800       2.2739559      0.35819780
       7730.5200       2.1803810      0.35816747
       7733.6600       2.0568655      0.35813226
       7736.8000       1.8966277      0.35809107
       7739.9500       1.7201304      0.35804530
       7743.0900       1.5957207      0.35800132
       7746.2300       1.5122729      0.35796242
       7749.3700       1.3506806      0.35792419
       7752.5100       1.2398933      0.35788314
       7755.6600       1.2431505      0.35783903
       7758.8000       1.0699429      0.35779228
       7761.9400      0.97760495      0.35774399
       7765.0800      0.97229502      0.35769329
       7768.2200      0.84057479      0.35764104
       7771.3600      0.85523829      0.35759022
       7774.5100      0.95467140      0.35753663
       7777.6500      0.96397928      0.35748411
       7780.7900      0.99411893      0.35742817
       7783.9300       1.1058559      0.35737309
       7787.0700       1.0978535      0.35731713
       7790.2200      0.99417768      0.35725939
       7793.3600       1.0820086      0.35719630
       7796.5000       1.1465241      0.35712526
       7799.6400       1.0870900      0.35703668
       7802.7800       1.1362077      0.35692725
       7805.9200       1.0934182      0.35679891
       7809.0700      0.99995757      0.35667677
       7812.2100      0.97297712      0.35659699
       7815.3500      0.91221154      0.35659872
       7818.4900      0.86161217      0.35669387
       7821.6300      0.80719109      0.35687454
       7824.7800      0.68121812      0.35709399
       7827.9200      0.69961848      0.35729809
       7831.0600      0.79472075      0.35745547
       7834.2000      0.74320430      0.35756630
       7837.3400      0.61072691      0.35766007
       7840.4900      0.67833633      0.35780426
       7843.6300      0.79777224      0.35807495
       7846.7700      0.81380321      0.35850700
       7849.9100      0.83577399      0.35902743
       7853.0500      0.82781072      0.35946937
       7856.1900      0.67775540      0.35967250
       7859.3400      0.64845777      0.35959537
       7862.4800      0.73385399      0.35932046
       7865.6200      0.73200678      0.35898029
       7868.7600      0.70551587      0.35865994
       7871.9000      0.80571266      0.35840067
       7875.0500      0.87920315      0.35821615
       7878.1900      0.77856903      0.35809198
       7881.3300      0.65898951      0.35796562
       7884.4700      0.70580959      0.35773432
       7887.6100      0.84997079      0.35730904
       7890.7500      0.98089469      0.35668040
       7893.9000      0.84260803      0.35595630
       7897.0400      0.63578835      0.35532590
       7900.1800      0.71057450      0.35493871
       7903.3200      0.75279285      0.35485610
       7906.4600      0.74573035      0.35507099
       7909.6100      0.80662322      0.35557079
       7912.7500      0.89844880      0.35633001
       7915.8900      0.95424060      0.35723114
       7919.0300      0.91776950      0.35800892
       7922.1700      0.90138933      0.35834955
       7925.3100      0.87161847      0.35810596
       7928.4600      0.87612228      0.35741811
       7931.6000      0.89908520      0.35659032
       7934.7400      0.88870032      0.35589477
       7937.8800      0.95241623      0.35544680
       7941.0200       1.0264224      0.35521598
       7944.1700      0.98640044      0.35510700
       7947.3100       1.0460238      0.35506059
       7950.4500       1.0363765      0.35509719
       7953.5900      0.92055012      0.35526188
       7956.7300      0.85535252      0.35554963
       7959.8800      0.81737036      0.35587498
       7963.0200      0.86293068      0.35612669
       7966.1600      0.82075148      0.35622992
       7969.3000      0.73607326      0.35616123
       7972.4400      0.81092795      0.35595464
       7975.5800      0.95731821      0.35569494
       7978.7300       1.0209493      0.35547928
       7981.8700      0.92979273      0.35534017
       7985.0100      0.90987477      0.35523057
       7988.1500      0.89674518      0.35508466
       7991.2900      0.85974211      0.35489258
       7994.4400      0.88787789      0.35467202
       7997.5800      0.92209055      0.35442519
       8000.7200      0.92894418      0.35410564
       8003.8600      0.92440447      0.35365927
       8007.0000       1.0126303      0.35310194
       8010.1400       1.0145591      0.35253295
       8013.2900      0.93088604      0.35207341
       8016.4300       1.0031494      0.35178531
       8019.5700       1.1223536      0.35163630
       8022.7100      0.98640044      0.35154989
       8025.8500      0.99916451      0.35146708
       8029.0000       1.1375164      0.35137262
       8032.1400       1.0721132      0.35129753
       8035.2800       1.0806803      0.35128370
       8038.4200       1.0964012      0.35135314
       8041.5600       1.0796555      0.35149287
       8044.7000       1.1506917      0.35167365
       8047.8500       1.1891602      0.35187690
       8050.9900       1.2416394      0.35208704
       8054.1300       1.2339209      0.35230168
       8057.2700       1.3219966      0.35252662
       8060.4100       1.3631216      0.35280753
       8063.5600       1.3421169      0.35321556
       8066.7000       1.3096959      0.35376333
       8069.8400       1.2918765      0.35440103
       8072.9800       1.3370680      0.35508501
       8076.1200       1.3395941      0.35588191
       8079.2700       1.2889555      0.35699440
       8082.4100       1.2011834      0.35866423
       8085.5500       1.1653063      0.36101978
       8088.6900       1.0942994      0.36391104
       8091.8300       1.0130937      0.36692814
       8094.9700       1.0128326      0.36965971
       8098.1200       1.1332639      0.37204465
       8101.2600       1.1253757      0.37433064
       8104.4000      0.91305355      0.37678662
       8107.5400      0.91365406      0.37945742
       8110.6800      0.97249084      0.38229031
       8113.8300      0.94475322      0.38527501
       8116.9700       1.0264779      0.38820007
       8120.1100       1.0098562      0.39041592
       8123.2500      0.94482502      0.39109162
       8126.3900       1.0144155      0.39004466
       8129.5300      0.97221669      0.38807477
       8132.6800      0.87256819      0.38617299
       8135.8200      0.83506904      0.38460096
       8138.9600      0.81169164      0.38292355
       8142.1000      0.87655634      0.38087204
       8145.2400      0.89328899      0.37870928
       8148.3900      0.79973042      0.37672914
       8151.5300      0.68763442      0.37471273
       8154.6700      0.64164657      0.37200887
       8157.8100      0.57871067      0.36819803
       8160.9500      0.50811502      0.36365702
       8164.0900      0.52555588      0.35949887
       8167.2400      0.55424974      0.35695163
       8170.3800      0.65845428      0.35690218
       8173.5200      0.68558160      0.35985917
       8176.6600      0.69355465      0.36613575
       8179.8000      0.82558492      0.37539831
       8182.9500      0.87779979      0.38571857
       8186.0900      0.93084035      0.39317915
       8189.2300       1.1397357      0.39412826
       8192.3700       1.3096763      0.38810349
       8195.5100       1.4028629      0.37830928
       8198.6600       1.5047143      0.36864778
       8201.8000       1.5775456      0.36142327
       8204.9400       1.6051004      0.35706135
       8208.0800       1.5349323      0.35514342
       8211.2200       1.5061046      0.35488874
       8214.3600       1.6002017      0.35527353
       8217.5100       1.6457424      0.35542147
       8220.6500       1.5559729      0.35521658
       8223.7900       1.3905263      0.35538504
       8226.9300       1.3927489      0.35674585
       8230.0700       1.2724252      0.35933097
       8233.2200       1.0972497      0.36223334
       8236.3600       1.0568492      0.36426064
       8239.5000       1.0629816      0.36487248
       8242.6400       1.0182959      0.36431199
       8245.7800      0.92142477      0.36310981
       8248.9200      0.94556913      0.36160743
       8252.0700      0.96072218      0.35996135
       8255.2100      0.94440401      0.35833269
       8258.3500      0.82537605      0.35685015
       8261.4900      0.72694814      0.35556341
       8264.6300      0.89036151      0.35453166
       8267.7800      0.88680415      0.35395316
       8270.9200      0.80416896      0.35398777
       8274.0600      0.81292856      0.35439288
       8277.2000      0.82004001      0.35451828
       8280.3400      0.77973414      0.35381574
       8283.4900      0.70265040      0.35233977
       8286.6300      0.73309683      0.35065267
       8289.7700      0.83287588      0.34921345
       8292.9100      0.98184115      0.34804675
       8296.0500       1.1853744      0.34689520
       8299.1900       1.2182489      0.34560216
       8302.3400       1.0752528      0.34430578
       8305.4800      0.89088369      0.34329788
       8308.6200      0.78674769      0.34271619
       8311.7600      0.84625678      0.34244654
       8314.9000       1.0237201      0.34222505
       8318.0500       1.0983626      0.34184054
       8321.1900       1.0622669      0.34125354
       8324.3300       1.1284305      0.34056688
       8327.4700       1.1059506      0.33990114
       8330.6100       1.0438632      0.33928930
       8333.7500       1.0950500      0.33869659
       8336.9000       1.1008495      0.33807589
       8340.0400       1.0652759      0.33743437
       8343.1800      0.97912580      0.33681174
       8346.3200      0.99381542      0.33624632
       8349.4600       1.1339199      0.33576892
       8352.6100       1.1344356      0.33539855
       8355.7500      0.98572487      0.33514441
       8358.8900      0.82409671      0.33498904
       8362.0300      0.74411485      0.33487536
       8365.1700      0.74995676      0.33472076
       8368.3100      0.80596723      0.33445321
       8371.4600      0.81580382      0.33404498
       8374.6000      0.84996753      0.33353570
       8377.7400      0.99688323      0.33300784
       8380.8800      0.97697507      0.33255593
       8384.0200      0.93721096      0.33224095
       8387.1700      0.95498471      0.33205300
       8390.3100       1.0265725      0.33191417
       8393.4500       1.1966013      0.33172254
       8396.5900       1.1461324      0.33141046
       8399.7300       1.0264550      0.33098266
       8402.8800       1.0043570      0.33050075
       8406.0200      0.94318015      0.33004417
       8409.1600      0.88922577      0.32966551
       8412.3000      0.89237844      0.32937633
       8415.4400       1.0517743      0.32915010
       8418.5800       1.1321217      0.32894075
       8421.7300       1.1350328      0.32871149
       8424.8700       1.1864285      0.32846162
       8428.0100       1.3361477      0.32820614
       8431.1500       1.4416022      0.32796935
       8434.2900       1.3835389      0.32776108
       8437.4300       1.4061559      0.32757472
       8440.5800       1.3351196      0.32740703
       8443.7200       1.4076637      0.32726663
       8446.8600       1.5171259      0.32716719
       8450.0000       1.3891132      0.32709369
       8453.1400       1.3863326      0.32700019
       8456.2900       1.4523363      0.32682848
       8459.4300       1.2859726      0.32657175
       8462.5700       1.1564847      0.32626963
       8465.7100       1.2201125      0.32597110
       8468.8500       1.0843094      0.32567449
       8472.0000       1.0285111      0.32534048
       8475.1400       1.1560147      0.32494143
       8478.2800       1.3112951      0.32450122
       8481.4200       1.3418264      0.32408687
       8484.5600       1.3566596      0.32376767
       8487.7100       1.3970569      0.32358265
       8490.8500       1.3239188      0.32351959
       8493.9900       1.3983917      0.32349976
       8497.1300       1.4569739      0.32340970
       8500.2700       1.4720388      0.32316565
       8503.4100       1.7391672      0.32276611
       8506.5600       2.0303746      0.32228181
       8509.7000       2.2004262      0.32179228
       8512.8400       2.3664179      0.32134132
       8515.9800       2.5880806      0.32092896
       8519.1200       2.9171820      0.32055367
       8522.2600       3.2612799      0.32021338
       8525.4100       3.5734171      0.31990328
       8528.5500       4.1249710      0.31960539
       8531.6900       4.8404573      0.31930258
       8534.8300       5.3818614      0.31898641
       8537.9700       6.1371640      0.31866641
       8541.1200       7.0366865      0.31835163
       8544.2600       7.6401975      0.31804579
       8547.4000       8.2665866      0.31774443
       8550.5400       8.6538493      0.31744487
       8553.6800       8.4669084      0.31715217
       8556.8300       8.2660644      0.31687466
       8559.9700       8.3171403      0.31661813
       8563.1100       8.0244577      0.31637424
       8566.2500       7.5268515      0.31612103
       8569.3900       7.1121417      0.31584389
       8572.5400       6.4996883      0.31553409
       8575.6800       5.7467682      0.31520206
       8578.8200       4.8597454      0.31485999
       8581.9600       4.0455668      0.31452243
       8585.1000       3.3746944      0.31419354
       8588.2400       2.7755436      0.31387853
       8591.3900       2.4900639      0.31357224
       8594.5300       2.2861684      0.31327811
       8597.6700       1.9595995      0.31299429
       8600.8100       1.6630299      0.31273332
       8603.9500       1.4026116      0.31251191
       8607.0900       1.2980089      0.31235593
       8610.2400       1.0961303      0.31226952
       8613.3800      0.88196092      0.31221920
       8616.5200      0.90770119      0.31212602
       8619.6600       1.0829452      0.31190726
       8622.8000       1.0407334      0.31154002
       8625.9500      0.91950249      0.31106699
       8629.0900      0.91865395      0.31056899
       8632.2300       1.1303985      0.31011179
       8635.3700       1.3998407      0.30972159
       8638.5100       1.7111032      0.30939651
       8641.6600       1.9383108      0.30910325
       8644.8000       2.1267269      0.30879754
       8647.9400       2.4978444      0.30844374
       8651.0800       2.6926865      0.30804177
       8654.2200       2.7963199      0.30762121
       8657.3600       3.2564661      0.30721865
       8660.5100       3.7733146      0.30685018
       8663.6500       4.1787557      0.30651274
       8666.7900       4.5050864      0.30619060
       8669.9300       4.5718929      0.30586906
       8673.0700       4.5836747      0.30554302
       8676.2200       4.6743710      0.30521521
       8679.3600       4.6067812      0.30489503
       8682.5000       4.4010418      0.30458616
       8685.6400       4.3316569      0.30428670
       8688.7800       4.3082893      0.30398807
       8691.9200       4.3074081      0.30368047
       8695.0700       4.2496418      0.30335834
       8698.2100       4.0689345      0.30302648
       8701.3500       3.8940364      0.30269512
       8704.4900       3.5855251      0.30237304
       8707.6300       3.3454523      0.30206441
       8710.7800       3.3500540      0.30175765
       8713.9200       3.3275023      0.30144230
       8717.0600       3.1246708      0.30110712
       8720.2000       3.0862970      0.30075410
       8723.3400       3.3272086      0.30039112
       8726.4800       3.3012301      0.30003048
       8729.6300       3.1279932      0.29967652
       8732.7700       2.9256708      0.29933614
       8735.9100       2.4412726      0.29900949
       8739.0500       2.0819172      0.29869477
       8742.1900       1.9761787      0.29839303
       8745.3400       1.8411002      0.29810526
       8748.4800       1.7154308      0.29783568
       8751.6200       1.5953780      0.29758112
       8754.7600       1.5170378      0.29733402
       8757.9000       1.3643259      0.29707558
       8761.0400       1.1806225      0.29678272
       8764.1900       1.2095220      0.29644169
       8767.3300       1.1714648      0.29607083
       8770.4700       1.0015992      0.29569781
       8773.6100      0.86891618      0.29534580
       8776.7500      0.67613338      0.29500522
       8779.9000      0.50841528      0.29465308
       8783.0400      0.68211562      0.29426899
       8786.1800      0.95637828      0.29385289
       8789.3200       1.2215158      0.29342045
       8792.4600       1.2483462      0.29299433
       8795.6100       1.0520908      0.29259418
       8798.7500       1.0225811      0.29223672
       8801.8900      0.99122083      0.29192974
       8805.0300      0.99798634      0.29166984
       8808.1700       1.2623994      0.29143654
       8811.3100       1.3945275      0.29119319
       8814.4600       1.5235814      0.29090257
       8817.6000       1.9410033      0.29055541
       8820.7400       2.1276766      0.29017157
       8823.8800       1.9967005      0.28978919
       8827.0200       1.8503755      0.28943561
       8830.1700       1.8683842      0.28910451
       8833.3100       1.9020127      0.28876022
       8836.4500       1.7547249      0.28836172
       8839.5900       1.7003071      0.28790641
       8842.7300       1.8678033      0.28743427
       8845.8800       1.8758090      0.28699728
       8849.0200       1.8139174      0.28661850
       8852.1600       1.7910687      0.28627558
       8855.3000       1.4850346      0.28593623
       8858.4400       1.0640880      0.28559386
       8861.5800      0.84526463      0.28527275
       8864.7300      0.96920436      0.28501416
       8867.8700       1.0890613      0.28486058
       8871.0100       1.1922312      0.28484716
       8874.1500       1.2150440      0.28500844
       8877.2900       1.0569994      0.28536680
       8880.4300      0.77765521      0.28588558
       8883.5800      0.66105539      0.28647089
       8886.7200      0.85670693      0.28702722
       8889.8600      0.95423734      0.28757768
       8893.0000      0.81834292      0.28830338
       8896.1400      0.85650458      0.28944935
       8899.2900       1.0148202      0.29118377
       8902.4300      0.80674397      0.29348270
       8905.5700      0.80044516      0.29619183
       8908.7100      0.86007826      0.29912521
       8911.8500      0.66153515      0.30211425
       8915.0000      0.55230461      0.30497306
       8918.1400      0.57145235      0.30737712
       8921.2800      0.63537713      0.30900818
       8924.4200      0.70651127      0.30978258
       8927.5600      0.64960983      0.31012686
       8930.7100      0.64580117      0.31092946
       8933.8500      0.80516437      0.31310171
       8936.9900      0.77957749      0.31686579
       8940.1300      0.68939678      0.32123095
       8943.2700      0.71023182      0.32432437
       8946.4100      0.73432069      0.32471958
       8949.5600      0.67736050      0.32259341
       8952.7000      0.57868456      0.31944931
       8955.8400      0.60426492      0.31664801
       8958.9800      0.79276909      0.31457923
       8962.1200      0.94009928      0.31294639
       8965.2600      0.84899170      0.31140636
       8968.4100      0.72702647      0.30980215
       8971.5500      0.67638794      0.30798223
       8974.6900      0.61982592      0.30560147
       8977.8300      0.71288189      0.30226071
       8980.9700      0.78888211      0.29782602
       8984.1200      0.73322737      0.29264674
       8987.2600      0.91843855      0.28754084
       8990.4000       1.1061464      0.28329833
       8993.5400       1.0088216      0.28035919
       8996.6800       1.0014523      0.27869571
       8999.8300      0.96207006      0.27800973
       9002.9700      0.90787090      0.27803661
       9006.1100      0.98500361      0.27870271
       9009.2500      0.99461827      0.28011341
       9012.3900       1.0404952      0.28239872
       9015.5400       1.1375393      0.28555239
       9018.6800       1.1927632      0.28926703
       9021.8200       1.1260285      0.29300842
       9024.9600       1.1905896      0.29615182
       9028.1000       1.3671359      0.29825904
       9031.2400       1.2894418      0.29922653
       9034.3900       1.1016459      0.29921997
       9037.5300       1.0930919      0.29850287
       9040.6700       1.1915459      0.29735790
       9043.8100       1.1142337      0.29608901
       9046.9500      0.92682608      0.29497378
       9050.0900      0.80256652      0.29409785
       9053.2400      0.72273806      0.29324515
       9056.3800      0.72119762      0.29203238
       9059.5200      0.80095755      0.29022676
       9062.6600      0.66338563      0.28803251
       9065.8000      0.67974948      0.28601257
       9068.9500       1.0247351      0.28473999
       9072.0900       1.0892897      0.28458374
       9075.2300       1.1444190      0.28566771
       9078.3700       1.1899728      0.28790733
       9081.5100       1.0834935      0.29078220
       9084.6600       1.1381953      0.29316721
       9087.8000       1.1173178      0.29372218
       9090.9400       1.0245947      0.29195433
       9094.0800      0.99357717      0.28884597
       9097.2200       1.0717020      0.28624456
       9100.3600       1.2165486      0.28549591
       9103.5100       1.2903817      0.28647940
       9106.6500       1.2248252      0.28771372
       9109.7900       1.0327114      0.28753737
       9112.9300      0.97249084      0.28550580
       9116.0700       1.1370530      0.28271960
       9119.2200       1.1552151      0.28074492
       9122.3600      0.76719853      0.28031666
       9125.5000      0.51643729      0.28082571
       9128.6400      0.67868554      0.28089334
       9131.7800      0.81763798      0.27940925
       9134.9200      0.65644388      0.27628968
       9138.0700      0.58115513      0.27230593
       9141.2100      0.67192656      0.26838758
       9144.3500      0.64694344      0.26498326
       9147.4900      0.53586569      0.26208765
       9150.6300      0.55192603      0.25956818
       9153.7800      0.62390546      0.25745897
       9156.9200      0.60992406      0.25599714
       9160.0600      0.60846847      0.25531904
       9163.2000      0.55100242      0.25526250
       9166.3400      0.52917525      0.25536975
       9169.4800      0.54949136      0.25516223
       9172.6300      0.63714928      0.25444680
       9175.7700      0.79191076      0.25343355
       9178.9100      0.75401672      0.25254154
       9182.0500      0.63951542      0.25210761
       9185.1900      0.73925204      0.25220283
       9188.3400      0.82427294      0.25263298
       9191.4800      0.72441230      0.25306319
       9194.6200      0.80539283      0.25318256
       9197.7600      0.84577702      0.25281107
       9200.9000      0.74049548      0.25195189
       9204.0400      0.81217792      0.25076967
       9207.1900      0.85051255      0.24950137
       9210.3300      0.72342342      0.24838866
       9213.4700      0.77303064      0.24763808
       9216.6100      0.95667854      0.24750915
       9219.7500      0.97622443      0.24834779
       9222.9000      0.89034519      0.25048667
       9226.0400      0.83539214      0.25397711
       9229.1800      0.86271854      0.25849236
       9232.3200      0.80699527      0.26339162
       9235.4600      0.82741256      0.26810419
       9238.6000      0.90229009      0.27250955
       9241.7500      0.90800145      0.27700742
       9244.8900       1.0418365      0.28212326
       9248.0300       1.0917505      0.28819517
       9251.1700       1.0478547      0.29521172
       9254.3100      0.95816022      0.30308274
       9257.4600      0.83859050      0.31200524
       9260.6000      0.83646588      0.32237119
       9263.7400      0.86514668      0.33453886
       9266.8800      0.68272265      0.34818103
       9270.0200      0.55992193      0.36211174
       9273.1700      0.84247749      0.37483841
       9276.3100      0.61710731      0.38555206
       9279.4500      0.22621774      0.39520996
       9282.5900      0.43137396      0.40580186
       9285.7300      0.54266058      0.41856381
       9288.8800      0.47998903      0.43219636
       9292.0200      0.52791875      0.44235643
       9295.1600      0.49552719      0.44459289
       9298.3000      0.23961855      0.43823921
       9301.4400      0.30537063      0.42720684
       9304.5800      0.42139703      0.41630374
       9307.7300      0.32760022      0.40793954
       9310.8700      0.27202773      0.40223571
       9314.0100      0.33645445      0.39858996
       9317.1500      0.44176863      0.39671294
       9320.2900      0.61353690      0.39601313
       9323.4300      0.88188912      0.39477307
       9326.5800      0.82839165      0.39034334
       9329.7200      0.77125196      0.38033833
       9332.8600      0.55756559      0.36396531
       9336.0000      0.15151057      0.34286879
       9339.1400      0.19456605      0.32065788
       9342.2900      0.37886863      0.30117575
       9345.4300      0.62328863      0.28712150
       9348.5700      0.83098950      0.27916144
       9351.7100      0.94379371      0.27648519
       9354.8500      0.96718091      0.27736757
       9358.0000      0.93935191      0.27989235
       9361.1400      0.86759767      0.28263871
       9364.2800      0.85016334      0.28522636
       9367.4200      0.82167836      0.28827165
       9370.5600      0.72599190      0.29278476
       9373.7100      0.82268029      0.29929375
       9376.8500       1.0339385      0.30713810
       9379.9900       1.0613530      0.31489301
       9383.1300      0.63224731      0.32134117
       9386.2700      0.40562063      0.32613623
       9389.4100      0.34402608      0.32915426
       9392.5600      0.65554312      0.32970695
       9395.7000      0.68567624      0.32720903
       9398.8400      0.73595251      0.32266153
       9401.9800      0.60628837      0.31844756
       9405.1200      0.41426926      0.31635686
       9408.2600      0.45840337      0.31608703
       9411.4100      0.50554981      0.31560660
       9414.5500      0.72786196      0.31308501
       9417.6900      0.91932952      0.30855883
       9420.8300      0.82560124      0.30364015
       9423.9700      0.85309082      0.29985373
       9427.1200      0.79517439      0.29744116
       9430.2600      0.78579145      0.29552200
       9433.4000      0.85266329      0.29325061
       9436.5400      0.79504385      0.29104511
       9439.6800      0.66182235      0.29041668
       9442.8300      0.76353021      0.29236965
       9445.9700      0.87804783      0.29571325
       9449.1100      0.43058416      0.29702342
       9452.2500      0.52364339      0.29310937
       9455.3900      0.70272546      0.28435063
       9458.5300      0.48775648      0.27478905
       9461.6800      0.53257595      0.26880386
       9464.8200      0.49779215      0.26843312
       9467.9600      0.42106088      0.27268119
       9471.1000      0.45285845      0.27817770
       9474.2400      0.59167382      0.28090127
       9477.3900      0.55333266      0.27872153
       9480.5300      0.40271926      0.27272610
       9483.6700      0.45152363      0.26581400
       9486.8100      0.50973705      0.26049005
       9489.9500      0.56018629      0.25780701
       9493.0900      0.54185773      0.25748602
       9496.2400      0.48604634      0.25858187
       9499.3800      0.45756135      0.26012622
       9502.5200      0.32107654      0.26148125
       9505.6600      0.34607238      0.26223423
       9508.8000      0.51308227      0.26196234
       9511.9500      0.48163717      0.26016899
       9515.0900      0.26707908      0.25653022
       9518.2300      0.23491924      0.25123434
       9521.3700      0.30545320      0.24524603
       9524.5100      0.15817948      0.24006582
       9527.6500      0.15931294      0.23707596
       9530.8000      0.37544834      0.23690719
       9533.9400      0.50076206      0.23912362
       9537.0800      0.52560483      0.24231452
       9540.2200      0.56912538      0.24456528
       9543.3600      0.52648928      0.24429323
       9546.5100      0.52107817      0.24107269
       9549.6500      0.63263894      0.23582088
       9552.7900      0.72399129      0.23002202
       9555.9300      0.65146684      0.22489572
       9559.0700      0.41043775      0.22106109
       9562.2200      0.42444200      0.21864206
       9565.3600      0.58319816      0.21742488
       9568.5000      0.55232746      0.21683935
       9571.6400      0.42289504      0.21608193
       9574.7800      0.34901291      0.21452232
       9577.9200      0.40495485      0.21217284
       9581.0700      0.43947103      0.20968641
       9584.2100      0.40046082      0.20781600
       9587.3500      0.46638621      0.20675038
       9590.4900      0.49505396      0.20600851
       9593.6300      0.45168681      0.20484567
       9596.7800      0.49523020      0.20285793
       9599.9200      0.47795253      0.20030880
       9603.0600      0.45439562      0.19783617
       9606.2000      0.27865780      0.19593262
       9609.3400      0.18606233      0.19454676
       9612.4800      0.35357874      0.19307693
       9615.6300      0.40900502      0.19077720
       9618.7700      0.31901686      0.18734696
       9621.9100      0.26905945      0.18312493
       9625.0500      0.25312118      0.17882694
       9628.1900      0.25818405      0.17504607
       9631.3400      0.43908266      0.17199350
       9634.4800      0.59339375      0.16960400
       9637.6200      0.51560180      0.16770988
       9640.7600      0.55957599      0.16622657
       9643.9000      0.55808777      0.16511425
       9647.0400      0.43963421      0.16428686
       9650.1900      0.25198739      0.16358977
       9653.3300      0.22578368      0.16289212
       9656.4700      0.34236816      0.16217106
       9659.6100      0.47839312      0.16152190
       9662.7500      0.56089776      0.16105987
       9665.9000      0.38369554      0.16083519
       9669.0400      0.37297777      0.16082230
       9672.1800      0.42500987      0.16097203
       9675.3200      0.42056480      0.16125940
       9678.4600      0.42248708      0.16167193
       9681.6000      0.46894816      0.16215379
       9684.7500      0.55837824      0.16256938
       9687.8900      0.59603077      0.16274272
       9691.0300      0.53245520      0.16257465
       9694.1700      0.46216307      0.16211124
       9697.3100      0.44792710      0.16150761
       9700.4600      0.39639434      0.16088679
       9703.6000      0.41395595      0.16023092
       9706.7400      0.24210446      0.15936078
       9709.8800      0.21574899      0.15805884
       9713.0200      0.34695356      0.15624695
       9716.1700      0.13007993      0.15408468
       9719.3100      0.12513944      0.15194137
       9722.4500      0.45682377      0.15016465
       9725.5900      0.55747421      0.14893230
       9728.7300      0.42666453      0.14819707
       9731.8800      0.43824717      0.14776137
       9735.0200      0.60761340      0.14740672
       9738.1600      0.62385977      0.14697120
       9741.3000      0.42592369      0.14634778
       9744.4400      0.29916582      0.14545369
       9747.5800      0.29449033      0.14422735
       9750.7300      0.32961388      0.14266051
       9753.8700      0.21051445      0.14086030
       9757.0100      0.17732428      0.13901058
       9760.1500      0.51768073      0.13732522
       9763.2900      0.45156279      0.13595736
       9766.4300      0.17113839      0.13494061
       9769.5800      0.48396740      0.13418077
       9772.7200      0.62231607      0.13351227
       9775.8600      0.48372916      0.13276387
       9779.0000      0.68235060      0.13184675
       9782.1400      0.84380905      0.13078566
       9785.2900      0.73806081      0.12968179
       9788.4300      0.51637854      0.12864834
       9791.5700      0.70470322      0.12771383
       9794.7100      0.93687155      0.12682521
