# data from http://adsabs.harvard.edu/abs/2006MNRAS.369.1780V
# original filename = 2004dj_041004.ascii
# via WISEREP
# de-redshifted assuming z=  0.000437000
# flux divided by   1.33009e-14
# observation JD =        2453282.5
# phase in rest-frame days relative to JD =        2453187.0
# type is SNII
# phase is       95.5000
# WARNING: fake error spectrum!

       4198.1700      0.91826100      0.18962813
       4201.7700      0.92688100      0.19022851
       4205.3700      0.86971800      0.19082596
       4208.9800      0.99385900      0.19142214
       4212.5800       1.0124000      0.19201373
       4216.1900      0.91285100      0.19260404
       4219.7900       1.1125100      0.19318980
       4223.3900       1.2076500      0.19377264
       4227.0000       1.1671200      0.19435419
       4230.6000       1.4120500      0.19493122
       4234.2100       1.4504600      0.19550695
       4237.8100       1.3468000      0.19607818
       4241.4200       1.3653200      0.19664810
       4245.0200       1.3100500      0.19721356
       4248.6200       1.0796900      0.19777613
       4252.2300      0.86556400      0.19833738
       4255.8300      0.76145000      0.19889420
       4259.4400      0.79717000      0.19944968
       4263.0400      0.65555600      0.20000076
       4266.6400      0.43535000      0.20054897
       4270.2500      0.53192600      0.20109585
       4273.8500      0.61953900      0.20163835
       4277.4600      0.58400800      0.20217950
       4281.0600      0.66905400      0.20271630
       4284.6700      0.68857800      0.20325175
       4288.2700      0.54396600      0.20378287
       4291.8700      0.50727500      0.20431116
       4295.4800      0.55324400      0.20483808
       4299.0800      0.65344300      0.20536071
       4302.6900      0.66864700      0.20588197
       4306.2900      0.79759900      0.20639896
       4309.8900       1.0641300      0.20691315
       4313.5000       1.1382900      0.20742594
       4317.1000       1.0837300      0.20793451
       4320.7100       1.1655700      0.20844168
       4324.3100       1.2438700      0.20894465
       4327.9200       1.2013000      0.20944621
       4331.5200       1.1813400      0.20994360
       4335.1200       1.0526600      0.21043820
       4338.7300      0.93424100      0.21093139
       4342.3300      0.84148300      0.21142044
       4345.9400      0.70254700      0.21190807
       4349.5400      0.66195400      0.21239157
       4353.1400      0.66537900      0.21287232
       4356.7500      0.65083000      0.21335163
       4360.3500      0.68356000      0.21382686
       4363.9600      0.72651200      0.21430065
       4367.5600      0.76390700      0.21477038
       4371.1700      0.78403600      0.21523866
       4374.7700      0.84845200      0.21570291
       4378.3700      0.96947800      0.21616442
       4381.9800       1.0218100      0.21662448
       4385.5800      0.96464900      0.21708054
       4389.1900       1.0166500      0.21753513
       4392.7900       1.1350100      0.21798574
       4396.3900       1.1400900      0.21843365
       4400.0000       1.0320800      0.21888008
       4403.6000       1.0343300      0.21932256
       4407.2100      0.97707600      0.21976357
       4410.8100      0.94810300      0.22020065
       4414.4200      0.92618800      0.22063625
       4418.0200      0.85779300      0.22106796
       4421.6200      0.82140900      0.22149698
       4425.2300      0.85320000      0.22192450
       4428.8300      0.91378200      0.22234816
       4432.4400      0.97331200      0.22277032
       4436.0400      0.97413200      0.22318863
       4439.6400       1.0248400      0.22360429
       4443.2500       1.1990900      0.22401843
       4446.8500       1.3578200      0.22442877
       4450.4600       1.3909700      0.22483759
       4454.0600       1.3711600      0.22524263
       4457.6600       1.3689700      0.22564503
       4461.2700       1.2523600      0.22604589
       4464.8700       1.1280800      0.22644301
       4468.4800       1.0927900      0.22683860
       4472.0800       1.0535600      0.22723046
       4475.6900       1.0870600      0.22762078
       4479.2900       1.0624400      0.22800740
       4482.8900       1.0138600      0.22839140
       4486.5000       1.0114600      0.22877386
       4490.1000      0.90417200      0.22915264
       4493.7100      0.82550100      0.22952987
       4497.3100      0.77816000      0.22990346
       4500.9200      0.75537400      0.23027548
       4504.5200      0.73766500      0.23064388
       4508.1200      0.67078200      0.23100970
       4511.7300      0.68470100      0.23137394
       4515.3300      0.71900500      0.23173460
       4518.9400      0.67798300      0.23209368
       4522.5400      0.63508000      0.23244919
       4526.1400      0.63450200      0.23280214
       4529.7500      0.64486800      0.23315351
       4533.3500      0.72347000      0.23350134
       4536.9600      0.80111900      0.23384758
       4540.5600      0.87624700      0.23419031
       4544.1600      0.94692700      0.23453049
       4547.7700       1.0283400      0.23486908
       4551.3700       1.1377900      0.23520419
       4554.9800       1.2672400      0.23553769
       4558.5800       1.4004600      0.23586774
       4562.1900       1.5528100      0.23619617
       4565.7900       1.6812000      0.23652118
       4569.3900       1.8476600      0.23684367
       4573.0000       2.0407800      0.23716454
       4576.6000       2.1493900      0.23748201
       4580.2100       2.2205000      0.23779785
       4583.8100       2.2638800      0.23811032
       4587.4100       2.1724400      0.23842030
       4591.0200       2.0049500      0.23872864
       4594.6200       1.8406400      0.23903364
       4598.2300       1.6976600      0.23933699
       4601.8300       1.5867100      0.23963703
       4605.4400       1.5719600      0.23993542
       4609.0400       1.6740200      0.24023051
       4612.6400       1.7661000      0.24052314
       4616.2500       1.7588500      0.24081411
       4619.8500       1.7893800      0.24110182
       4623.4600       1.8747000      0.24138786
       4627.0600       1.8509700      0.24167067
       4630.6600       1.7797700      0.24195103
       4634.2700       1.7185600      0.24222972
       4637.8700       1.7177300      0.24250520
       4641.4800       1.6806500      0.24277901
       4645.0800       1.7172500      0.24304963
       4648.6900       1.8285100      0.24331857
       4652.2900       1.8409000      0.24358434
       4655.8900       1.9206100      0.24384770
       4659.5000       1.9595300      0.24410938
       4663.1000       2.0149000      0.24436792
       4666.7100       1.9945000      0.24462476
       4670.3100       1.8562700      0.24487850
       4673.9100       1.8276300      0.24512984
       4677.5200       1.7937600      0.24537948
       4681.1200       1.7734500      0.24562604
       4684.7300       1.7551600      0.24587090
       4688.3300       1.7193400      0.24611270
       4691.9400       1.7088300      0.24635279
       4695.5400       1.7328600      0.24658984
       4699.1400       1.7854700      0.24682453
       4702.7500       1.7862000      0.24705750
       4706.3500       1.7339800      0.24728747
       4709.9600       1.7035600      0.24751571
       4713.5600       1.7450800      0.24774097
       4717.1600       1.7324500      0.24796389
       4720.7700       1.7148200      0.24818508
       4724.3700       1.6502400      0.24840331
       4727.9800       1.5944800      0.24861982
       4731.5800       1.5604600      0.24883339
       4735.1900       1.4818800      0.24904523
       4738.7900       1.4329500      0.24925415
       4742.3900       1.4488500      0.24946076
       4746.0000       1.5274200      0.24966563
       4749.6000       1.5282600      0.24986762
       4753.2100       1.4943100      0.25006786
       4756.8100       1.5505400      0.25026524
       4760.4100       1.5804900      0.25046033
       4764.0200       1.5651900      0.25065367
       4767.6200       1.4684400      0.25084417
       4771.2300       1.3467100      0.25103292
       4774.8300       1.3340100      0.25121887
       4778.4400       1.2987500      0.25140304
       4782.0400       1.2064200      0.25158444
       4785.6400       1.1362400      0.25176357
       4789.2500       1.0357500      0.25194093
       4792.8500      0.95619400      0.25211554
       4796.4600      0.88251300      0.25228837
       4800.0600      0.77309100      0.25245847
       4803.6600      0.64202400      0.25262633
       4807.2700      0.58333600      0.25279241
       4810.8700      0.56842500      0.25295578
       4814.4800      0.58852400      0.25311737
       4818.0800      0.68103100      0.25327628
       4821.6800      0.78923200      0.25343297
       4825.2900       1.0153600      0.25358786
       4828.8900       1.1935800      0.25374011
       4832.5000       1.3375900      0.25389056
       4836.1000       1.4994300      0.25403838
       4839.7100       1.6572000      0.25418440
       4843.3100       1.7249600      0.25432782
       4846.9100       1.7769500      0.25446904
       4850.5200       1.9146400      0.25460845
       4854.1200       1.9575200      0.25474529
       4857.7300       1.9755600      0.25488032
       4861.3300       1.9630500      0.25501279
       4864.9400       1.9182600      0.25514345
       4868.5400       1.9023100      0.25527157
       4872.1400       1.8086000      0.25539753
       4875.7500       1.6844500      0.25552167
       4879.3500       1.4768800      0.25564330
       4882.9600       1.2821500      0.25576311
       4886.5600       1.1866800      0.25588043
       4890.1600       1.1383100      0.25599561
       4893.7700       1.1990600      0.25610896
       4897.3700       1.3296800      0.25621986
       4900.9800       1.4767800      0.25632892
       4904.5800       1.6541100      0.25643555
       4908.1800       1.7997000      0.25654006
       4911.7900       1.9844800      0.25664273
       4915.3900       2.2590300      0.25674299
       4919.0000       2.4168900      0.25684141
       4922.6000       2.4973900      0.25693745
       4926.2100       2.6200800      0.25703165
       4929.8100       2.6800100      0.25712348
       4933.4100       2.7067300      0.25721321
       4937.0200       2.7266400      0.25730109
       4940.6200       2.6485300      0.25738665
       4944.2300       2.5055500      0.25747034
       4947.8300       2.2889900      0.25755173
       4951.4300       2.1306600      0.25763104
       4955.0400       1.9230900      0.25770849
       4958.6400       1.6122300      0.25778365
       4962.2500       1.4209100      0.25785696
       4965.8500       1.2440300      0.25792800
       4969.4600       1.0683700      0.25799717
       4973.0600      0.94427000      0.25806410
       4976.6600      0.88496200      0.25812899
       4980.2700      0.85745300      0.25819201
       4983.8700      0.90652600      0.25825281
       4987.4800       1.0575600      0.25831173
       4991.0800       1.2677400      0.25836847
       4994.6800       1.4309100      0.25842318
       4998.2900       1.6217500      0.25847434
       5001.8900       1.8595800      0.25853077
       5005.5000       2.0553500      0.25857509
       5009.1000       2.2111800      0.25861753
       5012.7100       2.3337100      0.25866364
       5016.3100       2.4436100      0.25870920
       5019.9100       2.5559000      0.25875113
       5023.5200       2.5615800      0.25879200
       5027.1200       2.5382500      0.25882928
       5030.7300       2.4723000      0.25886492
       5034.3300       2.3351200      0.25889653
       5037.9300       2.1736200      0.25892129
       5041.5400       2.0315800      0.25894769
       5045.1400       1.8734400      0.25897621
       5048.7500       1.7522300      0.25900556
       5052.3500       1.6482700      0.25903079
       5055.9600       1.5251800      0.25904960
       5059.5600       1.4728400      0.25906468
       5063.1600       1.4353100      0.25908434
       5066.7700       1.4615200      0.25910242
       5070.3700       1.4913200      0.25911375
       5073.9800       1.5283500      0.25911997
       5077.5800       1.5726100      0.25912567
       5081.1800       1.5284000      0.25913593
       5084.7900       1.5055300      0.25914664
       5088.3900       1.5072300      0.25915171
       5092.0000       1.4278900      0.25915082
       5095.6000       1.3733700      0.25914836
       5099.2100       1.3707800      0.25914637
       5102.8100       1.3693000      0.25914255
       5106.4100       1.3008000      0.25913747
       5110.0200       1.1977200      0.25913014
       5113.6200       1.0619700      0.25912042
       5117.2300      0.93819000      0.25911039
       5120.8300      0.83931000      0.25909600
       5124.4300      0.74351000      0.25907759
       5128.0400      0.67034600      0.25905839
       5131.6400      0.66647800      0.25903869
       5135.2500      0.67912700      0.25902000
       5138.8500      0.75221300      0.25899926
       5142.4600      0.85645800      0.25897294
       5146.0600      0.98012900      0.25894614
       5149.6600       1.0819200      0.25891847
       5153.2700       1.1813400      0.25888621
       5156.8700       1.3116000      0.25885255
       5160.4800       1.4314400      0.25882080
       5164.0800       1.5114800      0.25878610
       5167.6800       1.5926600      0.25874494
       5171.2900       1.6803100      0.25870400
       5174.8900       1.7567500      0.25866530
       5178.5000       1.8386700      0.25862288
       5182.1000       1.8447600      0.25857901
       5185.7100       1.8273000      0.25853239
       5189.3100       1.8041200      0.25848132
       5192.9100       1.7435500      0.25842790
       5196.5200       1.6845400      0.25837674
       5200.1200       1.6235900      0.25832470
       5203.7300       1.6167200      0.25827091
       5207.3300       1.6192500      0.25821303
       5210.9300       1.6022200      0.25815236
       5214.5400       1.5933400      0.25809073
       5218.1400       1.5697300      0.25802793
       5221.7500       1.5346900      0.25796341
       5225.3500       1.5153400      0.25789610
       5228.9600       1.4876300      0.25782753
       5232.5600       1.4705300      0.25775684
       5236.1600       1.4899200      0.25768505
       5239.7700       1.5300700      0.25761293
       5243.3700       1.5575200      0.25753872
       5246.9800       1.5685400      0.25746039
       5250.5800       1.6259900      0.25738090
       5254.1800       1.6939800      0.25730032
       5257.7900       1.7417300      0.25721752
       5261.3900       1.7926700      0.25713548
       5265.0000       1.8201200      0.25704998
       5268.6000       1.7925900      0.25696312
       5272.2000       1.7126600      0.25687365
       5275.8100       1.5634000      0.25678207
       5279.4100       1.4518800      0.25668977
       5283.0200       1.3529700      0.25659670
       5286.6200       1.2931100      0.25650118
       5290.2300       1.2856600      0.25640204
       5293.8300       1.3537600      0.25630198
       5297.4300       1.4553800      0.25620122
       5301.0400       1.5793200      0.25609899
       5304.6400       1.6831800      0.25599357
       5308.2500       1.7644500      0.25588732
       5311.8500       1.8410500      0.25578007
       5315.4600       1.9122300      0.25567140
       5319.0600       1.8920800      0.25556077
       5322.6600       1.8560200      0.25544960
       5326.2700       1.8197200      0.25533538
       5329.8700       1.8064300      0.25521884
       5333.4800       1.7838800      0.25510223
       5337.0800       1.7471300      0.25498337
       5340.6800       1.7571800      0.25486235
       5344.2900       1.7362900      0.25473798
       5347.8900       1.7157400      0.25461290
       5351.5000       1.6938700      0.25448933
       5355.1000       1.6726600      0.25436273
       5358.7000       1.6778200      0.25423507
       5362.3100       1.6766200      0.25410262
       5365.9100       1.6724100      0.25396976
       5369.5200       1.6559400      0.25383632
       5373.1200       1.6620200      0.25370094
       5376.7300       1.6560900      0.25356437
       5380.3300       1.6202300      0.25342607
       5383.9300       1.5373900      0.25328450
       5387.5400       1.4621300      0.25314255
       5391.1400       1.4205200      0.25299944
       5394.7500       1.4078400      0.25285729
       5398.3500       1.4373200      0.25271374
       5401.9500       1.4809300      0.25256561
       5405.5600       1.5324800      0.25241115
       5409.1600       1.5842600      0.25225772
       5412.7700       1.6478000      0.25210572
       5416.3700       1.6945300      0.25195440
       5419.9800       1.7641200      0.25179858
       5423.5800       1.8692400      0.25164151
       5427.1800       1.8829500      0.25148124
       5430.7900       1.8468800      0.25132199
       5434.3900       1.7890500      0.25116215
       5438.0000       1.6973800      0.25099958
       5441.6000       1.6576100      0.25083441
       5445.2000       1.5899800      0.25066609
       5448.8100       1.5179300      0.25049843
       5452.4100       1.4533500      0.25033129
       5456.0200       1.4269300      0.25016045
       5459.6200       1.3839900      0.24998833
       5463.2300       1.3645700      0.24981244
       5466.8300       1.3691600      0.24963491
       5470.4300       1.3772800      0.24945773
       5474.0400       1.3609600      0.24927902
       5477.6400       1.3457000      0.24910076
       5481.2500       1.3323000      0.24892099
       5484.8500       1.3099500      0.24873959
       5488.4500       1.2986100      0.24855580
       5492.0600       1.2771900      0.24836953
       5495.6600       1.2729700      0.24818392
       5499.2700       1.2878600      0.24799595
       5502.8700       1.3391400      0.24780316
       5506.4800       1.4058100      0.24760899
       5510.0800       1.4918900      0.24741597
       5513.6800       1.5676800      0.24722349
       5517.2900       1.6657400      0.24702854
       5520.8900       1.7535200      0.24683089
       5524.5000       1.7899500      0.24663141
       5528.1000       1.8313300      0.24643280
       5531.7000       1.8526500      0.24623287
       5535.3100       1.8296900      0.24602975
       5538.9100       1.7895300      0.24582656
       5542.5200       1.7143500      0.24561932
       5546.1200       1.6073100      0.24541183
       5549.7300       1.5616300      0.24520277
       5553.3300       1.4991000      0.24499290
       5556.9300       1.4037200      0.24478221
       5560.5400       1.3554500      0.24457028
       5564.1400       1.3139900      0.24435646
       5567.7500       1.2787300      0.24414226
       5571.3500       1.2594000      0.24392575
       5574.9500       1.2522400      0.24370777
       5578.5600       1.2253400      0.24348678
       5582.1600       1.1952700      0.24326656
       5585.7700       1.1684700      0.24304466
       5589.3700       1.1493100      0.24282085
       5592.9800       1.1374800      0.24259539
       5596.5800       1.1280500      0.24237082
       5600.1800       1.0936300      0.24214531
       5603.7900       1.0844500      0.24191505
       5607.3900       1.0753200      0.24168429
       5611.0000       1.0227400      0.24145235
       5614.6000      0.99917400      0.24122008
       5618.2000      0.97733600      0.24098575
       5621.8100      0.97268300      0.24074997
       5625.4100      0.98202300      0.24051513
       5629.0200      0.98773700      0.24027601
       5632.6200       1.0000000      0.24003666
       5636.2200       1.0198900      0.23979677
       5639.8300       1.1000600      0.23955515
       5643.4300       1.1681100      0.23931267
       5647.0400       1.2302500      0.23906769
       5650.6400       1.3160600      0.23882187
       5654.2500       1.3718600      0.23857279
       5657.8500       1.4491100      0.23832610
       5661.4500       1.4933600      0.23807696
       5665.0600       1.4962600      0.23782507
       5668.6600       1.4841400      0.23757234
       5672.2700       1.4545500      0.23731989
       5675.8700       1.4569300      0.23706835
       5679.4800       1.4702000      0.23681189
       5683.0800       1.4347300      0.23655160
       5686.6800       1.3601100      0.23629151
       5690.2900       1.3004100      0.23603426
       5693.8900       1.2826000      0.23577734
       5697.5000       1.2730700      0.23551546
       5701.1000       1.2243400      0.23525098
       5704.7000       1.1784900      0.23498503
       5708.3100       1.1342000      0.23472029
       5711.9100       1.1120600      0.23445629
       5715.5200       1.1295000      0.23418846
       5719.1200       1.1482600      0.23392063
       5722.7200       1.1326100      0.23364951
       5726.3300       1.0849400      0.23337400
       5729.9300       1.0697700      0.23310072
       5733.5400       1.0476300      0.23282873
       5737.1400       1.0537000      0.23255514
       5740.7500       1.0617000      0.23227666
       5744.3500       1.0521100      0.23199623
       5747.9500       1.0433200      0.23171823
       5751.5600       1.0036100      0.23144054
       5755.1600       1.0170700      0.23116291
       5758.7700       1.0013700      0.23087961
       5762.3700      0.97975800      0.23059551
       5765.9700      0.99024800      0.23031009
       5769.5800      0.97665600      0.23002414
       5773.1800      0.93517600      0.22973924
       5776.7900      0.90196500      0.22945270
       5780.3900      0.85107700      0.22916590
       5784.0000      0.78995800      0.22887643
       5787.6000      0.71479700      0.22858271
       5791.2000      0.66103500      0.22828935
       5794.8100      0.62506500      0.22799519
       5798.4100      0.54813400      0.22770206
       5802.0200      0.49160900      0.22740577
       5805.6200      0.43181200      0.22710935
       5809.2200      0.39234700      0.22681187
       5812.8300      0.36290600      0.22651260
       5816.4300      0.32537900      0.22621424
       5820.0400      0.31697100      0.22591265
       5823.6400      0.27281400      0.22561036
       5827.2500      0.27717000      0.22530645
       5830.8500      0.33134300      0.22500289
       5834.4500      0.37286500      0.22469785
       5838.0600      0.41939300      0.22439109
       5841.6600      0.45765500      0.22408503
       5845.2700      0.49559900      0.22377588
       5848.8700      0.58811900      0.22346717
       5852.4700      0.71154800      0.22315529
       5856.0800      0.82279000      0.22284240
       5859.6800       1.0115200      0.22253388
       5863.2900       1.2062700      0.22224084
       5866.8900       1.3538500      0.22200439
       5870.5000       1.4826600      0.22188452
       5874.1000       1.6244700      0.22193874
       5877.7000       1.7293500      0.22217253
       5881.3100       1.8340400      0.22247538
       5884.9100       1.9015800      0.22261978
       5888.5200       1.9223800      0.22246780
       5892.1200       1.9321900      0.22214718
       5895.7200       1.9386400      0.22174283
       5899.3300       1.9977500      0.22113589
       5902.9300       2.0428400      0.22042910
       5906.5400       2.0162300      0.21992108
       5910.1400       1.9428200      0.21971710
       5913.7500       1.8377500      0.21969596
       5917.3500       1.7730200      0.21953413
       5920.9500       1.7101200      0.21893966
       5924.5600       1.6693700      0.21806496
       5928.1600       1.6029400      0.21735346
       5931.7700       1.5303500      0.21707628
       5935.3700       1.4581800      0.21726723
       5938.9700       1.3783100      0.21760630
       5942.5800       1.3329600      0.21752019
       5946.1800       1.2932400      0.21682804
       5949.7900       1.2280300      0.21593526
       5953.3900       1.1921700      0.21525387
       5956.9900       1.1629500      0.21478142
       5960.6000       1.1599300      0.21442712
       5964.2000       1.1413800      0.21415225
       5967.8100       1.1451200      0.21383053
       5971.4100       1.1487600      0.21341565
       5975.0200       1.1360700      0.21294188
       5978.6200       1.1342900      0.21244181
       5982.2200       1.1181800      0.21199677
       5985.8300       1.1315100      0.21162120
       5989.4300       1.1493400      0.21121976
       5993.0400       1.1061200      0.21075539
       5996.6400       1.1037200      0.21027682
       6000.2500       1.1092100      0.20981019
       6003.8500       1.0578700      0.20935644
       6007.4500       1.0530000      0.20893185
       6011.0600       1.0569000      0.20854190
       6014.6600       1.0529200      0.20817519
       6018.2700       1.0331200      0.20781473
       6021.8700      0.99974800      0.20745899
       6025.4700      0.98675000      0.20710471
       6029.0800      0.99654800      0.20674882
       6032.6800      0.99900400      0.20639218
       6036.2900      0.98044300      0.20603333
       6039.8900      0.96294500      0.20567444
       6043.5000      0.96477200      0.20531337
       6047.1000      0.99219100      0.20495273
       6050.7000      0.98701700      0.20459173
       6054.3100      0.97457200      0.20422991
       6057.9100      0.95212700      0.20386750
       6061.5200      0.98933500      0.20350311
       6065.1200      0.98040900      0.20313938
       6068.7200      0.97036100      0.20277344
       6072.3300      0.97752600      0.20240619
       6075.9300      0.97704600      0.20203939
       6079.5400      0.99378500      0.20167052
       6083.1400      0.96432600      0.20130298
       6086.7400      0.95080500      0.20093419
       6090.3500      0.95840000      0.20056347
       6093.9500      0.93125400      0.20019278
       6097.5600      0.90815700      0.19982043
       6101.1600      0.88385700      0.19944769
       6104.7700      0.87795400      0.19907355
       6108.3700      0.88345300      0.19869986
       6111.9700      0.90803100      0.19832459
       6115.5800      0.95560700      0.19794923
       6119.1800       1.0316100      0.19757412
       6122.7900       1.1162800      0.19719700
       6126.3900       1.2006900      0.19681974
       6130.0000       1.2960600      0.19643986
       6133.6000       1.3864600      0.19606067
       6137.2000       1.4457200      0.19568123
       6140.8100       1.4903800      0.19529993
       6144.4100       1.4937200      0.19491888
       6148.0200       1.4902700      0.19453677
       6151.6200       1.4725500      0.19415536
       6155.2200       1.4229600      0.19377183
       6158.8300       1.4154900      0.19338726
       6162.4300       1.3750300      0.19300249
       6166.0400       1.3044000      0.19261699
       6169.6400       1.2586700      0.19223155
       6173.2400       1.1952800      0.19184571
       6176.8500       1.1771100      0.19145753
       6180.4500       1.1359600      0.19106829
       6184.0600       1.0425500      0.19067804
       6187.6600       1.0024700      0.19028947
       6191.2700      0.96591000      0.18990027
       6194.8700      0.92123100      0.18951022
       6198.4700      0.87794000      0.18911885
       6202.0800      0.87066400      0.18872499
       6205.6800      0.86059200      0.18833349
       6209.2900      0.86838200      0.18793916
       6212.8900      0.89801000      0.18754641
       6216.4900      0.95620800      0.18715204
       6220.1000      0.99003600      0.18675549
       6223.7000       1.0383600      0.18636027
       6227.3100       1.0935300      0.18596355
       6230.9100       1.1504400      0.18556682
       6234.5200       1.2028400      0.18516944
       6238.1200       1.2322900      0.18477127
       6241.7200       1.2416000      0.18437305
       6245.3300       1.2709900      0.18397427
       6248.9300       1.2648900      0.18358231
       6252.5400       1.2584200      0.18320571
       6256.1400       1.2342000      0.18286490
       6259.7400       1.1952400      0.18261400
       6263.3500       1.1605600      0.18264279
       6266.9500       1.1043300      0.18335615
       6270.5600       1.0604900      0.18496357
       6274.1600       1.0240100      0.18656963
       6277.7700       1.0257100      0.18668874
       6281.3700       1.0228500      0.18528094
       6284.9700       1.0214000      0.18376839
       6288.5800       1.0189900      0.18293662
       6292.1800       1.0028600      0.18244967
       6295.7900      0.99244500      0.18183998
       6299.3900      0.99143400      0.18105396
       6302.9900      0.98780500      0.18022722
       6306.6000      0.98056800      0.17944621
       6310.2000      0.98521100      0.17873257
       6313.8100       1.0066300      0.17806861
       6317.4100      0.99077800      0.17743115
       6321.0200      0.96790900      0.17680173
       6324.6200      0.95968200      0.17619781
       6328.2200      0.92662500      0.17563181
       6331.8300      0.90541700      0.17510434
       6335.4300      0.89371000      0.17461672
       6339.0400      0.90803500      0.17415071
       6342.6400      0.93382100      0.17368478
       6346.2400      0.92855900      0.17320141
       6349.8500      0.90505500      0.17270903
       6353.4500      0.90194200      0.17222891
       6357.0600      0.90924000      0.17176038
       6360.6600      0.92377400      0.17129816
       6364.2700      0.91444100      0.17083829
       6367.8700      0.89608500      0.17037608
       6371.4700      0.88605900      0.16990276
       6375.0800      0.86007800      0.16943212
       6378.6800      0.84325200      0.16899030
       6382.2900      0.78689300      0.16856897
       6385.8900      0.69264900      0.16813760
       6389.4900      0.61829800      0.16767589
       6393.1000      0.62983000      0.16719938
       6396.7000      0.68272700      0.16673924
       6400.3100      0.72303200      0.16629918
       6403.9100      0.77682300      0.16587366
       6407.5100      0.84054400      0.16545119
       6411.1200      0.85025700      0.16502872
       6414.7200      0.84511700      0.16460592
       6418.3300      0.87170300      0.16418208
       6421.9300      0.89151100      0.16375858
       6425.5400      0.88331500      0.16333371
       6429.1400      0.85087400      0.16291090
       6432.7400      0.81993100      0.16248827
       6436.3500      0.79001000      0.16206718
       6439.9500      0.73377600      0.16165224
       6443.5600      0.67671800      0.16124717
       6447.1600      0.60411900      0.16087217
       6450.7600      0.54679400      0.16054547
       6454.3700      0.48763300      0.16026727
       6457.9700      0.42362300      0.16002082
       6461.5800      0.37115000      0.15981428
       6465.1800      0.33919400      0.15967776
       6468.7900      0.35228300      0.15958489
       6472.3900      0.34979800      0.15941403
       6475.9900      0.34823500      0.15906162
       6479.6000      0.39372900      0.15854568
       6483.2000      0.43069400      0.15795935
       6486.8100      0.46336600      0.15734929
       6490.4100      0.53568400      0.15669361
       6494.0100      0.62665000      0.15596977
       6497.6200      0.72174500      0.15526346
       6501.2200      0.83468500      0.15473507
       6504.8300      0.99469600      0.15448113
       6508.4300       1.1859700      0.15445211
       6512.0400       1.3451000      0.15437444
       6515.6400       1.5282100      0.15393746
       6519.2400       1.7296000      0.15315492
       6522.8500       1.9152500      0.15233666
       6526.4500       2.1059200      0.15170570
       6530.0600       2.1617000      0.15123086
       6533.6600       2.2916200      0.15082417
       6537.2600       2.3877500      0.15048095
       6540.8700       2.4525400      0.15019213
       6544.4700       2.5256900      0.14987485
       6548.0800       2.5910000      0.14946752
       6551.6800       2.6244100      0.14899723
       6555.2900       2.6288200      0.14851380
       6558.8900       2.6433900      0.14803500
       6562.4900       2.6298800      0.14754231
       6566.1000       2.6343400      0.14703915
       6569.7000       2.6196000      0.14652994
       6573.3100       2.6029400      0.14599131
       6576.9100       2.5717000      0.14544583
       6580.5100       2.5240100      0.14492531
       6584.1200       2.4672800      0.14441662
       6587.7200       2.3826800      0.14391198
       6591.3300       2.2929100      0.14343374
       6594.9300       2.2409200      0.14299604
       6598.5400       2.1844500      0.14257528
       6602.1400       2.0773400      0.14215551
       6605.7400       1.9806400      0.14173170
       6609.3500       1.9017400      0.14130191
       6612.9500       1.8150300      0.14086877
       6616.5600       1.7291600      0.14043086
       6620.1600       1.6509700      0.13999323
       6623.7600       1.5769400      0.13955501
       6627.3700       1.4974600      0.13911580
       6630.9700       1.4131800      0.13867811
       6634.5800       1.3513000      0.13823891
       6638.1800       1.3056400      0.13780015
       6641.7900       1.2412100      0.13735947
       6645.3900       1.1917500      0.13691936
       6648.9900       1.1718300      0.13648025
       6652.6000       1.1308200      0.13603990
       6656.2000       1.1056600      0.13560076
       6659.8100       1.0646000      0.13516013
       6663.4100       1.0235600      0.13472075
       6667.0100       1.0230400      0.13428106
       6670.6200       1.0001300      0.13383998
       6674.2200      0.98453100      0.13340031
       6677.8300      0.97592300      0.13295953
       6681.4300      0.95631700      0.13251938
       6685.0400      0.93650200      0.13207799
       6688.6400      0.90677600      0.13163744
       6692.2400      0.89462400      0.13119677
       6695.8500      0.88787600      0.13075535
       6699.4500      0.89212200      0.13031510
       6703.0600      0.87292100      0.12987369
       6706.6600      0.84736900      0.12943283
       6710.2600      0.84945500      0.12899193
       6713.8700      0.85385000      0.12854997
       6717.4700      0.85565200      0.12810924
       6721.0800      0.83266800      0.12766769
       6724.6800      0.83186700      0.12722643
       6728.2900      0.82575200      0.12678457
       6731.8900      0.82320900      0.12634359
       6735.4900      0.83139300      0.12590318
       6739.1000      0.81488900      0.12546090
       6742.7000      0.79960500      0.12501970
       6746.3100      0.80639100      0.12457752
       6749.9100      0.80490800      0.12413597
       6753.5100      0.79134300      0.12369497
       6757.1200      0.79146400      0.12325276
       6760.7200      0.77659300      0.12281182
       6764.3300      0.78488900      0.12236954
       6767.9300      0.79036600      0.12192891
       6771.5300      0.76958600      0.12148803
       6775.1400      0.77416300      0.12104583
       6778.7400      0.78782100      0.12060493
       6782.3500      0.78335900      0.12016262
       6785.9500      0.77271900      0.11972200
       6789.5600      0.77533900      0.11927935
       6793.1600      0.77978600      0.11883877
       6796.7600      0.77836200      0.11839807
       6800.3700      0.77744400      0.11795583
       6803.9700      0.77614100      0.11751473
       6807.5800      0.78753900      0.11707324
       6811.1800      0.78702700      0.11663247
       6814.7900      0.79479800      0.11619090
       6818.3900      0.79904000      0.11575066
       6821.9900      0.78039300      0.11531082
       6825.6000      0.77892100      0.11486927
       6829.2000      0.78360700      0.11442890
       6832.8100      0.77776100      0.11398658
       6836.4100      0.77646700      0.11354585
       6840.0100      0.78912600      0.11310706
       6843.6200      0.80089600      0.11267668
       6847.2200      0.78802900      0.11231601
       6850.8300      0.78419400      0.11230510
       6854.4300      0.79021600      0.11348970
       6858.0300      0.74994900      0.11736439
       6861.6400      0.68429400      0.12490545
       6865.2400      0.63480200      0.13392538
       6868.8500      0.59248300      0.13854659
       6872.4500      0.59811000      0.13555108
       6876.0600      0.64044300      0.12905047
       6879.6600      0.65823700      0.12430402
       6883.2600      0.66795500      0.12261907
       6886.8700      0.67540200      0.12243343
       6890.4700      0.66119200      0.12190144
       6894.0800      0.65448600      0.12042064
       6897.6800      0.66275400      0.11835616
       6901.2800      0.67917300      0.11614493
       6904.8900      0.69990300      0.11401378
       6908.4900      0.71512800      0.11207560
       6912.1000      0.73249300      0.11038571
       6915.7000      0.73894500      0.10899840
       6919.3100      0.72716900      0.10790781
       6922.9100      0.73287500      0.10706253
       6926.5100      0.73465100      0.10638757
       6930.1200      0.72072900      0.10585110
       6933.7200      0.70600100      0.10541341
       6937.3300      0.69191400      0.10493250
       6940.9300      0.68949000      0.10427738
       6944.5300      0.71102200      0.10350081
       6948.1400      0.71088400      0.10275619
       6951.7400      0.69325600      0.10207482
       6955.3500      0.68793400      0.10130669
       6958.9500      0.69050900      0.10035562
       6962.5600      0.73001900     0.099339216
       6966.1600      0.75337500     0.098480066
       6969.7600      0.74354400     0.097871789
       6973.3700      0.75508700     0.097488473
       6976.9700      0.77544500     0.097295657
       6980.5800      0.77598700     0.097238866
       6984.1800      0.78317900     0.097179955
       6987.7800      0.79983900     0.096953397
       6991.3900      0.80474600     0.096529840
       6994.9900      0.79958900     0.096025162
       6998.6000      0.81221600     0.095532713
       7002.2000      0.81642700     0.095056910
       7005.8100      0.80448000     0.094578833
       7009.4100      0.78981000     0.094119543
       7013.0100      0.76641900     0.093686679
       7016.6200      0.76319500     0.093253721
       7020.2200      0.75849500     0.092775131
       7023.8300      0.75408300     0.092192558
       7027.4300      0.75901900     0.091537212
       7031.0300      0.75232400     0.090934682
       7034.6400      0.75576600     0.090435374
       7038.2400      0.75992500     0.089971476
       7041.8500      0.75152000     0.089508074
       7045.4500      0.74516200     0.089079944
       7049.0600      0.74087700     0.088663969
       7052.6600      0.74265000     0.088206352
       7056.2600      0.74170600     0.087701749
       7059.8700      0.74991100     0.087179599
       7063.4700      0.76075600     0.086664010
       7067.0800      0.76016500     0.086172573
       7070.6800      0.74005100     0.085718641
       7074.2800      0.71423400     0.085276372
       7077.8900      0.71280100     0.084812696
       7081.4900      0.73065300     0.084336425
       7085.1000      0.73283400     0.083869772
       7088.7000      0.72251000     0.083424958
       7092.3100      0.72792700     0.082994815
       7095.9100      0.72777100     0.082573608
       7099.5100      0.72585900     0.082146537
       7103.1200      0.72803700     0.081704118
       7106.7200      0.73173900     0.081253525
       7110.3300      0.74551500     0.080805910
       7113.9300      0.76541300     0.080375124
       7117.5300      0.75621100     0.079963323
       7121.1400      0.75045200     0.079566693
       7124.7400      0.75858000     0.079178646
       7128.3500      0.75251800     0.078787088
       7131.9500      0.74862600     0.078397962
       7135.5600      0.73702700     0.078027713
       7139.1600      0.73140400     0.077689793
       7142.7600      0.74683800     0.077371888
       7146.3700      0.74965900     0.077056524
       7149.9700      0.74602100     0.076782347
       7153.5800      0.73495900     0.076676831
       7157.1800      0.71779900     0.076928315
       7160.7800      0.69395300     0.077647055
       7164.3900      0.66268800     0.078717900
       7167.9900      0.63817600     0.079795612
       7171.6000      0.61272700     0.080597772
       7175.2000      0.60939300     0.081145594
       7178.8100      0.61199900     0.081586735
       7182.4100      0.59771200     0.081787219
       7186.0100      0.61712300     0.081487838
       7189.6200      0.64908000     0.080752676
       7193.2200      0.66016700     0.079857898
       7196.8300      0.67456500     0.078794946
       7200.4300      0.71025500     0.077289838
       7204.0300      0.77566000     0.075290646
       7207.6400      0.83920400     0.073229163
       7211.2400      0.85479900     0.071642908
       7214.8500      0.85429300     0.070736087
       7218.4500      0.86168000     0.070455900
       7222.0500      0.84750400     0.070710360
       7225.6600      0.81472300     0.071383741
       7229.2600      0.77094600     0.072159050
       7232.8700      0.75277000     0.072589243
       7236.4700      0.74401800     0.072450102
       7240.0800      0.72415500     0.071875542
       7243.6800      0.70803200     0.071148939
       7247.2800      0.71058400     0.070432716
       7250.8900      0.72733000     0.069720758
       7254.4900      0.72059800     0.069020715
       7258.1000      0.72897100     0.068418695
       7261.7000      0.75631100     0.067969411
       7265.3000      0.74823000     0.067671461
       7268.9100      0.75196800     0.067440066
       7272.5100      0.77141100     0.067010518
       7276.1200      0.80165000     0.066226368
       7279.7200      0.84315700     0.065388435
       7283.3300      0.86554600     0.064838912
       7286.9300      0.87168000     0.064478892
       7290.5300      0.88379100     0.064017927
       7294.1400      0.90947800     0.063456487
       7297.7400      0.94885700     0.062953768
       7301.3500      0.94654500     0.062486052
       7304.9500      0.93674500     0.061942547
       7308.5500      0.94780600     0.061290173
       7312.1600      0.95962000     0.060531489
       7315.7600      0.95688300     0.059677322
       7319.3700      0.95578000     0.058810270
       7322.9700      0.95838500     0.058066551
       7326.5800      0.96194200     0.057466470
       7330.1800      0.97025900     0.056924099
       7333.7800      0.94995300     0.056381531
       7337.3900      0.90724600     0.055879281
       7340.9900      0.87378300     0.055459016
       7344.6000      0.86550900     0.055082018
       7348.2000      0.86964400     0.054702252
       7351.8000      0.84901000     0.054320516
       7355.4100      0.82558200     0.053950786
       7359.0100      0.82823500     0.053575280
       7362.6200      0.81534100     0.053153760
       7366.2200      0.77985900     0.052678532
       7369.8300      0.77846500     0.052181637
       7373.4300      0.75659200     0.051714588
       7377.0300      0.75014900     0.051292562
       7380.6400      0.74036400     0.050894165
       7384.2400      0.71206400     0.050497510
       7387.8500      0.71959100     0.050088823
       7391.4500      0.71544800     0.049662081
       7395.0500      0.70889000     0.049217656
       7398.6600      0.71232600     0.048773587
       7402.2600      0.70764400     0.048352443
       7405.8700      0.70712800     0.047952438
       7409.4700      0.70377100     0.047562534
       7413.0800      0.70748300     0.047173666
       7416.6800      0.71591900     0.046788829
       7420.2800      0.73245600     0.046404122
       7423.8900      0.72261200     0.046014282
       7427.4900      0.73399700     0.045624174
       7431.1000      0.74274100     0.045238876
       7434.7000      0.76133000     0.044862004
       7438.3000      0.77480900     0.044487533
       7441.9100      0.78832500     0.044111337
       7445.5100      0.81057000     0.043737190
       7449.1200      0.81626700     0.043365543
       7452.7200      0.80845200     0.042998445
       7456.3300      0.82009800     0.042632738
       7459.9300      0.80473500     0.042269585
       7463.5300      0.80047600     0.041907358
       7467.1400      0.77847000     0.041545265
       7470.7400      0.76955200     0.041184950
       7474.3500      0.75384200     0.040824560
       7477.9500      0.73129600     0.040465916
       7481.5500      0.72009500     0.040107967
       7485.1600      0.70495900     0.039749780
       7488.7600      0.69866100     0.039393475
       7492.3700      0.70033000     0.039037080
       7495.9700      0.68412700     0.038682672
       7499.5800      0.68782300     0.038327954
       7503.1800      0.69483800     0.037975373
       7506.7800      0.69585700     0.037623503
       7510.3900      0.66905700     0.037271300
       7513.9900      0.65760300     0.036920863
       7517.6000      0.68059700     0.036570263
       7521.2000      0.66695700     0.036221602
       7524.8000      0.66901700     0.035873951
       7528.4100      0.67475100     0.035526201
       7532.0100      0.64586800     0.035180481
       7535.6200      0.64190400     0.034834674
       7539.2200      0.63548400     0.034490706
       7542.8300      0.62515100     0.034146537
       7546.4300      0.61513700     0.033804328
       7550.0300      0.63907600     0.033463122
       7553.6400      0.63801600     0.033122405
       7557.2400      0.61244400     0.032784753
       7560.8500      0.60855100     0.032448295
       7564.4500      0.60223100     0.032115662
       7568.0500      0.59377500     0.031789522
       7571.6600      0.57415500     0.031490759
       7575.2600      0.56326400     0.031309863
       7578.8700      0.54119000     0.031518836
       7582.4700      0.52360100     0.032705811
       7586.0700      0.44635500     0.035855910
       7589.6800      0.34550500     0.042356665
       7593.2800      0.24543900     0.053491965
       7596.8900      0.15952700     0.068398604
       7600.4900      0.10722900     0.079442268
       7604.1000      0.11471200     0.077183905
       7607.7000      0.17155700     0.065487899
       7611.3000      0.23256000     0.054539384
       7614.9100      0.27864200     0.048378913
       7618.5100      0.28052900     0.046703490
       7622.1200      0.26358200     0.047713697
       7625.7200      0.24811800     0.049037992
       7629.3300      0.24715500     0.048815220
       7632.9300      0.26264800     0.046783288
       7636.5300      0.27830200     0.043746452
       7640.1400      0.30310700     0.040459891
       7643.7400      0.32114800     0.037348355
       7647.3500      0.38782700     0.034564866
       7650.9500      0.43794100     0.032174806
       7654.5500      0.47330900     0.030160775
