# data from PESSTO SSDR1
# via WISEREP
# de-redshifted assuming z=   0.00300000
# phase in rest-frame days relative to JD =        2456372.0
# type is SNII
# phase is       11.5000
# WARNING: fake error spectrum!

       3639.7100      0.54735149     0.024854039
       3645.2100      0.56749701     0.025050186
       3650.7200      0.57105859     0.025245730
       3656.2200      0.53317960     0.025439961
       3661.7200      0.54466514     0.025633239
       3667.2200      0.51816143     0.025825565
       3672.7300      0.52185119     0.026017287
       3678.2300      0.49439782     0.026207712
       3683.7300      0.44525796     0.026397189
       3689.2300      0.46889339     0.026585722
       3694.7400      0.50056718     0.026773651
       3700.2400      0.50354435     0.026960296
       3705.7400      0.55656280     0.027146002
       3711.2400      0.56625239     0.027330769
       3716.7500      0.60873496     0.027514934
       3722.2500      0.62194478     0.027697828
       3727.7500      0.65163103     0.027879790
       3733.2600      0.69995769     0.028061149
       3738.7600      0.70038910     0.028241248
       3744.2600      0.69455605     0.028420420
       3749.7600      0.73119179     0.028598666
       3755.2700      0.76533002     0.028776309
       3760.7700      0.77157243     0.028952707
       3766.2700      0.76765249     0.029128185
       3771.7700      0.71085882     0.029302743
       3777.2800      0.71058453     0.029476699
       3782.7800      0.67936697     0.029649424
       3788.2800      0.68698356     0.029821235
       3793.7800      0.69219774     0.029992134
       3799.2900      0.65405550     0.030162432
       3804.7900      0.62163466     0.030331511
       3810.2900      0.65867287     0.030499684
       3815.7900      0.61094303     0.030666952
       3821.3000      0.63111337     0.030833619
       3826.8000      0.58541931     0.030999082
       3832.3000      0.57007998     0.031163645
       3837.8000      0.55817268     0.031327310
       3843.3100      0.50109370     0.031490375
       3848.8100      0.44751840     0.031652248
       3854.3100      0.44000243     0.031813230
       3859.8100      0.38532172     0.031973321
       3865.3200      0.40645550     0.032132811
       3870.8200      0.39098386     0.032291124
       3876.3200      0.35936796     0.032448552
       3881.8200      0.38854975     0.032605097
       3887.3300      0.39337111     0.032761041
       3892.8300      0.43866132     0.032915822
       3898.3300      0.46683418     0.033069725
       3903.8300      0.48837456     0.033222751
       3909.3400      0.55235617     0.033375178
       3914.8400      0.63011684     0.033526455
       3920.3400      0.70696506     0.033676860
       3925.8400      0.77391006     0.033826397
       3931.3500      0.87036213     0.033975334
       3936.8500      0.90267821     0.034123135
       3942.3500      0.99637226     0.034270072
       3947.8500       1.0425198     0.034416146
       3953.3600       1.0719579     0.034561623
       3958.8600       1.0731433     0.034705976
       3964.3600       1.0670484     0.034849473
       3969.8700       1.0441545     0.034992372
       3975.3700       1.0026836     0.035134157
       3980.8700      0.99323658     0.035275091
       3986.3700      0.99190237     0.035415175
       3991.8800      0.95540584     0.035554662
       3997.3800      0.91800927     0.035693050
       4002.8800      0.86937525     0.035830592
       4008.3800      0.80809653     0.035967291
       4013.8900      0.78037989     0.036103396
       4019.3900      0.75222220     0.036238413
       4024.8900      0.75021812     0.036372592
       4030.3900      0.71316475     0.036505936
       4035.9000      0.69335416     0.036638685
       4041.4000      0.68394023     0.036770360
       4046.9000      0.70709187     0.036901205
       4052.4000      0.74014811     0.037031220
       4057.9100      0.77260755     0.037160643
       4063.4100      0.84365029     0.037289004
       4068.9100      0.85843552     0.037416542
       4074.4100      0.89071302     0.037543258
       4079.9200      0.93675304     0.037669382
       4085.4200      0.93398399     0.037794458
       4090.9200      0.93575927     0.037918718
       4096.4200      0.92236476     0.038042162
       4101.9300      0.92029314     0.038165016
       4107.4300      0.89252827     0.038286835
       4112.9300      0.87354329     0.038407844
       4118.4300      0.87957068     0.038528045
       4123.9400      0.85731219     0.038647657
       4129.4400      0.89082053     0.038766246
       4134.9400      0.90946230     0.038884034
       4140.4400      0.87843081     0.039001020
       4145.9500      0.86630297     0.039117418
       4151.4500      0.89028298     0.039232807
       4156.9500      0.85666714     0.039347400
       4162.4600      0.81386617     0.039461406
       4167.9600      0.80137997     0.039574412
       4173.4600      0.81092070     0.039686628
       4178.9600      0.80179347     0.039798056
       4184.4600      0.82738336     0.039908697
       4189.9700      0.85224825     0.040018752
       4195.4700      0.87625858     0.040127824
       4200.9700      0.86833600     0.040236114
       4206.4800      0.85706547     0.040343819
       4211.9800      0.86264216     0.040450551
       4217.4800      0.83607780     0.040556506
       4222.9800      0.80667548     0.040661687
       4228.4900      0.76777516     0.040766285
       4233.9900      0.73343294     0.040869921
       4239.4900      0.70679002     0.040972789
       4244.9900      0.69134870     0.041074889
       4250.5000      0.67762201     0.041176407
       4256.0000      0.68717101     0.041276977
       4261.5000      0.65483976     0.041376784
       4267.0000      0.63802288     0.041475831
       4272.5100      0.63893947     0.041574298
       4278.0100      0.63814004     0.041671829
       4283.5100      0.68529512     0.041768605
       4289.0100      0.71287116     0.041864628
       4294.5200      0.79641940     0.041960071
       4300.0200      0.87076322     0.042054592
       4305.5200      0.90757263     0.042148364
       4311.0200      0.95152311     0.042241391
       4316.5300       1.0041639     0.042333840
       4322.0300       1.0366812     0.042425378
       4327.5300       1.0580507     0.042516175
       4333.0300       1.0823987     0.042606233
       4338.5400       1.0852284     0.042695716
       4344.0400       1.0689560     0.042784300
       4349.5400       1.0836116     0.042872150
       4355.0400       1.0854448     0.042959268
       4360.5500       1.0776669     0.043045813
       4366.0500       1.0703398     0.043131471
       4371.5500       1.0812864     0.043216402
       4377.0500       1.0771308     0.043300609
       4382.5600       1.0439339     0.043384243
       4388.0600       1.0370051     0.043467004
       4393.5600       1.0280640     0.043549045
       4399.0600      0.98950823     0.043630368
       4404.5700      0.97636044     0.043711120
       4410.0700      0.93651734     0.043791012
       4415.5700      0.89062894     0.043870190
       4421.0800      0.83961457     0.043948800
       4426.5800      0.80696630     0.044026557
       4432.0800      0.77542345     0.044103607
       4437.5800      0.73778567     0.044179951
       4443.0900      0.72187021     0.044255728
       4448.5900      0.74068566     0.044330666
       4454.0900      0.73053985     0.044404902
       4459.5900      0.73813852     0.044478441
       4465.1000      0.72786591     0.044551414
       4470.6000      0.72589491     0.044623560
       4476.1000      0.75373421     0.044695012
       4481.6000      0.73109255     0.044765772
       4487.1100      0.73260319     0.044835970
       4492.6100      0.77426429     0.044905351
       4498.1100      0.78620329     0.044974047
       4503.6100      0.80437644     0.045042058
       4509.1200      0.82421046     0.045109508
       4514.6200      0.82361227     0.045176154
       4520.1200      0.85975320     0.045242121
       4525.6200      0.90809363     0.045307411
       4531.1300      0.95056794     0.045372142
       4536.6300       1.0240558     0.045436081
       4542.1300       1.0166212     0.045499348
       4547.6300       1.0729931     0.045561944
       4553.1400       1.0779523     0.045623984
       4558.6400       1.0750854     0.045685244
       4564.1400       1.0893000     0.045745839
       4569.6400       1.1033630     0.045805771
       4575.1500       1.1272024     0.045865148
       4580.6500       1.1302953     0.045923757
       4586.1500       1.1580326     0.045981708
       4591.6500       1.1613930     0.046039003
       4597.1600       1.1755483     0.046095746
       4602.6600       1.1641014     0.046151733
       4608.1600       1.1532705     0.046207068
       4613.6600       1.1496428     0.046261755
       4619.1700       1.1533381     0.046315891
       4624.6700       1.1459985     0.046369283
       4630.1700       1.1283629     0.046422032
       4635.6700       1.1061265     0.046474138
       4641.1800       1.1127686     0.046525696
       4646.6800       1.0899809     0.046576522
       4652.1800       1.0933508     0.046626711
       4657.6900       1.0539598     0.046676355
       4663.1900       1.0591947     0.046725274
       4668.6900       1.0265092     0.046773562
       4674.1900      0.99862168     0.046821221
       4679.7000       1.0339025     0.046868336
       4685.2000       1.0084987     0.046914738
       4690.7000      0.98364899     0.046960516
       4696.2000       1.0054471     0.047005672
       4701.7100      0.99131107     0.047050287
       4707.2100      0.98524784     0.047094201
       4712.7100      0.95664633     0.047137497
       4718.2100      0.95100900     0.047180178
       4723.7200      0.89816146     0.047222321
       4729.2200      0.87169496     0.047263775
       4734.7200      0.83325086     0.047304618
       4740.2200      0.78158454     0.047344852
       4745.7300      0.73469410     0.047384552
       4751.2300      0.70851981     0.047423573
       4756.7300      0.64616600     0.047461991
       4762.2300      0.59700684     0.047499808
       4767.7400      0.56772030     0.047537091
       4773.2400      0.57589512     0.047573709
       4778.7400      0.58354893     0.047609730
       4784.2400      0.61543773     0.047645156
       4789.7500      0.71495656     0.047680053
       4795.2500      0.81652771     0.047714295
       4800.7500      0.94416013     0.047747947
       4806.2500       1.0505871     0.047781012
       4811.7600       1.1461019     0.047813549
       4817.2600       1.2051105     0.047845443
       4822.7600       1.2629958     0.047876755
       4828.2600       1.2602819     0.047907487
       4833.7700       1.2697372     0.047937694
       4839.2700       1.2168676     0.047967268
       4844.7700       1.1970722     0.047996268
       4850.2700       1.2304027     0.048024694
       4855.7800       1.2286426     0.048052598
       4861.2800       1.2463085     0.048079882
       4866.7800       1.2595142     0.048106597
       4872.2900       1.3050153     0.048132793
       4877.7900       1.3468335     0.048158377
       4883.2900       1.3537403     0.048183397
       4888.7900       1.3762152     0.048207857
       4894.3000       1.3884505     0.048231800
       4899.8000       1.3647779     0.048255142
       4905.3000       1.3264178     0.048277927
       4910.8000       1.2822716     0.048300159
       4916.3100       1.2407856     0.048321878
       4921.8100       1.1773264     0.048343006
       4927.3100       1.0928602     0.048363585
       4932.8100       1.0417355     0.048383617
       4938.3200      0.99164187     0.048403139
       4943.8200      0.96618844     0.048422082
       4949.3200      0.96998846     0.048440483
       4954.8200      0.98322585     0.048458344
       4960.3300       1.0481750     0.048475697
       4965.8300       1.1016387     0.048492483
       4971.3300       1.1217622     0.048508734
       4976.8300       1.1704485     0.048524451
       4982.3400       1.2303503     0.048539665
       4987.8400       1.2344894     0.048554762
       4993.3400       1.2567534     0.048568196
       4998.8400       1.2707006     0.048581260
       5004.3500       1.3035874     0.048595240
       5009.8500       1.3312130     0.048608083
       5015.3500       1.3247928     0.048620463
       5020.8500       1.2936056     0.048632034
       5026.3600       1.2848670     0.048641615
       5031.8600       1.2973394     0.048652162
       5037.3600       1.2487978     0.048663309
       5042.8600       1.2309954     0.048672567
       5048.3700       1.1795937     0.048680994
       5053.8700       1.1194645     0.048690280
       5059.3700       1.0745382     0.048697417
       5064.8700      0.99758656     0.048703707
       5070.3800      0.92002988     0.048711851
       5075.8800      0.85246740     0.048718962
       5081.3800      0.80898554     0.048724226
       5086.8900      0.78081544     0.048729592
       5092.3900      0.78299594     0.048734671
       5097.8900      0.79544079     0.048739260
       5103.3900      0.85478160     0.048743476
       5108.9000      0.92749211     0.048746669
       5114.4000      0.96992506     0.048749032
       5119.9000      0.99476238     0.048751554
       5125.4000       1.0631753     0.048754212
       5130.9100       1.1283560     0.048755482
       5136.4100       1.1698531     0.048756662
       5141.9100       1.2006544     0.048756613
       5147.4100       1.2326011     0.048757155
       5152.9200       1.2505041     0.048756591
       5158.4200       1.2523938     0.048755146
       5163.9200       1.2425209     0.048754516
       5169.4200       1.2774448     0.048752961
       5174.9300       1.2670867     0.048750357
       5180.4300       1.2568816     0.048746765
       5185.9300       1.2773248     0.048744071
       5191.4300       1.2531932     0.048740813
       5196.9400       1.2318954     0.048736496
       5202.4400       1.2306591     0.048731722
       5207.9400       1.2300085     0.048726721
       5213.4400       1.2310395     0.048721075
       5218.9500       1.1979033     0.048714901
       5224.4500       1.1729957     0.048708545
       5229.9500       1.1968585     0.048701981
       5235.4500       1.2066942     0.048694381
       5240.9600       1.1940385     0.048686393
       5246.4600       1.2085164     0.048678246
       5251.9600       1.2519569     0.048669827
       5257.4600       1.2690329     0.048660609
       5262.9700       1.2924023     0.048650845
       5268.4700       1.3086899     0.048641229
       5273.9700       1.2973739     0.048630573
       5279.4700       1.3287114     0.048619353
       5284.9800       1.3757672     0.048608137
       5290.4800       1.3708990     0.048596305
       5295.9800       1.3649736     0.048583949
       5301.4800       1.3943497     0.048571570
       5306.9900       1.3911520     0.048558567
       5312.4900       1.3964448     0.048545297
       5317.9900       1.3711071     0.048531299
       5323.5000       1.3614065     0.048517204
       5329.0000       1.3438274     0.048502297
       5334.5000       1.3425966     0.048486706
       5340.0000       1.3199921     0.048471419
       5345.5100       1.3097733     0.048455788
       5351.0100       1.3080076     0.048438958
       5356.5100       1.2980768     0.048422164
       5362.0100       1.2941555     0.048404996
       5367.5200       1.2686593     0.048387474
       5373.0200       1.2458013     0.048368920
       5378.5200       1.2491534     0.048350706
       5384.0200       1.2569698     0.048332732
       5389.5300       1.2414472     0.048312993
       5395.0300       1.2235483     0.048292398
       5400.5300       1.2126403     0.048272710
       5406.0300       1.2138463     0.048252569
       5411.5400       1.1976635     0.048231496
       5417.0400       1.1705726     0.048210413
       5422.5400       1.1756779     0.048189290
       5428.0400       1.1607741     0.048167144
       5433.5500       1.1565854     0.048144358
       5439.0500       1.1532733     0.048122074
       5444.5500       1.1566516     0.048098934
       5450.0500       1.1348259     0.048074936
       5455.5600       1.1328190     0.048050599
       5461.0600       1.1399022     0.048026328
       5466.5600       1.1571340     0.048002264
       5472.0600       1.1661234     0.047977260
       5477.5700       1.1588968     0.047951714
       5483.0700       1.1696367     0.047926308
       5488.5700       1.1851249     0.047899691
       5494.0700       1.1407968     0.047872504
       5499.5800       1.1541733     0.047845919
       5505.0800       1.1844895     0.047818693
       5510.5800       1.1879753     0.047791002
       5516.0800       1.1682942     0.047763499
       5521.5900       1.1753526     0.047735077
       5527.0900       1.1622834     0.047706348
       5532.5900       1.1711570     0.047677116
       5538.1000       1.1390132     0.047647520
       5543.6000       1.1579251     0.047617841
       5549.1000       1.1516745     0.047587728
       5554.6000       1.1569700     0.047557616
       5560.1000       1.1570844     0.047526837
       5565.6100       1.1803242     0.047495447
       5571.1100       1.1350726     0.047463994
       5576.6100       1.1185741     0.047432012
       5582.1200       1.1434803     0.047399990
       5587.6200       1.1377010     0.047367709
       5593.1200       1.1118355     0.047334565
       5598.6200       1.1192702     0.047301405
       5604.1300       1.1132317     0.047267673
       5609.6300       1.1061196     0.047234031
       5615.1300       1.0958167     0.047199779
       5620.6300       1.1044780     0.047165274
       5626.1400       1.1082698     0.047130734
       5631.6400       1.1076233     0.047095568
       5637.1400       1.1130333     0.047059689
       5642.6400       1.1151972     0.047023995
       5648.1500       1.0993204     0.046987928
       5653.6500       1.1108569     0.046951146
       5659.1500       1.1071961     0.046914917
       5664.6500       1.0851361     0.046878106
       5670.1600       1.0864317     0.046839592
       5675.6600       1.1178670     0.046802334
       5681.1600       1.0903434     0.046765233
       5686.6600       1.0801272     0.046726492
       5692.1700       1.0889223     0.046687441
       5697.6700       1.0932075     0.046649326
       5703.1700       1.0742928     0.046610610
       5708.6700       1.0770122     0.046570498
       5714.1800       1.0501571     0.046530073
       5719.6800       1.0268579     0.046490390
       5725.1800       1.0247367     0.046450035
       5730.6800       1.0131864     0.046408414
       5736.1900       1.0000000     0.046367892
       5741.6900      0.99232414     0.046327551
       5747.1900      0.99610487     0.046285543
       5752.6900       1.0135723     0.046243380
       5758.2000       1.0289792     0.046201470
       5763.7000       1.0456072     0.046159746
       5769.2000       1.0394351     0.046117326
       5774.7100       1.0309984     0.046073641
       5780.2100       1.0444811     0.046030142
       5785.7100       1.0491013     0.045986788
       5791.2100       1.0502659     0.045942959
       5796.7200       1.0601457     0.045898955
       5802.2200       1.0669312     0.045854830
       5807.7200       1.0545718     0.045810247
       5813.2200       1.0669271     0.045765358
       5818.7300       1.0746980     0.045720206
       5824.2300       1.0831154     0.045674792
       5829.7300       1.0884633     0.045629311
       5835.2300       1.0898389     0.045583518
       5840.7400       1.0912282     0.045536769
       5846.2400       1.1125757     0.045492282
       5851.7400       1.1126542     0.045463696
       5857.2400       1.0886907     0.045489963
       5862.7500       1.1193115     0.045602661
       5868.2500       1.1280652     0.045740153
       5873.7500       1.1027124     0.045764779
       5879.2500       1.1069011     0.045710016
       5884.7600       1.0847295     0.045582843
       5890.2600       1.0650195     0.045435078
       5895.7600       1.0060150     0.045418033
       5901.2600      0.99967885     0.045454798
       5906.7700       1.0367887     0.045325069
       5912.2700       1.1036276     0.045122659
       5917.7700       1.1375825     0.045100412
       5923.2700       1.1302209     0.045256280
       5928.7800       1.1174025     0.045260097
       5934.2800       1.1257744     0.045045739
       5939.7800       1.1126625     0.044899073
       5945.2800       1.1161276     0.044833783
       5950.7900       1.1290094     0.044801775
       5956.2900       1.0965430     0.044734469
       5961.7900       1.1101967     0.044638397
       5967.2900       1.1075241     0.044550937
       5972.8000       1.1256532     0.044488707
       5978.3000       1.1207505     0.044402098
       5983.8000       1.1036207     0.044309878
       5989.3000       1.0938539     0.044224273
       5994.8100       1.0770619     0.044153629
       6000.3100       1.0835441     0.044095926
       6005.8100       1.0787531     0.044042150
       6011.3100       1.0696479     0.043989203
       6016.8200       1.0866936     0.043935984
       6022.3200       1.0791859     0.043882401
       6027.8200       1.0806717     0.043828377
       6033.3300       1.0779660     0.043774405
       6038.8300       1.0600134     0.043720341
       6044.3300       1.0717278     0.043666153
       6049.8300       1.0586861     0.043611679
       6055.3400       1.0855082     0.043556580
       6060.8400       1.0769447     0.043501644
       6066.3400       1.0779509     0.043446561
       6071.8400       1.0750233     0.043391406
       6077.3500       1.0968587     0.043335859
       6082.8500       1.1001722     0.043280032
       6088.3500       1.1122628     0.043224130
       6093.8500       1.1026545     0.043168070
       6099.3600       1.1138120     0.043111761
       6104.8600       1.1218504     0.043055667
       6110.3600       1.1083332     0.042999230
       6115.8600       1.1256711     0.042942349
       6121.3700       1.1201523     0.042885268
       6126.8700       1.1087315     0.042828245
       6132.3700       1.0950379     0.042771111
       6137.8700       1.1123083     0.042714032
       6143.3800       1.0972611     0.042656258
       6148.8800       1.0737263     0.042598607
       6154.3800       1.0965610     0.042540884
       6159.8800       1.0952074     0.042483040
       6165.3900       1.1016649     0.042424416
       6170.8900       1.0992184     0.042366049
       6176.3900       1.1129354     0.042308111
       6181.8900       1.1334131     0.042249435
       6187.4000       1.1506848     0.042190415
       6192.9000       1.1556550     0.042131619
       6198.4000       1.1396610     0.042072659
       6203.9000       1.1460316     0.042013454
       6209.4100       1.1511755     0.041954016
       6214.9100       1.1403116     0.041894708
       6220.4100       1.1299135     0.041835393
       6225.9200       1.1153337     0.041775545
       6231.4200       1.1295138     0.041716735
       6236.9200       1.1241274     0.041664296
       6242.4200       1.0801038     0.041634755
       6247.9300       1.0394792     0.041717642
       6253.4300      0.99960442     0.042188053
       6258.9300      0.98709203     0.042812215
       6264.4300      0.94609115     0.042651991
       6269.9400      0.93189859     0.042222202
       6275.4400      0.95079536     0.042094164
       6280.9400      0.94688507     0.041957833
       6286.4400      0.95102003     0.041752338
       6291.9500      0.96187981     0.041564036
       6297.4500      0.97290774     0.041408227
       6302.9500      0.98850757     0.041267214
       6308.4500       1.0343532     0.041134816
       6313.9600       1.0369652     0.041022240
       6319.4600       1.0694811     0.040930995
       6324.9600       1.0756298     0.040851365
       6330.4600       1.0812340     0.040765861
       6335.9700       1.0887638     0.040677672
       6341.4700       1.0953150     0.040596598
       6346.9700       1.0660780     0.040518406
       6352.4700       1.0858431     0.040439669
       6357.9800       1.0756973     0.040357010
       6363.4800       1.0524120     0.040286289
       6368.9800       1.0964107     0.040221663
       6374.4800       1.0606364     0.040143201
       6379.9900       1.0579832     0.040063148
       6385.4900       1.0240489     0.039994531
       6390.9900      0.97966565     0.039931002
       6396.4900      0.91465030     0.039868230
       6402.0000      0.86537261     0.039804892
       6407.5000      0.83016618     0.039741744
       6413.0000      0.78323439     0.039678703
       6418.5000      0.72961086     0.039616343
       6424.0100      0.72594728     0.039556449
       6429.5100      0.74564623     0.039504955
       6435.0100      0.76338659     0.039477888
       6440.5100      0.82107892     0.039476499
       6446.0200      0.89937714     0.039497694
       6451.5200       1.0118026     0.039555788
       6457.0200       1.1408891     0.039585272
       6462.5300       1.2770850     0.039512889
       6468.0300       1.4630176     0.039389347
       6473.5300       1.6181751     0.039247082
       6479.0300       1.7502043     0.039070665
       6484.5400       1.9144311     0.038947165
       6490.0400       2.0283631     0.038976187
       6495.5400       2.1552512     0.039058216
       6501.0400       2.2551656     0.038947180
       6506.5500       2.3229100     0.038733682
       6512.0500       2.3959058     0.038617316
       6517.5500       2.4495225     0.038561638
       6523.0500       2.5076738     0.038543780
       6528.5600       2.5144827     0.038525264
       6534.0600       2.5522900     0.038458700
       6539.5600       2.5409464     0.038376361
       6545.0600       2.5504982     0.038292210
       6550.5700       2.5038972     0.038201403
       6556.0700       2.5017332     0.038101307
       6561.5700       2.4588537     0.037994870
       6567.0700       2.4326381     0.037900727
       6572.5800       2.3697453     0.037810598
       6578.0800       2.2927937     0.037741529
       6583.5800       2.2876664     0.037684042
       6589.0800       2.1918594     0.037625319
       6594.5900       2.1365887     0.037563553
       6600.0900       2.0637308     0.037499772
       6605.5900       2.0220641     0.037435160
       6611.0900       1.9383863     0.037370645
       6616.6000       1.8408289     0.037306143
       6622.1000       1.7979769     0.037241623
       6627.6000       1.7679157     0.037176549
       6633.1000       1.7289644     0.037111783
       6638.6100       1.6654928     0.037047209
       6644.1100       1.6181889     0.036982647
       6649.6100       1.5851230     0.036918009
       6655.1100       1.5257863     0.036853511
       6660.6200       1.4629625     0.036788816
       6666.1200       1.4519773     0.036724133
       6671.6200       1.4388005     0.036659502
       6677.1200       1.4012275     0.036594760
       6682.6300       1.3830613     0.036530263
       6688.1300       1.3579827     0.036465720
       6693.6300       1.3390088     0.036401081
       6699.1400       1.2970541     0.036336538
       6704.6400       1.2656091     0.036272025
       6710.1400       1.2452128     0.036207681
       6715.6400       1.2229653     0.036143141
       6721.1500       1.1941184     0.036078701
       6726.6500       1.1876624     0.036014294
       6732.1500       1.1705878     0.035949708
       6737.6500       1.1571946     0.035885278
       6743.1600       1.1317977     0.035821033
       6748.6600       1.1388602     0.035756747
       6754.1600       1.1329417     0.035692628
       6759.6600       1.1233693     0.035628489
       6765.1700       1.1326716     0.035564162
       6770.6700       1.1416100     0.035499946
       6776.1700       1.1295180     0.035435927
       6781.6700       1.1018068     0.035371966
       6787.1800       1.0921655     0.035307741
       6792.6800       1.0555504     0.035243813
       6798.1800       1.0927141     0.035179976
       6803.6800       1.0819163     0.035116307
       6809.1900       1.0619196     0.035052477
       6814.6900       1.0644392     0.034988450
       6820.1900       1.0769544     0.034924625
       6825.6900       1.0732660     0.034863853
       6831.2000       1.0651463     0.034857274
       6836.7000       1.0736588     0.035354613
       6842.2000       1.0683150     0.037734350
       6847.7000       1.0316697     0.042126815
       6853.2100      0.99095547     0.043519758
       6858.7100      0.98964055     0.040823989
       6864.2100       1.0131740     0.039195785
       6869.7100       1.0179664     0.039179985
       6875.2200       1.0097337     0.038908539
       6880.7200       1.0015382     0.038089017
       6886.2200       1.0256050     0.037176915
       6891.7300       1.0258228     0.036377103
       6897.2300       1.0189436     0.035774818
       6902.7300       1.0266457     0.035396363
       6908.2300       1.0397232     0.035184995
       6913.7400       1.0364869     0.035083738
       6919.2400       1.0300253     0.035018167
       6924.7400       1.0299922     0.034837197
       6930.2400       1.0098247     0.034613049
       6935.7500       1.0317758     0.034420448
       6941.2500       1.0354573     0.034117747
       6946.7500       1.0292411     0.033774718
       6952.2500       1.0101031     0.033597962
       6957.7600       1.0339012     0.033600278
       6963.2600       1.0332520     0.033730392
       6968.7600       1.0223246     0.033838143
       6974.2600       1.0230262     0.033794035
       6979.7700       1.0108915     0.033698497
       6985.2700       1.0129824     0.033615867
       6990.7700       1.0318020     0.033537104
       6996.2700       1.0312052     0.033477645
       7001.7800       1.0327406     0.033405653
       7007.2800       1.0341989     0.033257948
       7012.7800       1.0170512     0.033089159
       7018.2800       1.0207782     0.032996018
       7023.7900       1.0399175     0.032917901
       7029.2900       1.0162614     0.032862425
       7034.7900      0.99363078     0.032793358
       7040.2900       1.0022563     0.032686911
       7045.8000       1.0119252     0.032576387
       7051.3000       1.0282707     0.032488641
       7056.8000       1.0051963     0.032419127
       7062.3000       1.0043004     0.032334109
       7067.8100       1.0090597     0.032251053
       7073.3100       1.0038841     0.032184849
       7078.8100       1.0376433     0.032126956
       7084.3100       1.0110472     0.032061373
       7089.8200       1.0076635     0.031986020
       7095.3200       1.0102326     0.031918128
       7100.8200       1.0275774     0.031866946
       7106.3200       1.0133559     0.031827679
       7111.8300       1.0078413     0.031787787
       7117.3300      0.99979877     0.031757461
       7122.8300       1.0110183     0.031754680
       7128.3300       1.0289392     0.031763194
       7133.8400       1.0048379     0.031827195
       7139.3400      0.99958788     0.032166057
       7144.8400      0.98014530     0.032942939
       7150.3500      0.99374105     0.033862357
       7155.8500       1.0190856     0.034533801
       7161.3500       1.0057366     0.035056973
       7166.8500       1.0092913     0.035270457
       7172.3600      0.99538952     0.035032182
       7177.8600       1.0110155     0.034624634
       7183.3600       1.0136013     0.033813455
       7188.8600       1.0158465     0.032647408
       7194.3700       1.0097516     0.031875557
       7199.8700       1.0125193     0.031788552
       7205.3700       1.0514775     0.032272950
       7210.8700       1.0167011     0.033050332
       7216.3800       1.0307048     0.033487277
       7221.8800       1.0017725     0.033387767
       7227.3800       1.0191242     0.033123519
       7232.8800       1.0288248     0.032867301
       7238.3900       1.0123484     0.032640174
       7243.8900       1.0218505     0.032561742
       7249.3900       1.0132774     0.032634218
       7254.8900       1.0514485     0.032567993
       7260.4000       1.0235982     0.032198887
       7265.9000       1.0486905     0.032056453
       7271.4000       1.0258614     0.032010890
       7276.9000       1.0150416     0.031855501
       7282.4100       1.0161029     0.031757385
       7287.9100       1.0142132     0.031586228
       7293.4100       1.0182214     0.031283835
       7298.9100       1.0211269     0.030868485
       7304.4200       1.0123856     0.030516207
       7309.9200      0.99982082     0.030319975
       7315.4200       1.0098495     0.030149058
       7320.9200       1.0131891     0.030033601
       7326.4300      0.99640810     0.029991398
       7331.9300      0.98618786     0.029947800
       7337.4300      0.97488839     0.029913780
       7342.9400      0.98923257     0.029857548
       7348.4400       1.0294078     0.029732372
       7353.9400       1.0175281     0.029597824
       7359.4400      0.98049264     0.029515858
       7364.9400      0.99240821     0.029454310
       7370.4500      0.98869916     0.029378517
       7375.9500       1.0460014     0.029275245
       7381.4500       1.0141774     0.029170830
       7386.9600      0.96967421     0.029095865
       7392.4600      0.98227067     0.029033852
       7397.9600      0.99371348     0.028974355
       7403.4600       1.0253583     0.028913322
       7408.9700       1.0501584     0.028847080
       7414.4700       1.0529771     0.028788269
       7419.9700       1.0081472     0.028734724
       7425.4700      0.98777155     0.028679901
       7430.9800       1.0265561     0.028627984
       7436.4800       1.0531039     0.028580029
       7441.9800       1.0701027     0.028533790
       7447.4800       1.0379369     0.028488271
       7452.9900      0.99330688     0.028442994
       7458.4900      0.99111122     0.028398078
       7463.9900       1.0081817     0.028353260
       7469.4900       1.0481103     0.028308626
       7475.0000       1.0324043     0.028264399
       7480.5000       1.0225838     0.028220427
       7486.0000      0.98715544     0.028177042
       7491.5000      0.99827297     0.028133539
       7497.0100       1.0241247     0.028090083
       7502.5100       1.0197417     0.028047004
       7508.0100       1.0416942     0.028004447
       7513.5100       1.0245231     0.027962357
       7519.0200      0.99326966     0.027920384
       7524.5200      0.96108865     0.027878694
       7530.0200      0.99632402     0.027837313
       7535.5200       1.0026009     0.027797306
       7541.0300       1.0228277     0.027759768
       7546.5300      0.99358806     0.027726767
       7552.0300      0.97433844     0.027722004
       7557.5300      0.97461273     0.027977894
       7563.0400       1.0167742     0.029628098
       7568.5400       1.0989592     0.035626468
       7574.0400       1.1642172     0.050612559
       7579.5400      0.99899658     0.072206829
       7585.0500      0.67377650     0.073573432
       7590.5500      0.60306180     0.056958124
       7596.0500      0.71319369     0.047734658
       7601.5600      0.86267524     0.047972970
       7607.0600      0.90482977     0.050760576
       7612.5600      0.78964772     0.049799285
       7618.0600      0.74879707     0.045759538
       7623.5600      0.76166093     0.041245445
       7629.0700      0.78833004     0.037340875
       7634.5700      0.82788920     0.034308013
       7640.0700      0.83096010     0.032072057
       7645.5800      0.82930198     0.030450562
       7651.0800      0.83393451     0.029296161
       7656.5800      0.81403846     0.028492844
       7662.0800      0.79202945     0.027943230
       7667.5900      0.81750494     0.027561170
       7673.0900      0.85049502     0.027282040
       7678.5900      0.86533539     0.027071345
       7684.0900      0.91283781     0.026921861
       7689.6000      0.92839628     0.026827851
       7695.1000      0.91078273     0.026771276
       7700.6000      0.91305421     0.026729484
       7706.1000      0.94173842     0.026690210
       7711.6100      0.96456891     0.026651053
       7717.1100      0.97052325     0.026612528
       7722.6100      0.96267648     0.026575420
       7728.1100      0.95614186     0.026542450
       7733.6200      0.96722769     0.026513433
       7739.1200       1.0138039     0.026485468
       7744.6200       1.0520040     0.026457806
       7750.1200       1.0326455     0.026430021
       7755.6300       1.0209670     0.026401564
       7761.1300      0.99576167     0.026374011
       7766.6300      0.98050918     0.026347444
       7772.1300       1.0089935     0.026320725
       7777.6400       1.0607867     0.026294067
       7783.1400       1.0629175     0.026267545
       7788.6400       1.0197155     0.026241453
       7794.1400       1.0173875     0.026215737
       7799.6500       1.0136095     0.026190379
       7805.1500       1.0067855     0.026165422
       7810.6500       1.0216823     0.026140027
       7816.1500       1.0301700     0.026112318
       7821.6600       1.0111051     0.026080656
       7827.1600       1.0195735     0.026051739
       7832.6600      0.98129344     0.026039172
       7838.1700      0.97750306     0.026046738
       7843.6700       1.0155157     0.026059830
       7849.1700       1.0297152     0.026064128
       7854.6700       1.0273762     0.026064727
       7860.1800       1.0229904     0.026085946
       7865.6800       1.0125827     0.026137269
       7871.1800      0.98326582     0.026170530
       7876.6800      0.96872454     0.026146474
       7882.1900      0.99597117     0.026094588
       7887.6900       1.0153531     0.026049737
       7893.1900       1.0108832     0.026021070
       7898.6900      0.96445175     0.025994840
       7904.2000      0.95445204     0.025935948
       7909.7000      0.93913477     0.025841257
       7915.2000      0.97537356     0.025766914
       7920.7000      0.97093537     0.025756254
       7926.2100      0.98397014     0.025810805
       7931.7100      0.95267401     0.025914755
       7937.2100      0.92307873     0.025989277
       7942.7100      0.96027269     0.025948283
       7948.2200      0.96752127     0.025844064
       7953.7200      0.98446358     0.025773585
       7959.2200      0.95956699     0.025749324
       7964.7200      0.97837967     0.025744244
       7970.2300      0.93334170     0.025763237
       7975.7300      0.90519640     0.025803608
       7981.2300      0.91368685     0.025830069
       7986.7300      0.95968414     0.025821420
       7992.2400      0.98143265     0.025792320
       7997.7400      0.94861624     0.025774266
       8003.2400      0.92238681     0.025762722
       8008.7400      0.90561817     0.025742594
       8014.2500      0.92024903     0.025716681
       8019.7500      0.93831605     0.025672446
       8025.2500      0.94696914     0.025607127
       8030.7500      0.95899774     0.025558710
       8036.2600      0.95109170     0.025544486
       8041.7600      0.92801587     0.025542370
       8047.2600      0.88371805     0.025540112
       8052.7700      0.91967290     0.025549258
       8058.2700      0.94265087     0.025575927
       8063.7700      0.94644952     0.025611712
       8069.2700      0.95894261     0.025650441
       8074.7800      0.94029394     0.025692491
       8080.2800      0.89773005     0.025754617
       8085.7800      0.88736232     0.025845306
       8091.2800      0.89749987     0.025951347
       8096.7900      0.95932716     0.026115700
       8102.2900      0.93772889     0.026416191
       8107.7900      0.93905207     0.026814296
       8113.2900      0.89925171     0.027166373
       8118.8000      0.88031635     0.027482153
       8124.3000      0.88866897     0.027838924
       8129.8000      0.93613968     0.028233528
       8135.3000      0.96023685     0.028605525
       8140.8100      0.94888914     0.028700697
       8146.3100      0.92390572     0.028495632
       8151.8100      0.88895015     0.028300261
       8157.3100      0.89123816     0.028094308
       8162.8200      0.90764981     0.027845504
       8168.3200      0.94417805     0.027611951
       8173.8200      0.98739940     0.027212700
       8179.3200      0.96399553     0.026664656
       8184.8300      0.92169489     0.026383768
       8190.3300      0.92541636     0.026712843
       8195.8300      0.92812889     0.027767508
       8201.3300      0.97399800     0.029039436
       8206.8400      0.96010867     0.029161813
       8212.3400      0.92729501     0.028029704
       8217.8400      0.93790945     0.026967729
       8223.3400      0.89984301     0.026521474
       8228.8500      0.89970931     0.026513487
       8234.3500      0.91574606     0.026576039
       8239.8500      0.90386770     0.026604838
       8245.3500      0.95204412     0.026864646
       8250.8600      0.96427671     0.027267492
       8256.3600      0.92401323     0.027432136
       8261.8600      0.88956350     0.027352349
       8267.3600      0.89171781     0.027189576
       8272.8700      0.89036568     0.027016655
       8278.3700      0.91094675     0.026881479
       8283.8700      0.91570058     0.026815743
       8289.3800      0.89602920     0.026876849
       8294.8800      0.84760744     0.026930187
       8300.3800      0.80544464     0.026805232
       8305.8800      0.80375620     0.026640246
       8311.3800      0.81171737     0.026530468
       8316.8900      0.82481417     0.026405421
       8322.3900      0.80639844     0.026306289
       8327.8900      0.79123140     0.026297119
       8333.4000      0.72679357     0.026310032
       8338.9000      0.72741520     0.026281707
       8344.4000      0.71311375     0.026240358
       8349.9000      0.70642063     0.026209552
       8355.4100      0.69930850     0.026176035
       8360.9100      0.71156452     0.026143546
       8366.4100      0.66381400     0.026127971
       8371.9100      0.63814555     0.026138388
       8377.4200      0.63733510     0.026172642
       8382.9200      0.62253746     0.026206146
       8388.4200      0.62609077     0.026211896
       8393.9200      0.65126302     0.026196994
       8399.4300      0.63610288     0.026196399
       8404.9300      0.65654337     0.026227456
       8410.4300      0.65070894     0.026262657
       8415.9300      0.62992250     0.026272121
       8421.4400      0.67677710     0.026267081
       8426.9400      0.73462932     0.026275658
       8432.4400      0.75252543     0.026304139
       8437.9400      0.74582266     0.026337328
       8443.4500      0.75147515     0.026366548
       8448.9500      0.75889326     0.026398654
       8454.4500      0.77812083     0.026437659
       8459.9600      0.81472625     0.026482871
       8465.4600      0.82781615     0.026537689
       8470.9600      0.84278884     0.026593146
       8476.4600      0.83910734     0.026630688
       8481.9600      0.81387307     0.026658687
       8487.4700      0.77222851     0.026687231
       8492.9700      0.79626365     0.026703826
       8498.4700      0.81365805     0.026716481
       8503.9800      0.83574562     0.026753227
       8509.4800      0.84694998     0.026820618
       8514.9800      0.79459726     0.026884649
       8520.4800      0.76526524     0.026911744
       8525.9900      0.77667359     0.026919152
       8531.4900      0.74773852     0.026933503
       8536.9900      0.82072469     0.026958210
       8542.4900      0.84072274     0.026992473
       8548.0000      0.82268742     0.027030655
       8553.5000      0.84905881     0.027067021
       8559.0000      0.79673641     0.027104513
       8564.5000      0.79900651     0.027144707
       8570.0100      0.82994841     0.027186609
       8575.5100      0.85886143     0.027232790
       8581.0100      0.92603798     0.027284026
       8586.5100      0.92181067     0.027332910
       8592.0200      0.90862153     0.027375122
       8597.5200      0.90631560     0.027414788
       8603.0200      0.88533206     0.027456962
       8608.5200      0.91728289     0.027503112
       8614.0300      0.98330992     0.027553051
       8619.5300      0.97383122     0.027609276
       8625.0300      0.95689305     0.027680444
       8630.5300      0.96634419     0.027768645
       8636.0400      0.90822595     0.027846341
       8641.5400      0.88430245     0.027887322
       8647.0400      0.94305058     0.027911343
       8652.5400      0.95790887     0.027947857
       8658.0500       1.0156674     0.028001974
       8663.5500       1.0138990     0.028056728
       8669.0500      0.95811286     0.028099412
       8674.5500      0.91954058     0.028140313
       8680.0600      0.93260429     0.028190856
       8685.5600      0.92322207     0.028247501
       8691.0600      0.94210505     0.028304909
       8696.5600      0.97000225     0.028363448
       8702.0700      0.96254554     0.028425909
       8707.5700      0.92173624     0.028490251
       8713.0700      0.88961450     0.028552437
       8718.5700      0.89346139     0.028613333
       8724.0800      0.90430877     0.028677774
       8729.5800      0.93047617     0.028744835
       8735.0800      0.93073391     0.028808761
       8740.5800      0.90687933     0.028869057
       8746.0900      0.86817887     0.028930509
       8751.5900      0.85912193     0.028996021
       8757.0900      0.86659104     0.029066417
       8762.6000      0.87101407     0.029141865
       8768.1000      0.86319211     0.029223161
       8773.6000      0.89375221     0.029308402
       8779.1000      0.88428591     0.029388173
       8784.6100      0.83643203     0.029456718
       8790.1100      0.82828616     0.029524731
       8795.6100      0.85897169     0.029597930
       8801.1100      0.88135698     0.029666084
       8806.6200      0.87667897     0.029726551
       8812.1200      0.87758314     0.029789281
       8817.6200      0.86150642     0.029864141
       8823.1200      0.79743660     0.029955510
       8828.6300      0.84464681     0.030053991
       8834.1300      0.82948943     0.030140882
       8839.6300      0.84368612     0.030215435
       8845.1300      0.82943430     0.030294845
       8850.6400      0.86630297     0.030379891
       8856.1400      0.82163025     0.030451188
       8861.6400      0.80706141     0.030514085
       8867.1400      0.77998294     0.030591569
       8872.6500      0.80595600     0.030680079
       8878.1500      0.81647120     0.030770019
       8883.6500      0.81059680     0.030877354
       8889.1500      0.77585211     0.031025290
       8894.6600      0.77319747     0.031234479
       8900.1600      0.75532204     0.031498466
       8905.6600      0.76985918     0.031769039
       8911.1700      0.82660461     0.032067984
       8916.6700      0.82754738     0.032517472
       8922.1700      0.81803146     0.033161615
       8927.6700      0.82654120     0.033914092
       8933.1700      0.78428605     0.034667446
       8938.6800      0.78227233     0.035259496
       8944.1800      0.81832228     0.035581201
       8949.6800      0.82966723     0.035952315
       8955.1800      0.85670160     0.036826832
       8960.6900      0.82817038     0.037809477
       8966.1900      0.78441699     0.037967976
       8971.6900      0.80141719     0.037557294
       8977.2000      0.84020173     0.037296856
       8982.7000      0.82630138     0.037177993
       8988.2000      0.85314140     0.037043490
       8993.7000      0.82166471     0.036748102
       8999.2100      0.80710689     0.036080998
       9004.7100      0.78692416     0.035185988
       9010.2100      0.83305101     0.034544382
       9015.7100      0.81884742     0.034374273
       9021.2200      0.83443898     0.034540099
       9026.7200      0.79734150     0.034964888
       9032.2200      0.78917495     0.035716628
       9037.7200      0.75465769     0.036737864
       9043.2300      0.83029988     0.037700603
       9048.7300      0.81316461     0.038281348
       9054.2300      0.79935247     0.038479870
       9059.7300      0.78304005     0.038464516
       9065.2400      0.74584885     0.038435126
       9070.7400      0.76802188     0.038477830
       9076.2400      0.76118128     0.038408082
       9081.7400      0.75494300     0.038152604
       9087.2500      0.74819337     0.038039502
       9092.7500      0.68962442     0.038372447
       9098.2500      0.70092664     0.039175793
       9103.7500      0.71281052     0.039980404
       9109.2600      0.70740750     0.039991419
       9114.7600      0.70877755     0.039537804
       9120.2600      0.72863914     0.039694080
       9125.7600      0.71547205     0.040227579
       9131.2700      0.68265426     0.040140367
       9136.7700      0.73135306     0.039791047
       9142.2700      0.79878735     0.039989476
       9147.7700      0.86785634     0.040268117
       9153.2800      0.74617826     0.039885121
       9158.7800      0.87891460     0.039144054
       9164.2800      0.82110235     0.038559930
       9169.7900      0.80666307     0.038165672
       9175.2900      0.85741832     0.037989896
       9180.7900      0.82228219     0.038144308
       9186.2900      0.81935051     0.038420375
       9191.8000      0.81862413     0.038515119
       9197.3000      0.82516426     0.038532369
       9202.8000      0.83522048     0.038745041
       9208.3000      0.79184062     0.039133185
       9213.8100      0.80848797     0.039451689
       9219.3100      0.78792344     0.039544963
