# data from http://adsabs.harvard.edu/abs/2014MNRAS.438..368T
# via WISEREP
# de-redshifted assuming z=   0.00344900
# phase in rest-frame days relative to JD =        2454848.1
# type is SNII
# phase is       39.3000
# WARNING: fake error spectrum!

       3786.9400      0.26940946     0.074173606
       3789.9700      0.26856516     0.074405797
       3793.0000      0.29501589     0.074637205
       3796.0300      0.28936650     0.074867830
       3799.0600      0.31222782     0.075097673
       3802.0900      0.35761546     0.075326736
       3805.1200      0.33693690     0.075555019
       3808.1600      0.36282527     0.075783272
       3811.1900      0.42431527     0.076009996
       3814.2200      0.52537224     0.076235942
       3817.2500      0.46259836     0.076461112
       3820.2800      0.46717608     0.076685507
       3823.3100      0.44799513     0.076909127
       3826.3400      0.49802112     0.077131974
       3829.3700      0.44069199     0.077354048
       3832.4000      0.45776901     0.077575351
       3835.4300      0.43089537     0.077795883
       3838.4700      0.39180740     0.078016369
       3841.5000      0.33051596     0.078235359
       3844.5300      0.27981089     0.078453582
       3847.5600      0.24432749     0.078671037
       3850.5900      0.20284001     0.078887727
       3853.6200      0.17056101     0.079103650
       3856.6500      0.15285797     0.079318810
       3859.6800      0.16441747     0.079533206
       3862.7100      0.14992171     0.079746839
       3865.7400      0.12565646     0.079959711
       3868.7700      0.15381899     0.080171821
       3871.8100      0.15822845     0.080383869
       3874.8400      0.15740234     0.080594458
       3877.8700      0.11467599     0.080804290
       3880.9000      0.10313134     0.081013364
       3883.9300      0.12309036     0.081221682
       3886.9600     0.087614841     0.081429244
       3889.9900      0.14884140     0.081636052
       3893.0200      0.16082654     0.081842107
       3896.0500      0.17363203     0.082047409
       3899.0800      0.16047184     0.082251959
       3902.1200      0.17601032     0.082456430
       3905.1500      0.18257677     0.082659477
       3908.1800      0.24810335     0.082861775
       3911.2100      0.25838049     0.083063325
       3914.2400      0.28361555     0.083264127
       3917.2700      0.23206769     0.083464184
       3920.3000      0.26848027     0.083663495
       3923.3300      0.28160408     0.083862061
       3926.3600      0.37395125     0.084059884
       3929.3900      0.40925124     0.084256965
       3932.4300      0.43166085     0.084453950
       3935.4600      0.51633049     0.084649545
       3938.4900      0.59692262     0.084844400
       3941.5200      0.62977762     0.085038516
       3944.5500      0.70289078     0.085231894
       3947.5800      0.70284683     0.085424535
       3950.6100      0.78856995     0.085616440
       3953.6400      0.83596906     0.085807609
       3956.6700      0.89984190     0.085998043
       3959.7000      0.85961859     0.086187744
       3962.7300      0.82630431     0.086376712
       3965.7700      0.83087142     0.086565569
       3968.8000      0.84414681     0.086753072
       3971.8300      0.82084136     0.086939845
       3974.8600      0.76975734     0.087125889
       3977.8900      0.74154827     0.087311205
       3980.9200      0.78246278     0.087495794
       3983.9500      0.80336569     0.087679656
       3986.9800      0.76797475     0.087862793
       3990.0100      0.72701325     0.088045205
       3993.0400      0.73886379     0.088226893
       3996.0800      0.74885898     0.088408455
       3999.1100      0.78714206     0.088588697
       4002.1400      0.74939103     0.088768218
       4005.1700      0.77303298     0.088947018
       4008.2000      0.75388993     0.089125100
       4011.2300      0.78222177     0.089302463
       4014.2600      0.76616943     0.089479109
       4017.2900      0.70988924     0.089655039
       4020.3200      0.69645469     0.089830253
       4023.3500      0.67675382     0.090004753
       4026.3800      0.64894644     0.090178538
       4029.4200      0.58589365     0.090352182
       4032.4500      0.53801554     0.090524540
       4035.4800      0.54471993     0.090696188
       4038.5100      0.60451679     0.090867126
       4041.5400      0.60194750     0.091037355
       4044.5700      0.72691624     0.091206875
       4047.6000      0.74104806     0.091375689
       4050.6300      0.79721608     0.091543795
       4053.6600      0.78356780     0.091711196
       4056.6900      0.79812101     0.091877893
       4059.7200      0.76513263     0.092043886
       4062.7600      0.76297564     0.092209720
       4065.7900      0.83507019     0.092374306
       4068.8200      0.93516159     0.092538191
       4071.8500      0.96885937     0.092701376
       4074.8800       1.0214410     0.092863861
       4077.9100       1.0029467     0.093025648
       4080.9400       1.0267918     0.093186738
       4083.9700       1.0033408     0.093347132
       4087.0000      0.98464948     0.093506830
       4090.0300       1.0008473     0.093665833
       4093.0700       1.0162827     0.093824664
       4096.1000      0.98349141     0.093982278
       4099.1300       1.0496001     0.094139200
       4102.1600       1.0279317     0.094295432
       4105.1900       1.0366263     0.094450973
       4108.2200      0.95866713     0.094605825
       4111.2500      0.94700606     0.094759989
       4114.2800      0.91771926     0.094913465
       4117.3100      0.87791887     0.095066255
       4120.3400      0.78508209     0.095218359
       4123.3800      0.71783052     0.095370277
       4126.4100      0.67149247     0.095521011
       4129.4400      0.62868169     0.095671061
       4132.4700      0.63327305     0.095820430
       4135.5000      0.59339080     0.095969118
       4138.5300      0.62148618     0.096117125
       4141.5600      0.66222941     0.096264453
       4144.5900      0.69588627     0.096411103
       4147.6200      0.79564116     0.096557076
       4150.6500      0.86432061     0.096702371
       4153.6900      0.81706853     0.096847468
       4156.7200      0.76912828     0.096991411
       4159.7500      0.85039191     0.097134681
       4162.7800      0.77403644     0.097277277
       4165.8100      0.70236480     0.097419202
       4168.8400      0.63719443     0.097560455
       4171.8700      0.67007975     0.097701039
       4174.9000      0.57918016     0.097840953
       4177.9300      0.55752542     0.097980198
       4180.9600      0.59246313     0.098118776
       4183.9900      0.56595328     0.098256688
       4187.0300      0.53676501     0.098394386
       4190.0600      0.53910540     0.098530965
       4193.0900      0.52704569     0.098666880
       4196.1200      0.50303085     0.098802132
       4199.1500      0.53237070     0.098936722
       4202.1800      0.53000605     0.099070651
       4205.2100      0.52005936     0.099203920
       4208.2400      0.62641860     0.099336529
       4211.2700      0.63920287     0.099468480
       4214.3000      0.70445358     0.099599774
       4217.3300      0.76239660     0.099730411
       4220.3700      0.76464454     0.099860820
       4223.4000      0.80748412     0.099990144
       4226.4300      0.78030883      0.10011881
       4229.4600      0.74536051      0.10024683
       4232.4900      0.71525063      0.10037420
       4235.5200      0.65670431      0.10050091
       4238.5500      0.58797333      0.10062698
       4241.5800      0.57073563      0.10075239
       4244.6100      0.49725109      0.10087716
       4247.6400      0.42500193      0.10100127
       4250.6800      0.39539378      0.10112515
       4253.7100      0.40470384      0.10124798
       4256.7400      0.36298443      0.10137016
       4259.7700      0.36932048      0.10149169
       4262.8000      0.35552062      0.10161258
       4265.8300      0.36421071      0.10173283
       4268.8600      0.34311531      0.10185244
       4271.8900      0.37205499      0.10197141
       4274.9200      0.37120311      0.10208974
       4277.9500      0.39050987      0.10220743
       4280.9800      0.42801080      0.10232449
       4284.0200      0.40872071      0.10244129
       4287.0500      0.41356521      0.10255706
       4290.0800      0.42051516      0.10267221
       4293.1100      0.42596143      0.10278672
       4296.1400      0.45171793      0.10290060
       4299.1700      0.44740245      0.10301384
       4302.2000      0.51492989      0.10312645
       4305.2300      0.52910415      0.10323844
       4308.2600      0.55947323      0.10334979
       4311.2900      0.63824488      0.10346052
       4314.3300      0.64334859      0.10357098
       4317.3600      0.72101068      0.10368044
       4320.3900      0.78905046      0.10378929
       4323.4200      0.72844720      0.10389751
       4326.4500      0.70507202      0.10400510
       4329.4800      0.66183833      0.10411207
       4332.5100      0.60358911      0.10421842
       4335.5400      0.56913040      0.10432415
       4338.5700      0.54459109      0.10442926
       4341.6000      0.54880047      0.10453374
       4344.6400      0.52162670      0.10463795
       4347.6700      0.49628704      0.10474120
       4350.7000      0.49620974      0.10484384
       4353.7300      0.50801025      0.10494585
       4356.7600      0.50410100      0.10504726
       4359.7900      0.53779575      0.10514804
       4362.8200      0.55936561      0.10524822
       4365.8500      0.60673289      0.10534778
       4368.8800      0.58615285      0.10544673
       4371.9100      0.59526888      0.10554507
       4374.9400      0.63344889      0.10564281
       4377.9800      0.64157055      0.10574025
       4381.0100      0.70889487      0.10583676
       4384.0400      0.73537593      0.10593267
       4387.0700      0.74543478      0.10602797
       4390.1000      0.75499191      0.10612267
       4393.1300      0.72756197      0.10621676
       4396.1600      0.70782775      0.10631025
       4399.1900      0.66825472      0.10640313
       4402.2200      0.65616620      0.10649542
       4405.2500      0.63577110      0.10658710
       4408.2900      0.63825549      0.10667849
       4411.3200      0.66311767      0.10676897
       4414.3500      0.64105366      0.10685886
       4417.3800      0.62554550      0.10694815
       4420.4100      0.62973972      0.10703684
       4423.4400      0.65608738      0.10712494
       4426.4700      0.67554269      0.10721245
       4429.5000      0.70149928      0.10729936
       4432.5300      0.76827488      0.10738568
       4435.5600      0.82777615      0.10747141
       4438.5900      0.82377292      0.10755654
       4441.6300      0.78818948      0.10764137
       4444.6600      0.78205655      0.10772533
       4447.6900      0.73327199      0.10780870
       4450.7200      0.72753014      0.10789148
       4453.7500      0.71066230      0.10797368
       4456.7800      0.67490303      0.10805529
       4459.8100      0.66411204      0.10813632
       4462.8400      0.67450740      0.10821676
       4465.8700      0.65754558      0.10829662
       4468.9000      0.60329353      0.10837590
       4471.9400      0.57926960      0.10845486
       4474.9700      0.56442535      0.10853298
       4478.0000      0.54212943      0.10861052
       4481.0300      0.54581131      0.10868749
       4484.0600      0.50984892      0.10876387
       4487.0900      0.47396990      0.10883968
       4490.1200      0.47801860      0.10891492
       4493.1500      0.48090924      0.10898958
       4496.1800      0.44760708      0.10906366
       4499.2100      0.42673146      0.10913718
       4502.2400      0.43525330      0.10921012
       4505.2800      0.46864640      0.10928273
       4508.3100      0.46603923      0.10935453
       4511.3400      0.45170884      0.10942577
       4514.3700      0.46087792      0.10949643
       4517.4000      0.47209788      0.10956653
       4520.4300      0.49911250      0.10963606
       4523.4600      0.49445141      0.10970503
       4526.4900      0.48050755      0.10977343
       4529.5200      0.49286588      0.10984127
       4532.5500      0.56001437      0.10990855
       4535.5900      0.61045873      0.10997548
       4538.6200      0.65578271      0.11004163
       4541.6500      0.69401122      0.11010723
       4544.6800      0.74845881      0.11017226
       4547.7100      0.81166925      0.11023674
       4550.7400      0.90359654      0.11030066
       4553.7700       1.0074108      0.11036402
       4556.8000       1.1331723      0.11042683
       4559.8300       1.2502619      0.11048909
       4562.8600       1.3251970      0.11055079
       4565.9000       1.3248044      0.11061214
       4568.9300       1.3117034      0.11067273
       4571.9600       1.2968894      0.11073278
       4574.9900       1.2321980      0.11079227
       4578.0200       1.1983138      0.11085122
       4581.0500       1.1677295      0.11090962
       4584.0800       1.1155602      0.11096747
       4587.1100       1.1172579      0.11102477
       4590.1400       1.0951120      0.11108154
       4593.1700       1.1328524      0.11113775
       4596.2000       1.1379713      0.11119342
       4599.2400       1.2239703      0.11124874
       4602.2700       1.2609589      0.11130332
       4605.3000       1.3021705      0.11135737
       4608.3300       1.3047928      0.11141088
       4611.3600       1.2808174      0.11146384
       4614.3900       1.2337578      0.11151627
       4617.4200       1.2566085      0.11156817
       4620.4500       1.2494736      0.11161952
       4623.4800       1.2087698      0.11167034
       4626.5100       1.2047848      0.11172063
       4629.5400       1.2180890      0.11177039
       4632.5800       1.2731868      0.11181977
       4635.6100       1.2846690      0.11186846
       4638.6400       1.3138452      0.11191661
       4641.6700       1.3426242      0.11196424
       4644.7000       1.3119156      0.11201134
       4647.7300       1.3762462      0.11205791
       4650.7600       1.4295008      0.11210395
       4653.7900       1.3840814      0.11214947
       4656.8200       1.3790216      0.11219446
       4659.8500       1.3538836      0.11223893
       4662.8900       1.3169965      0.11228302
       4665.9200       1.2936017      0.11232644
       4668.9500       1.3146804      0.11236934
       4671.9800       1.3032664      0.11241172
       4675.0100       1.3270402      0.11245358
       4678.0400       1.3632300      0.11249492
       4681.0700       1.3051521      0.11253574
       4684.1000       1.2545425      0.11257604
       4687.1300       1.2296075      0.11261583
       4690.1600       1.2509985      0.11265510
       4693.2000       1.2616304      0.11269399
       4696.2300       1.2467331      0.11273223
       4699.2600       1.2638707      0.11276996
       4702.2900       1.2447322      0.11280718
       4705.3200       1.2465254      0.11284389
       4708.3500       1.2406502      0.11288009
       4711.3800       1.1744612      0.11291578
       4714.4100       1.1550362      0.11295096
       4717.4400       1.0998943      0.11298564
       4720.4700       1.0542384      0.11301981
       4723.5000       1.0342162      0.11305347
       4726.5400      0.99177829      0.11308674
       4729.5700      0.97664150      0.11311939
       4732.6000      0.99104313      0.11315154
       4735.6300      0.99857666      0.11318319
       4738.6600      0.95611755      0.11321434
       4741.6900       1.0366733      0.11324499
       4744.7200       1.0438051      0.11327514
       4747.7500       1.0015188      0.11330479
       4750.7800       1.0236389      0.11333394
       4753.8100      0.98790845      0.11336260
       4756.8500      0.94694543      0.11339086
       4759.8800      0.91530459      0.11341852
       4762.9100      0.87950439      0.11344570
       4765.9400      0.83851409      0.11347238
       4768.9700      0.83418041      0.11349857
       4772.0000      0.79348569      0.11352427
       4775.0300      0.79055110      0.11354947
       4778.0600      0.74132696      0.11357419
       4781.0900      0.69559220      0.11359843
       4784.1200      0.68477696      0.11362217
       4787.1500      0.67493789      0.11364543
       4790.1900      0.63516326      0.11366827
       4793.2200      0.60865492      0.11369056
       4796.2500      0.56503774      0.11371236
       4799.2800      0.54431521      0.11373368
       4802.3100      0.52600585      0.11375452
       4805.3400      0.50399338      0.11377488
       4808.3700      0.49174873      0.11379476
       4811.4000      0.55240353      0.11381416
       4814.4300      0.66205964      0.11383308
       4817.4600      0.78039220      0.11385152
       4820.5000      0.88783372      0.11386955
       4823.5300      0.99409141      0.11388704
       4826.5600       1.0837207      0.11390405
       4829.5900       1.1348214      0.11392059
       4832.6200       1.2181223      0.11393666
       4835.6500       1.2636373      0.11395226
       4838.6800       1.3444917      0.11396739
       4841.7100       1.4526411      0.11398205
       4844.7400       1.4891037      0.11399623
       4847.7700       1.5224862      0.11400995
       4850.8000       1.5003964      0.11402321
       4853.8400       1.4147339      0.11403603
       4856.8700       1.3098283      0.11404835
       4859.9000       1.2354691      0.11406021
       4862.9300       1.1618012      0.11407160
       4865.9600       1.0592648      0.11408253
       4868.9900      0.99877978      0.11409299
       4872.0200       1.0075578      0.11410300
       4875.0500      0.96926561      0.11411254
       4878.0800      0.93687748      0.11412163
       4881.1100      0.99597706      0.11413026
       4884.1500       1.0833130      0.11413845
       4887.1800       1.1234454      0.11414617
       4890.2100       1.2234064      0.11415342
       4893.2400       1.2890467      0.11416023
       4896.2700       1.3724991      0.11416658
       4899.3000       1.4913289      0.11417247
       4902.3300       1.5374471      0.11417792
       4905.3600       1.5752967      0.11418291
       4908.3900       1.6398547      0.11418746
       4911.4200       1.6390664      0.11419155
       4914.4600       1.6610153      0.11419521
       4917.4900       1.6720351      0.11419841
       4920.5200       1.7051251      0.11420116
       4923.5500       1.6883300      0.11420346
       4926.5800       1.6752183      0.11420532
       4929.6100       1.6196642      0.11420674
       4932.6400       1.6041424      0.11420772
       4935.6700       1.5910307      0.11420825
       4938.7000       1.5618667      0.11420834
       4941.7300       1.4554150      0.11420799
       4944.7600       1.3283863      0.11420721
       4947.7900       1.2751346      0.11420598
       4950.8300       1.1796255      0.11420431
       4953.8600       1.0616219      0.11420221
       4956.8900      0.94449741      0.11419967
       4959.9200      0.84423927      0.11419670
       4962.9500      0.75017015      0.11419330
       4965.9800      0.70512811      0.11418946
       4969.0100      0.71396675      0.11418519
       4972.0400      0.73027525      0.11418049
       4975.0700      0.78442120      0.11417536
       4978.1000      0.88887659      0.11416980
       4981.1400      0.96985526      0.11416379
       4984.1700       1.0756506      0.11415732
       4987.2000       1.1637263      0.11415217
       4990.2300       1.2183679      0.11414328
       4993.2600       1.2906625      0.11413364
       4996.2900       1.4222447      0.11412563
       4999.3200       1.4769015      0.11411775
       5002.3500       1.5354917      0.11411015
       5005.3800       1.5316568      0.11410109
       5008.4100       1.5914854      0.11409213
       5011.4500       1.6394454      0.11408229
       5014.4800       1.6266369      0.11407162
       5017.5100       1.6270613      0.11406060
       5020.5400       1.5784344      0.11404817
       5023.5700       1.5937743      0.11403408
       5026.6000       1.5398572      0.11402105
       5029.6300       1.5030036      0.11400900
       5032.6600       1.4817581      0.11399741
       5035.6900       1.4780186      0.11398517
       5038.7200       1.4538810      0.11397095
       5041.7600       1.4055709      0.11395549
       5044.7900       1.4222098      0.11393970
       5047.8200       1.4049691      0.11392562
       5050.8500       1.3352665      0.11391129
       5053.8800       1.3687521      0.11389518
       5056.9100       1.3518418      0.11387731
       5059.9400       1.3524375      0.11385823
       5062.9700       1.3437247      0.11384061
       5066.0000       1.3342721      0.11382422
       5069.0300       1.3038000      0.11380825
       5072.0600       1.2766156      0.11379066
       5075.1000       1.2431406      0.11377145
       5078.1300       1.1880185      0.11375109
       5081.1600       1.1248399      0.11373121
       5084.1900       1.1155677      0.11371129
       5087.2200       1.1283141      0.11369094
       5090.2500       1.0966520      0.11367051
       5093.2800       1.0500912      0.11364900
       5096.3100       1.0030528      0.11362809
       5099.3400      0.92473288      0.11360663
       5102.3700      0.83922197      0.11358467
       5105.4100      0.78974773      0.11356137
       5108.4400      0.74136637      0.11353689
       5111.4700      0.68488155      0.11351303
       5114.5000      0.62564554      0.11348857
       5117.5300      0.59556446      0.11346458
       5120.5600      0.62793592      0.11344088
       5123.5900      0.66220364      0.11341645
       5126.6200      0.70767769      0.11339029
       5129.6500      0.74972147      0.11336408
       5132.6800      0.77916743      0.11333842
       5135.7100      0.82260272      0.11331181
       5138.7500      0.82721227      0.11328377
       5141.7800      0.85990660      0.11325590
       5144.8100      0.92852087      0.11322916
       5147.8400      0.96512292      0.11320154
       5150.8700       1.0192052      0.11317220
       5153.9000       1.1194270      0.11314201
       5156.9300       1.1917610      0.11311328
       5159.9600       1.2407411      0.11308465
       5162.9900       1.2562508      0.11305473
       5166.0200       1.2723789      0.11302475
       5169.0600       1.2982506      0.11299420
       5172.0900       1.3023554      0.11296254
       5175.1200       1.2793395      0.11292991
       5178.1500       1.2683893      0.11289700
       5181.1800       1.2241992      0.11286554
       5184.2100       1.1941545      0.11283353
       5187.2400       1.2469620      0.11280110
       5190.2700       1.2179313      0.11276838
       5193.3000       1.2629931      0.11273383
       5196.3300       1.3191975      0.11269973
       5199.3600       1.3052642      0.11266511
       5202.4000       1.2860833      0.11263021
       5205.4300       1.3162583      0.11259510
       5208.4600       1.3256260      0.11255953
       5211.4900       1.2982233      0.11252341
       5214.5200       1.2673116      0.11248699
       5217.5500       1.2329423      0.11245003
       5220.5800       1.1941393      0.11241311
       5223.6100       1.1601550      0.11237642
       5226.6400       1.1254811      0.11233897
       5229.6700       1.1344986      0.11230127
       5232.7100       1.1703215      0.11226209
       5235.7400       1.1854250      0.11222295
       5238.7700       1.2312188      0.11218383
       5241.8000       1.2436211      0.11214424
       5244.8300       1.2854224      0.11210506
       5247.8600       1.3044396      0.11206526
       5250.8900       1.2848888      0.11202503
       5253.9200       1.2909823      0.11198415
       5256.9500       1.2167096      0.11194255
       5259.9800       1.1597276      0.11190084
       5263.0200       1.1260480      0.11185879
       5266.0500       1.0982937      0.11181742
       5269.0800       1.0720233      0.11177497
       5272.1100       1.1024424      0.11173137
       5275.1400       1.1274910      0.11168792
       5278.1700       1.1475405      0.11164404
       5281.2000       1.1857266      0.11160012
       5284.2300       1.1985366      0.11155600
       5287.2600       1.2391040      0.11151149
       5290.2900       1.2693655      0.11146588
       5293.3200       1.3333096      0.11142071
       5296.3500       1.3324486      0.11137521
       5299.3900       1.3671635      0.11132954
       5302.4200       1.4257674      0.11128335
       5305.4500       1.4519347      0.11123722
       5308.4800       1.4239606      0.11119044
       5311.5100       1.4183491      0.11114321
       5314.5400       1.4145096      0.11109523
       5317.5700       1.4324688      0.11104790
       5320.6000       1.4246669      0.11099958
       5323.6300       1.4403282      0.11095112
       5326.6600       1.4726254      0.11090189
       5329.7000       1.4923035      0.11085135
       5332.7300       1.4440828      0.11080202
       5335.7600       1.4357550      0.11075311
       5338.7900       1.5085423      0.11070301
       5341.8200       1.4994611      0.11065275
       5344.8500       1.4608097      0.11060139
       5347.8800       1.4831617      0.11055034
       5350.9100       1.4679582      0.11049870
       5353.9400       1.4849595      0.11044688
       5356.9700       1.4752886      0.11039475
       5360.0100       1.4549693      0.11034238
       5363.0400       1.4533065      0.11028978
       5366.0700       1.3823912      0.11023640
       5369.1000       1.3841571      0.11018267
       5372.1300       1.3964215      0.11012875
       5375.1600       1.3761461      0.11007494
       5378.1900       1.3982662      0.11002176
       5381.2200       1.3836524      0.10996828
       5384.2500       1.3766282      0.10991344
       5387.2800       1.4297888      0.10985710
       5390.3100       1.4332221      0.10980051
       5393.3500       1.4791600      0.10974344
       5396.3800       1.4977392      0.10968766
       5399.4100       1.5051621      0.10963245
       5402.4400       1.4859932      0.10957610
       5405.4700       1.4911273      0.10951923
       5408.5000       1.5132913      0.10946103
       5411.5300       1.5108600      0.10940301
       5414.5600       1.5167867      0.10934566
       5417.5900       1.4561986      0.10928806
       5420.6200       1.5107190      0.10923004
       5423.6600       1.5248508      0.10917079
       5426.6900       1.4509373      0.10911124
       5429.7200       1.4482073      0.10905137
       5432.7500       1.3947541      0.10899193
       5435.7800       1.4032835      0.10893273
       5438.8100       1.4082432      0.10887269
       5441.8400       1.3842345      0.10881206
       5444.8700       1.3753018      0.10875086
       5447.9000       1.3791171      0.10868880
       5450.9300       1.3428546      0.10862666
       5453.9600       1.3100026      0.10856477
       5457.0000       1.3266113      0.10850252
       5460.0300       1.3222427      0.10844105
       5463.0600       1.2931590      0.10837879
       5466.0900       1.3060570      0.10831651
       5469.1200       1.2683317      0.10825336
       5472.1500       1.2049045      0.10819000
       5475.1800       1.1965555      0.10812603
       5478.2100       1.1776201      0.10806254
       5481.2400       1.1512482      0.10799861
       5484.2700       1.1869089      0.10793375
       5487.3100       1.1987216      0.10786753
       5490.3400       1.2180708      0.10780168
       5493.3700       1.2628188      0.10773611
       5496.4000       1.2960739      0.10767123
       5499.4300       1.3536911      0.10760557
       5502.4600       1.3942979      0.10753916
       5505.4900       1.3971779      0.10747271
       5508.5200       1.4335101      0.10740592
       5511.5500       1.4602686      0.10733921
       5514.5800       1.4253203      0.10727245
       5517.6100       1.4575325      0.10720494
       5520.6500       1.4851035      0.10713683
       5523.6800       1.4743034      0.10706873
       5526.7100       1.4428156      0.10700043
       5529.7400       1.4464005      0.10693135
       5532.7700       1.4374103      0.10686233
       5535.8000       1.4395127      0.10679303
       5538.8300       1.4146672      0.10672392
       5541.8600       1.4169439      0.10665429
       5544.8900       1.4091512      0.10658436
       5547.9200       1.3843466      0.10651444
       5550.9600       1.3791217      0.10644421
       5553.9900       1.3763659      0.10637354
       5557.0200       1.3341963      0.10630269
       5560.0500       1.3517099      0.10623098
       5563.0800       1.3257548      0.10615949
       5566.1100       1.3456073      0.10608760
       5569.1400       1.3246635      0.10601587
       5572.1700       1.3207315      0.10594348
       5575.2000       1.3423513      0.10587081
       5578.2300       1.3234417      0.10579809
       5581.2700       1.3090098      0.10572528
       5584.3000       1.2853284      0.10565275
       5587.3300       1.2953888      0.10557899
       5590.3600       1.2587579      0.10550479
       5593.3900       1.2496313      0.10543080
       5596.4200       1.1904605      0.10535662
       5599.4500       1.1710127      0.10528200
       5602.4800       1.1550604      0.10520722
       5605.5100       1.1210428      0.10513255
       5608.5400       1.0837344      0.10505788
       5611.5700       1.1024363      0.10498236
       5614.6100       1.1184190      0.10490623
       5617.6400       1.1324674      0.10483024
       5620.6700       1.1407391      0.10475436
       5623.7000       1.1880473      0.10467844
       5626.7300       1.1902255      0.10460172
       5629.7600       1.2014030      0.10452487
       5632.7900       1.2192607      0.10444773
       5635.8200       1.2491887      0.10436984
       5638.8500       1.2833730      0.10429226
       5641.8800       1.2913507      0.10421479
       5644.9200       1.3277132      0.10413649
       5647.9500       1.3434230      0.10405803
       5650.9800       1.3694069      0.10397913
       5654.0100       1.3916361      0.10390074
       5657.0400       1.3608153      0.10382297
       5660.0700       1.3695918      0.10374432
       5663.1000       1.4215671      0.10366435
       5666.1300       1.4141230      0.10358341
       5669.1600       1.3872706      0.10350278
       5672.1900       1.3646427      0.10342367
       5675.2200       1.3932610      0.10334451
       5678.2600       1.3604288      0.10326478
       5681.2900       1.3425605      0.10318401
       5684.3200       1.3535865      0.10310210
       5687.3500       1.3362411      0.10302030
       5690.3800       1.3257503      0.10293902
       5693.4100       1.3352286      0.10285847
       5696.4400       1.3260080      0.10277760
       5699.4700       1.3260883      0.10269609
       5702.5000       1.3257048      0.10261388
       5705.5300       1.2931499      0.10253092
       5708.5700       1.2927710      0.10244680
       5711.6000       1.3263036      0.10236343
       5714.6300       1.3447554      0.10228092
       5717.6600       1.3024676      0.10219795
       5720.6900       1.3075152      0.10211498
       5723.7200       1.2935774      0.10203059
       5726.7500       1.2934652      0.10194536
       5729.7800       1.2893316      0.10186096
       5732.8100       1.3177938      0.10177745
       5735.8400       1.2886101      0.10169433
       5738.8800       1.2589656      0.10161031
       5741.9100       1.3029814      0.10152493
       5744.9400       1.3285742      0.10143926
       5747.9700       1.3002318      0.10135350
       5751.0000       1.2835549      0.10126799
       5754.0300       1.3284969      0.10118247
       5757.0600       1.3235903      0.10109702
       5760.0900       1.2943611      0.10101182
       5763.1200       1.3078259      0.10092612
       5766.1500       1.2729216      0.10084014
       5769.1800       1.2733975      0.10075268
       5772.2200       1.2878325      0.10066486
       5775.2500       1.2467149      0.10057721
       5778.2800       1.2546137      0.10049006
       5781.3100       1.2261212      0.10040293
       5784.3400       1.2390555      0.10031541
       5787.3700       1.2675541      0.10022749
       5790.4000       1.2735718      0.10013936
       5793.4300       1.2237929      0.10005126
       5796.4600       1.1930449     0.099963248
       5799.4900       1.2528433     0.099875004
       5802.5200       1.2239369     0.099786238
       5805.5600       1.2044710     0.099696938
       5808.5900       1.1583755     0.099607708
       5811.6200       1.1593229     0.099518654
       5814.6500       1.1761331     0.099429243
       5817.6800       1.1150205     0.099339133
       5820.7100       1.0604350     0.099249663
       5823.7400       1.0578081     0.099160122
       5826.7700       1.0297885     0.099069950
       5829.8000       1.0011459     0.098979870
       5832.8300      0.93286970     0.098889308
       5835.8700      0.89333002     0.098797586
       5838.9000      0.91075416     0.098706539
       5841.9300      0.91902589     0.098616926
       5844.9600      0.96703587     0.098532263
       5847.9900      0.99514186     0.098461611
       5851.0200       1.0718187     0.098420589
       5854.0500       1.1551211     0.098426587
       5857.0800       1.1821342     0.098491776
       5860.1100       1.2008725     0.098611724
       5863.1400       1.2636812     0.098754163
       5866.1700       1.3098404     0.098857247
       5869.2100       1.3382526     0.098869317
       5872.2400       1.3766524     0.098800646
       5875.2700       1.3884529     0.098700088
       5878.3000       1.4248200     0.098569048
       5881.3300       1.4423760     0.098370038
       5884.3600       1.4374876     0.098129785
       5887.3900       1.3925850     0.097934440
       5890.4200       1.4365417     0.097834165
       5893.4500       1.5003736     0.097822496
       5896.4800       1.3639394     0.097847043
       5899.5200       1.4308878     0.097809891
       5902.5500       1.4522318     0.097631566
       5905.5800       1.4632092     0.097343196
       5908.6100       1.4402842     0.097061199
       5911.6400       1.4339512     0.096886184
       5914.6700       1.3655643     0.096863940
       5917.7000       1.3897398     0.096984141
       5920.7300       1.3713244     0.097147388
       5923.7600       1.3491421     0.097192946
       5926.7900       1.3314436     0.097033117
       5929.8300       1.3390105     0.096737062
       5932.8600       1.3312011     0.096448793
       5935.8900       1.2999680     0.096241487
       5938.9200       1.2892786     0.096097162
       5941.9500       1.3220351     0.095990523
       5944.9800       1.3272540     0.095914855
       5948.0100       1.3216546     0.095840161
       5951.0400       1.3238328     0.095736173
       5954.0700       1.3096100     0.095606169
       5957.1000       1.3113684     0.095459005
       5960.1300       1.3418875     0.095302534
       5963.1700       1.3309919     0.095159701
       5966.2000       1.2975018     0.095044681
       5969.2300       1.3015460     0.094937396
       5972.2600       1.3341539     0.094811365
       5975.2900       1.3015551     0.094667585
       5978.3200       1.2938169     0.094520371
       5981.3500       1.3271342     0.094377715
       5984.3800       1.3322940     0.094238736
       5987.4100       1.3264218     0.094106219
       5990.4400       1.3331701     0.093985314
       5993.4800       1.3014050     0.093874754
       5996.5100       1.3013929     0.093771301
       5999.5400       1.3001105     0.093670360
       6002.5700       1.2979550     0.093570851
       6005.6000       1.2971562     0.093471956
       6008.6300       1.2933637     0.093373420
       6011.6600       1.2751483     0.093274706
       6014.6900       1.2877158     0.093175551
       6017.7200       1.2735461     0.093076232
       6020.7500       1.2494115     0.092976707
       6023.7800       1.2571815     0.092876855
       6026.8200       1.2896030     0.092777034
       6029.8500       1.3136087     0.092677074
       6032.8800       1.2435620     0.092576889
       6035.9100       1.2812327     0.092477358
       6038.9400       1.2693579     0.092377230
       6041.9700       1.2889982     0.092277320
       6045.0000       1.2875870     0.092177107
       6048.0300       1.2535739     0.092076125
       6051.0600       1.2663657     0.091975535
       6054.0900       1.2779753     0.091874756
       6057.1300       1.2691336     0.091773471
       6060.1600       1.2747269     0.091672577
       6063.1900       1.2741418     0.091571568
       6066.2200       1.2577090     0.091470978
       6069.2500       1.2488173     0.091369636
       6072.2800       1.2259590     0.091268289
       6075.3100       1.1835151     0.091166836
       6078.3400       1.1728468     0.091065576
       6081.3700       1.1692241     0.090963414
       6084.4000       1.1646418     0.090861512
       6087.4400       1.1063623     0.090759122
       6090.4700       1.0699194     0.090657415
       6093.5000       1.0899871     0.090554953
       6096.5300       1.1301649     0.090453130
       6099.5600       1.1419927     0.090351084
       6102.5900       1.1832013     0.090249160
       6105.6200       1.2061202     0.090146798
       6108.6500       1.2117923     0.090044249
       6111.6800       1.2542893     0.089941362
       6114.7100       1.3074349     0.089838580
       6117.7400       1.3273540     0.089735924
       6120.7800       1.2930135     0.089632551
       6123.8100       1.3041941     0.089529603
       6126.8400       1.3526724     0.089426814
       6129.8700       1.3183441     0.089323662
       6132.9000       1.3332277     0.089220842
       6135.9300       1.3422998     0.089117618
       6138.9600       1.3087445     0.089013772
       6141.9900       1.3306206     0.088910481
       6145.0200       1.3516038     0.088807067
       6148.0500       1.3527179     0.088703542
       6151.0800       1.3207603     0.088600033
       6154.1200       1.2997497     0.088496282
       6157.1500       1.2915796     0.088392402
       6160.1800       1.2822862     0.088287961
       6163.2100       1.2400166     0.088183715
       6166.2400       1.2326058     0.088079312
       6169.2700       1.2137750     0.087975476
       6172.3000       1.1900603     0.087871918
       6175.3300       1.1969087     0.087767795
       6178.3600       1.1829148     0.087663456
       6181.3900       1.1505024     0.087558577
       6184.4300       1.1195391     0.087453656
       6187.4600       1.0759795     0.087349335
       6190.4900       1.1022833     0.087244614
       6193.5200       1.1172730     0.087139983
       6196.5500       1.1182916     0.087035255
       6199.5800       1.1754661     0.086930604
       6202.6100       1.1948578     0.086825320
       6205.6400       1.1836560     0.086720600
       6208.6700       1.2172113     0.086615787
       6211.7000       1.2537725     0.086510615
       6214.7300       1.2459267     0.086405748
       6217.7700       1.2575529     0.086300517
       6220.8000       1.2854027     0.086195291
       6223.8300       1.2696262     0.086089901
       6226.8600       1.2863258     0.085985280
       6229.8900       1.3209361     0.085882942
       6232.9200       1.3156596     0.085785508
       6235.9500       1.2964650     0.085697879
       6238.9800       1.3085080     0.085630036
       6242.0100       1.2936168     0.085610598
       6245.0400       1.3021356     0.085715790
       6248.0800       1.3038667     0.086074144
       6251.1100       1.2847948     0.086741140
       6254.1400       1.2827364     0.087502143
       6257.1700       1.2514487     0.087902386
       6260.2000       1.2663491     0.087689359
       6263.2300       1.2788408     0.087107437
       6266.2600       1.2309960     0.086586924
       6269.2900       1.1966101     0.086306677
       6272.3200       1.2243174     0.086164173
       6275.3500       1.2576468     0.086007697
       6278.3900       1.2540210     0.085780608
       6281.4200       1.2249737     0.085512082
       6284.4500       1.1570052     0.085241193
       6287.4800       1.1591728     0.084988285
       6290.5100       1.1741034     0.084757441
       6293.5400       1.1733349     0.084545962
       6296.5700       1.2014667     0.084345943
       6299.6000       1.1649147     0.084150455
       6302.6300       1.1508632     0.083958977
       6305.6600       1.1747871     0.083776654
       6308.6900       1.1651769     0.083607191
       6311.7300       1.1659302     0.083451268
       6314.7600       1.1583740     0.083309021
       6317.7900       1.1585665     0.083178023
       6320.8200       1.1895434     0.083052010
       6323.8500       1.1700077     0.082923580
       6326.8800       1.1578116     0.082789057
       6329.9100       1.1361281     0.082651376
       6332.9400       1.1534461     0.082516549
       6335.9700       1.1679311     0.082386876
       6339.0000       1.1498233     0.082260422
       6342.0400       1.1480559     0.082134620
       6345.0700       1.1439708     0.082010935
       6348.1000       1.1295374     0.081886347
       6351.1300       1.1367753     0.081757820
       6354.1600       1.1099562     0.081627710
       6357.1900       1.0298325     0.081503911
       6360.2200      0.98953491     0.081390548
       6363.2500      0.93932095     0.081283457
       6366.2800      0.91108005     0.081171853
       6369.3100      0.88072007     0.081049852
       6372.3400      0.86306856     0.080920785
       6375.3800      0.82569041     0.080792858
       6378.4100      0.76436108     0.080672633
       6381.4400      0.76724717     0.080559415
       6384.4700      0.73235039     0.080450698
       6387.5000      0.69480550     0.080343146
       6390.5300      0.69331547     0.080236316
       6393.5600      0.68600476     0.080129326
       6396.5900      0.68127849     0.080021854
       6399.6200      0.65229333     0.079914636
       6402.6500      0.66207631     0.079807520
       6405.6900      0.66693901     0.079700001
       6408.7200      0.64927992     0.079593251
       6411.7500      0.62586685     0.079486349
       6414.7800      0.61090740     0.079380544
       6417.8100      0.61086799     0.079276131
       6420.8400      0.58156452     0.079173426
       6423.8700      0.55794227     0.079074880
       6426.9000      0.52051562     0.078985882
       6429.9300      0.49919132     0.078912798
       6432.9600      0.47052600     0.078858672
       6436.0000      0.44493321     0.078818688
       6439.0300      0.41108688     0.078789052
       6442.0600      0.41595563     0.078775084
       6445.0900      0.39479049     0.078785907
       6448.1200      0.38796332     0.078818169
       6451.1500      0.39264412     0.078841063
       6454.1800      0.37283108     0.078813862
       6457.2100      0.40399141     0.078718335
       6460.2400      0.41836575     0.078570884
       6463.2700      0.43324941     0.078399311
       6466.3000      0.45606677     0.078219783
       6469.3400      0.48751510     0.078027887
       6472.3700      0.50003107     0.077811819
       6475.4000      0.53400625     0.077577129
       6478.4300      0.59370154     0.077362478
       6481.4600      0.66146393     0.077214863
       6484.4900      0.70989834     0.077165529
       6487.5200      0.78993417     0.077208617
       6490.5500      0.85532888     0.077282110
       6493.5800      0.92767353     0.077279713
       6496.6100       1.0947376     0.077130896
       6499.6500       1.2660004     0.076867964
       6502.6800       1.4341816     0.076593795
       6505.7100       1.6252878     0.076381787
       6508.7400       1.7643929     0.076237464
       6511.7700       1.8589335     0.076129256
       6514.8000       2.0008883     0.076040855
       6517.8300       2.1500886     0.075977072
       6520.8600       2.2446898     0.075933177
       6523.8900       2.3549492     0.075882366
       6526.9200       2.4243880     0.075801771
       6529.9500       2.4723177     0.075690757
       6532.9900       2.5273413     0.075564562
       6536.0200       2.5985991     0.075438748
       6539.0500       2.6321893     0.075313909
       6542.0800       2.6426331     0.075184035
       6545.1100       2.6727824     0.075050025
       6548.1400       2.6711454     0.074914595
       6551.1700       2.6978689     0.074772866
       6554.2000       2.6598072     0.074620227
       6557.2300       2.7085553     0.074467367
       6560.2600       2.7275029     0.074324278
       6563.2900       2.6947767     0.074187415
       6566.3300       2.6066632     0.074050490
       6569.3600       2.5539891     0.073918693
       6572.3900       2.5722545     0.073801131
       6575.4200       2.4939785     0.073697052
       6578.4500       2.4228874     0.073599061
       6581.4800       2.3923591     0.073501126
       6584.5100       2.3459908     0.073401900
       6587.5400       2.3094751     0.073301372
       6590.5700       2.3085808     0.073199033
       6593.6000       2.1778126     0.073095127
       6596.6400       2.1192117     0.072989837
       6599.6700       2.1026137     0.072884818
       6602.7000       2.0742379     0.072779456
       6605.7300       2.0008276     0.072674502
       6608.7600       1.9373004     0.072569333
       6611.7900       1.9071663     0.072464552
       6614.8200       1.8383943     0.072359795
       6617.8500       1.8227361     0.072254875
       6620.8800       1.7853261     0.072149663
       6623.9100       1.7639836     0.072044340
       6626.9500       1.7281198     0.071939075
       6629.9800       1.7173424     0.071834203
       6633.0100       1.6937262     0.071729902
       6636.0400       1.6486312     0.071625291
       6639.0700       1.6139041     0.071520764
       6642.1000       1.6088868     0.071416441
       6645.1300       1.5965482     0.071312400
       6648.1600       1.5879839     0.071207834
       6651.1900       1.5340669     0.071103526
       6654.2200       1.5092987     0.070999502
       6657.2500       1.4787386     0.070895592
       6660.2900       1.4644173     0.070791125
       6663.3200       1.4521014     0.070687208
       6666.3500       1.4028879     0.070583357
       6669.3800       1.4256613     0.070479402
       6672.4100       1.3919984     0.070375667
       6675.4400       1.3857942     0.070272028
       6678.4700       1.3750290     0.070168676
       6681.5000       1.3950906     0.070065304
       6684.5300       1.3541503     0.069961858
       6687.5600       1.3288258     0.069858536
       6690.6000       1.3259382     0.069754777
       6693.6300       1.3352468     0.069651693
       6696.6600       1.2985038     0.069548709
       6699.6900       1.3102527     0.069445678
       6702.7200       1.3014035     0.069342849
       6705.7500       1.2837247     0.069240232
       6708.7800       1.2767626     0.069137508
       6711.8100       1.2699097     0.069034791
       6714.8400       1.2818769     0.068932587
       6717.8700       1.2868200     0.068830108
       6720.9000       1.2752680     0.068727848
       6723.9400       1.2318327     0.068625188
       6726.9700       1.2367151     0.068522792
       6730.0000       1.2358481     0.068420536
       6733.0300       1.2224105     0.068318636
       6736.0600       1.1996371     0.068216784
       6739.0900       1.1930722     0.068114817
       6742.1200       1.2184043     0.068013379
       6745.1500       1.1961129     0.067911756
       6748.1800       1.1520804     0.067810456
       6751.2100       1.1591698     0.067709167
       6754.2500       1.1754949     0.067607597
       6757.2800       1.1584528     0.067506544
       6760.3100       1.1580269     0.067405285
       6763.3400       1.1425899     0.067304348
       6766.3700       1.1328615     0.067203416
       6769.4000       1.1451926     0.067102567
       6772.4300       1.1526958     0.067002060
       6775.4600       1.1451471     0.066901482
       6778.4900       1.1621286     0.066801153
       6781.5200       1.1631336     0.066700595
       6784.5500       1.1668670     0.066600477
       6787.5900       1.1572887     0.066500146
       6790.6200       1.1339726     0.066399964
       6793.6500       1.1329388     0.066300327
       6796.6800       1.1396402     0.066200543
       6799.7100       1.1545541     0.066101143
       6802.7400       1.1306606     0.066001831
       6805.7700       1.1423717     0.065902352
       6808.8000       1.1462051     0.065802936
       6811.8300       1.1362554     0.065703257
       6814.8600       1.1209640     0.065603898
       6817.9000       1.1213930     0.065504795
       6820.9300       1.1529747     0.065407450
       6823.9600       1.1427809     0.065318575
       6826.9900       1.1481484     0.065271036
       6830.0200       1.1161453     0.065381660
       6833.0500       1.1164151     0.065948240
       6836.0800       1.1395098     0.067485519
       6839.1100       1.0911679     0.070505907
       6842.1400       1.1028790     0.074922062
       6845.1700       1.0777894     0.079365752
       6848.2100       1.1109794     0.081569959
       6851.2400       1.1524851     0.080480671
       6854.2700       1.1464492     0.077491728
       6857.3000       1.1597882     0.074707135
       6860.3300       1.1401025     0.073193689
       6863.3600       1.1029563     0.072828745
       6866.3900       1.1483545     0.072906830
       6869.4200       1.1881807     0.072794090
       6872.4500       1.1308728     0.072269677
       6875.4800       1.1025970     0.071435545
       6878.5100       1.1055710     0.070469556
       6881.5500       1.1233696     0.069489221
       6884.5800       1.1281959     0.068561634
       6887.6100       1.1256508     0.067715202
       6890.6400       1.1075582     0.066973778
       6893.6700       1.0906965     0.066356067
       6896.7000       1.1034823     0.065869367
       6899.7300       1.1195361     0.065501782
       6902.7600       1.1001702     0.065227120
       6905.7900       1.0930338     0.065021862
       6908.8200       1.0913331     0.064876968
       6911.8500       1.1098259     0.064780180
       6914.8900       1.1257645     0.064687611
       6917.9200       1.1133289     0.064536183
       6920.9500       1.0965808     0.064303929
       6923.9800       1.0747654     0.064032620
       6927.0100       1.0535048     0.063781798
       6930.0400       1.0945178     0.063561995
       6933.0700       1.0643731     0.063322433
       6936.1000       1.0709562     0.063005071
       6939.1300       1.0915847     0.062614837
       6942.1600       1.0904585     0.062224623
       6945.2000       1.0784533     0.061913699
       6948.2300       1.0526180     0.061717006
       6951.2600       1.0980345     0.061625176
       6954.2900       1.0982952     0.061623161
       6957.3200       1.0836798     0.061698419
       6960.3500       1.0702513     0.061820219
       6963.3800       1.0663087     0.061925296
       6966.4100       1.0893156     0.061950871
       6969.4400       1.1182689     0.061882995
       6972.4700       1.1185918     0.061761454
       6975.5100       1.1322779     0.061633036
       6978.5400       1.1096000     0.061516819
       6981.5700       1.1060606     0.061404235
       6984.6000       1.0998125     0.061290835
       6987.6300       1.1180339     0.061185082
       6990.6600       1.0998277     0.061092661
       6993.6900       1.0829007     0.061006454
       6996.7200       1.1063744     0.060912094
       6999.7500       1.0932991     0.060786181
       7002.7800       1.1185175     0.060609279
       7005.8100       1.1056665     0.060396025
       7008.8500       1.0988742     0.060198322
       7011.8800       1.1069838     0.060052815
       7014.9100       1.0803845     0.059941307
       7017.9400       1.0915014     0.059833739
       7020.9700       1.0889442     0.059728649
       7024.0000       1.0790869     0.059641389
       7027.0300       1.0645428     0.059563221
       7030.0600       1.1055544     0.059469424
       7033.0900       1.1082995     0.059349347
       7036.1200       1.0744289     0.059212867
       7039.1600       1.0475704     0.059071760
       7042.1900       1.0703908     0.058934468
       7045.2200       1.0866629     0.058809163
       7048.2500       1.0596043     0.058701877
       7051.2800       1.0516858     0.058606232
       7054.3100       1.0573018     0.058506722
       7057.3400       1.0390925     0.058395367
       7060.3700       1.0352697     0.058279233
       7063.4000       1.0653507     0.058169052
       7066.4300       1.0608170     0.058068947
       7069.4600       1.0688962     0.057977822
       7072.5000       1.0552661     0.057892128
       7075.5300       1.0737892     0.057808100
       7078.5600       1.0652537     0.057719483
       7081.5900       1.0726327     0.057623515
       7084.6200       1.0866932     0.057522274
       7087.6500       1.0528196     0.057421373
       7090.6800       1.0233373     0.057326878
       7093.7100       1.0332400     0.057241870
       7096.7400       1.0484299     0.057166010
       7099.7700       1.0192249     0.057098217
       7102.8100       1.0204178     0.057034261
       7105.8400       1.0335371     0.056969650
       7108.8700       1.0112397     0.056903871
       7111.9000       1.0217230     0.056843620
       7114.9300       1.0623389     0.056797339
       7117.9600       1.0568228     0.056767606
       7120.9900       1.0443705     0.056748021
       7124.0200      0.99869035     0.056730161
       7127.0500       1.0183912     0.056723789
       7130.0800       1.0248273     0.056771987
       7133.1100       1.0244241     0.056952927
       7136.1500       1.0074229     0.057352200
       7139.1800      0.99549049     0.058005581
       7142.2100       1.0231508     0.058857924
       7145.2400       1.0210363     0.059759774
       7148.2700      0.99377612     0.060552278
       7151.3000      0.99216331     0.061181977
       7154.3300      0.99631054     0.061713232
       7157.3600       1.0275846     0.062196498
       7160.3900       1.0053371     0.062550497
       7163.4200       1.0004290     0.062641712
       7166.4600       1.0203254     0.062457975
       7169.4900       1.0126873     0.062124526
       7172.5200       1.0214228     0.061733143
       7175.5500       1.0256322     0.061219234
       7178.5800       1.0588267     0.060437087
       7181.6100       1.0502276     0.059359472
       7184.6400       1.0571048     0.058169646
       7187.6700       1.0273420     0.057141186
       7190.7000       1.0260945     0.056457102
       7193.7300       1.0572579     0.056156164
       7196.7700       1.0619220     0.056200807
       7199.8000       1.0423454     0.056551138
       7202.8300       1.0252563     0.057162029
       7205.8600       1.0491756     0.057912767
       7208.8900       1.0553328     0.058590475
       7211.9200       1.0384923     0.058995540
       7214.9500       1.0094707     0.059070015
       7217.9800       1.0137362     0.058900079
       7221.0100       1.0607852     0.058625978
       7224.0400       1.0302812     0.058345138
       7227.0700       1.0069363     0.058075749
       7230.1100       1.0164207     0.057799770
       7233.1400       1.0054084     0.057540071
       7236.1700      0.99584367     0.057345116
       7239.2000      0.99933456     0.057239843
       7242.2300      0.99084456     0.057227312
       7245.2600       1.0117823     0.057288680
       7248.2900      0.99876007     0.057325256
       7251.3200      0.99472804     0.057181940
       7254.3500      0.98394463     0.056827193
       7257.3800      0.98745523     0.056440252
       7260.4200       1.0485739     0.056221598
       7263.4500       1.0435111     0.056171151
       7266.4800       1.0098497     0.056125482
       7269.5100       1.0388409     0.055984154
       7272.5400       1.0678412     0.055804697
       7275.5700       1.0404840     0.055668408
       7278.6000       1.0037319     0.055561207
       7281.6300       1.0037471     0.055417040
       7284.6600       1.0744228     0.055202384
       7287.6900       1.0768511     0.054919495
       7290.7200       1.0378314     0.054566347
       7293.7600       1.0371159     0.054148650
       7296.7900       1.0297112     0.053720057
       7299.8200       1.0323123     0.053356406
       7302.8500       1.0284031     0.053093529
       7305.8800       1.0214728     0.052898921
       7308.9100       1.0154688     0.052716993
       7311.9400       1.0561513     0.052533830
       7314.9700       1.0664815     0.052379483
       7318.0000       1.0322320     0.052278994
       7321.0300       1.0147609     0.052218898
       7324.0700       1.0342116     0.052165638
       7327.1000       1.0266099     0.052105683
       7330.1300       1.0067771     0.052047932
       7333.1600       1.0502943     0.051999751
       7336.1900       1.0443023     0.051948453
       7339.2200      0.99419296     0.051870596
       7342.2500      0.99439153     0.051751666
       7345.2800      0.99690625     0.051601699
       7348.3100       1.0005199     0.051448009
       7351.3400       1.0144744     0.051318538
       7354.3800       1.0079701     0.051220477
       7357.4100      0.98706870     0.051142656
       7360.4400      0.95880658     0.051068953
       7363.4700      0.99088549     0.050989965
       7366.5000      0.99047016     0.050900192
       7369.5300      0.98123135     0.050794773
       7372.5600      0.98071143     0.050676125
       7375.5900      0.97113914     0.050556256
       7378.6200      0.98772807     0.050449266
       7381.6500      0.96154412     0.050360141
       7384.6800      0.96206707     0.050283120
       7387.7200      0.96675847     0.050209628
       7390.7500      0.95349066     0.050137254
       7393.7800      0.95195970     0.050066800
       7396.8100      0.95405151     0.049996787
       7399.8400      0.96614912     0.049924115
       7402.8700      0.99308643     0.049847704
       7405.9000      0.98308669     0.049771597
       7408.9300       1.0019417     0.049700683
       7411.9600       1.0037531     0.049635101
       7414.9900      0.97886973     0.049571572
       7418.0200      0.97182125     0.049507145
       7421.0600      0.98843898     0.049442031
       7424.0900      0.97581993     0.049378365
       7427.1200      0.99927999     0.049317607
       7430.1500       1.0244090     0.049259063
       7433.1800      0.99142814     0.049202209
       7436.2100       1.0000000     0.049146280
       7439.2400       1.0276513     0.049091061
       7442.2700       1.0301614     0.049036512
       7445.3000       1.0263552     0.048981932
       7448.3300       1.0073046     0.048927982
       7451.3700       1.0238769     0.048874259
       7454.4000       1.0117505     0.048820899
       7457.4300       1.0089948     0.048767658
       7460.4600       1.0294460     0.048714757
       7463.4900       1.0151550     0.048662164
       7466.5200       1.0119748     0.048609776
       7469.5500       1.0040108     0.048557778
       7472.5800       1.0103165     0.048506306
       7475.6100       1.0067787     0.048455087
       7478.6400       1.0049673     0.048404402
       7481.6700      0.99255287     0.048354013
       7484.7100       1.0033120     0.048303513
       7487.7400       1.0203193     0.048253403
       7490.7700      0.99085669     0.048203601
       7493.8000       1.0048809     0.048153950
       7496.8300       1.0231023     0.048104571
       7499.8600       1.0243119     0.048055919
       7502.8900       1.0038062     0.048007489
       7505.9200       1.0068939     0.047959517
       7508.9500      0.99378825     0.047911929
       7511.9800       1.0019493     0.047864744
       7515.0200       1.0019069     0.047817786
       7518.0500       1.0385514     0.047770987
       7521.0800      0.96970671     0.047724698
       7524.1100      0.98150419     0.047678709
       7527.1400      0.97192584     0.047633138
       7530.1700      0.96754366     0.047588521
       7533.2000      0.97466793     0.047545337
       7536.2300       1.0026117     0.047503735
       7539.2600      0.98628654     0.047463974
       7542.2900      0.95282977     0.047427237
       7545.3300      0.97935782     0.047397787
       7548.3600      0.99280601     0.047396234
       7551.3900      0.96305537     0.047493377
       7554.4200      0.94440343     0.047882577
       7557.4500      0.98737337     0.048983753
       7560.4800      0.95977972     0.051527332
       7563.5100      0.94076399     0.056590367
       7566.5400      0.93866158     0.065577398
       7569.5700      0.92587276     0.079932983
       7572.6000      0.85227150     0.099764104
       7575.6300      0.84817732      0.12046373
       7578.6700      0.84356626      0.13130708
       7581.7000      0.83330580      0.12548593
       7584.7300      0.85506664      0.10979757
       7587.7600      0.90192613     0.094593885
       7590.7900      0.96796354     0.084693161
       7593.8200      0.94841273     0.080545936
       7596.8500      0.89502772     0.080883668
       7599.8800      0.82851890     0.083627417
       7602.9100      0.92168005     0.086279438
       7605.9400      0.93220426     0.086937193
       7608.9800      0.95478971     0.085182009
       7612.0100      0.90899734     0.081754210
       7615.0400      0.92196048     0.077568439
       7618.0700      0.92942580     0.073257069
       7621.1000      0.91926387     0.069162391
       7624.1300      0.91359780     0.065447927
       7627.1600      0.93937249     0.062180066
       7630.1900      0.89163535     0.059368587
       7633.2200      0.91707202     0.056987479
       7636.2500      0.95594323     0.054988328
       7639.2800      0.89629644     0.053315244
       7642.3200      0.95843369     0.051914506
       7645.3500      0.92268048     0.050755816
       7648.3800      0.93974083     0.049802157
       7651.4100      0.96946570     0.049023586
       7654.4400      0.96963092     0.048391906
       7657.4700      0.99370033     0.047880529
       7660.5000      0.97293233     0.047464845
       7663.5300      0.95897786     0.047123167
       7666.5600      0.94174775     0.046836568
       7669.5900      0.97093602     0.046592034
       7672.6300      0.99496299     0.046381864
       7675.6600       1.0019160     0.046204743
       7678.6900      0.96424073     0.046059415
       7681.7200      0.99032312     0.045945272
       7684.7500      0.95316628     0.045859500
       7687.7800      0.91992021     0.045796415
       7690.8100      0.92838748     0.045749269
       7693.8400      0.87057935     0.045711134
       7696.8700      0.80438279     0.045677156
       7699.9000      0.78209444     0.045644613
       7702.9400      0.77961762     0.045612057
       7705.9700      0.78850477     0.045579971
       7709.0000      0.80648975     0.045548350
       7712.0300      0.81316231     0.045517150
       7715.0600      0.81094621     0.045486720
       7718.0900      0.80414026     0.045457454
       7721.1200      0.85300060     0.045430295
       7724.1500      0.83773800     0.045405989
       7727.1800      0.84743761     0.045384155
       7730.2100      0.89906430     0.045363958
       7733.2400      0.92746587     0.045344279
       7736.2800      0.90602031     0.045324889
       7739.3100      0.94144610     0.045305816
       7742.3400      0.94559789     0.045287307
       7745.3700      0.92994420     0.045268710
       7748.4000      0.97474372     0.045249954
       7751.4300      0.99892833     0.045231081
       7754.4600      0.99967713     0.045212911
       7757.4900      0.97620040     0.045195643
       7760.5200      0.97680369     0.045179327
       7763.5500       1.0113003     0.045163122
       7766.5800       1.0159947     0.045147209
       7769.6200       1.0419483     0.045131201
       7772.6500       1.0512280     0.045115518
       7775.6800       1.0146942     0.045100151
       7778.7100      0.98574086     0.045085214
       7781.7400      0.99756714     0.045070604
       7784.7700       1.0126357     0.045056448
       7787.8000       1.0303600     0.045042818
       7790.8300      0.99295455     0.045029357
       7793.8600      0.97732816     0.045016682
       7796.8900      0.96429075     0.045004147
       7799.9300      0.95714526     0.044992057
       7802.9600      0.94735167     0.044980101
       7805.9900      0.93965140     0.044968293
       7809.0200      0.94264814     0.044955777
       7812.0500      0.94463080     0.044941515
       7815.0800      0.94481118     0.044925362
       7818.1100      0.95220678     0.044907647
       7821.1400      0.94880381     0.044891338
       7824.1700      0.93166615     0.044880459
       7827.2000      0.97261856     0.044879573
       7830.2300      0.90844711     0.044889997
       7833.2700      0.91991263     0.044911385
       7836.3000      0.95529750     0.044938816
       7839.3300      0.91091483     0.044965980
       7842.3600      0.85804974     0.044988706
       7845.3900      0.89297532     0.045005918
       7848.4200      0.94204030     0.045020534
       7851.4500      0.94500975     0.045038557
       7854.4800      0.91321582     0.045068534
       7857.5100      0.94147339     0.045117609
       7860.5400      0.91365995     0.045183394
       7863.5800      0.88214644     0.045250737
       7866.6100      0.90892155     0.045298950
       7869.6400      0.94192813     0.045315329
       7872.6700      0.89601602     0.045302224
       7875.7000      0.92147694     0.045272634
       7878.7300      0.89453205     0.045239718
       7881.7600      0.92288360     0.045211702
       7884.7900      0.93012458     0.045192149
       7887.8200      0.95672084     0.045181949
       7890.8500      0.89799869     0.045178346
       7893.8900      0.91558653     0.045173376
       7896.9200      0.91869241     0.045155251
       7899.9500      0.93177074     0.045114252
       7902.9800      0.91182431     0.045050109
       7906.0100      0.92879523     0.044975731
       7909.0400      0.91740246     0.044911956
       7912.0700      0.90637955     0.044876390
       7915.1000      0.90648718     0.044876964
       7918.1300      0.90672819     0.044913387
       7921.1600      0.91014935     0.044983713
       7924.1900      0.88400936     0.045086577
       7927.2300      0.90118339     0.045212241
       7930.2600      0.91809518     0.045334205
       7933.2900      0.89418190     0.045416325
       7936.3200      0.88523412     0.045432668
       7939.3500      0.91077993     0.045386894
       7942.3800      0.90166086     0.045308920
       7945.4100      0.93221487     0.045233762
       7948.4400      0.93813711     0.045183827
       7951.4700      0.91157572     0.045163853
       7954.5000      0.88269667     0.045165693
       7957.5400      0.86686716     0.045178917
       7960.5700      0.91875001     0.045199625
       7963.6000      0.89590688     0.045232454
       7966.6300      0.88244353     0.045282165
       7969.6600      0.88501433     0.045345030
       7972.6900      0.90504716     0.045410314
       7975.7200      0.89235536     0.045465924
       7978.7500      0.87267722     0.045503779
       7981.7800      0.89478670     0.045521854
       7984.8100      0.92272293     0.045524489
       7987.8400      0.91918808     0.045521581
       7990.8800      0.88359403     0.045524380
       7993.9100      0.89618276     0.045536955
       7996.9400      0.86904082     0.045554361
       7999.9700      0.88715161     0.045568798
       8003.0000      0.87827356     0.045577999
       8006.0300      0.86708695     0.045584004
       8009.0600      0.85800427     0.045587980
       8012.0900      0.89331638     0.045585719
       8015.1200      0.90095602     0.045570458
       8018.1500      0.86594858     0.045540287
       8021.1900      0.84179580     0.045503621
       8024.2200      0.86524525     0.045475335
       8027.2500      0.86626084     0.045465789
       8030.2800      0.87172530     0.045476530
       8033.3100      0.86648821     0.045500578
       8036.3400      0.86654884     0.045529159
       8039.3700      0.87274998     0.045557089
       8042.4000      0.87753385     0.045585273
       8045.4300      0.89298290     0.045617879
       8048.4600      0.85234426     0.045659875
       8051.4900      0.87149490     0.045712351
       8054.5300      0.88033202     0.045773603
       8057.5600      0.85886069     0.045839727
       8060.5900      0.82566767     0.045908849
       8063.6200      0.86280936     0.045979639
       8066.6500      0.87926035     0.046051544
       8069.6800      0.87532230     0.046125432
       8072.7100      0.84927325     0.046206688
       8075.7400      0.85262469     0.046303663
       8078.7700      0.82941625     0.046418742
       8081.8000      0.81837060     0.046546718
       8084.8400      0.87587405     0.046681776
       8087.8700      0.87536777     0.046828057
       8090.9000      0.85746312     0.047006258
       8093.9300      0.87628635     0.047246321
       8096.9600      0.86078121     0.047569672
       8099.9900      0.86486478     0.047971347
       8103.0200      0.84820461     0.048411662
       8106.0500      0.84670700     0.048836291
       8109.0800      0.84863510     0.049215788
       8112.1100      0.81348214     0.049566965
       8115.1500      0.86434941     0.049926655
       8118.1800      0.85095882     0.050313919
       8121.2100      0.83874146     0.050726230
       8124.2400      0.81089164     0.051159490
       8127.2700      0.82146739     0.051608971
       8130.3000      0.79525766     0.052037381
       8133.3300      0.78236122     0.052351959
       8136.3600      0.79942309     0.052460536
       8139.3900      0.83133525     0.052364098
       8142.4200      0.79168340     0.052171582
       8145.4500      0.82490371     0.051998081
       8148.4900      0.79918359     0.051863554
       8151.5200      0.76225412     0.051714428
       8154.5500      0.81615602     0.051518045
       8157.5800      0.82673025     0.051305459
       8160.6100      0.80040381     0.051115979
       8163.6400      0.81834332     0.050928886
       8166.6700      0.81783401     0.050668147
       8169.7000      0.80607594     0.050270416
       8172.7300      0.81431129     0.049758464
       8175.7600      0.77764405     0.049250864
       8178.7900      0.79148483     0.048903907
       8181.8300      0.83062283     0.048841844
       8184.8600      0.78802274     0.049142470
       8187.8900      0.80904236     0.049855648
       8190.9200      0.79909264     0.050990393
       8193.9500      0.80334598     0.052416594
       8196.9800      0.78986141     0.053767706
       8200.0100      0.79589127     0.054524134
       8203.0400      0.81708520     0.054352088
       8206.0700      0.84953700     0.053391783
       8209.1000      0.80923487     0.052122195
       8212.1400      0.81870408     0.050981131
       8215.1700      0.83663904     0.050185547
       8218.2000      0.85117558     0.049753503
       8221.2300      0.80769936     0.049622890
       8224.2600      0.79442700     0.049690465
       8227.2900      0.82072313     0.049826468
       8230.3200      0.82124608     0.049926575
       8233.3500      0.83257063     0.049982643
       8236.3800      0.86161036     0.050087770
       8239.4200      0.82980884     0.050349222
       8242.4500      0.83999654     0.050777593
       8245.4800      0.84050131     0.051265587
       8248.5100      0.84796208     0.051660767
       8251.5400      0.83005895     0.051875214
       8254.5700      0.81591501     0.051922686
       8257.6000      0.77922958     0.051868406
       8260.6300      0.76614366     0.051764748
       8263.6600      0.82376231     0.051637034
       8266.6900      0.81473268     0.051503031
       8269.7200      0.78270531     0.051382332
       8272.7500      0.78255676     0.051286060
       8275.7900      0.77639048     0.051218220
       8278.8200      0.84196405     0.051196146
       8281.8500      0.83122157     0.051248836
       8284.8800      0.79724488     0.051379876
       8287.9100      0.86065237     0.051533145
       8290.9400      0.85156363     0.051618453
       8293.9700      0.80231524     0.051584357
       8297.0000      0.83006653     0.051462116
       8300.0300      0.81715038     0.051328526
       8303.0600      0.84155630     0.051234658
       8306.0900      0.82785952     0.051174162
       8309.1300      0.79738736     0.051111430
       8312.1600      0.84258553     0.051029453
       8315.1900      0.81189358     0.050949158
       8318.2200      0.82895999     0.050908339
       8321.2500      0.82693791     0.050926778
       8324.2800      0.79270505     0.050991047
       8327.3100      0.80055842     0.051066391
       8330.3400      0.78343744     0.051122737
       8333.3700      0.77724085     0.051150413
       8336.4000      0.75987279     0.051161219
       8339.4400      0.75869805     0.051171300
       8342.4700      0.66769236     0.051189752
       8345.5000      0.69598176     0.051213682
       8348.5300      0.63900885     0.051236184
       8351.5600      0.56603816     0.051254617
       8354.5900      0.50841497     0.051273259
       8357.6200      0.44069351     0.051298212
       8360.6500      0.40763691     0.051334326
       8363.6800      0.35703339     0.051384801
       8366.7100      0.29568588     0.051451836
       8369.7500      0.27685204     0.051535967
       8372.7800      0.23768070     0.051632645
       8375.8100      0.23480826     0.051732548
       8378.8400      0.19730885     0.051824366
       8381.8700      0.15390993     0.051898872
       8384.9000      0.16464181     0.051954203
       8387.9300      0.14494321     0.051996815
       8390.9600      0.13411766     0.052039171
       8393.9900      0.12583199     0.052094104
       8397.0200      0.16747333     0.052169814
       8400.0500      0.12923026     0.052264818
       8403.0900      0.12237293     0.052368408
       8406.1200      0.18324827     0.052465571
       8409.1500      0.19637511     0.052546181
       8412.1800      0.18052892     0.052609786
       8415.2100      0.16008683     0.052664161
       8418.2400      0.16982433     0.052720419
       8421.2700      0.19039982     0.052787494
       8424.3000      0.20205027     0.052868723
       8427.3300      0.21850127     0.052961897
       8430.3600      0.24676035     0.053060610
       8433.3900      0.25589760     0.053159124
       8436.4300      0.26926697     0.053254893
       8439.4600      0.30783806     0.053348747
       8442.4900      0.33608653     0.053444637
       8445.5200      0.36551734     0.053545471
       8448.5500      0.37506234     0.053650730
       8451.5800      0.43521540     0.053759637
       8454.6100      0.46427483     0.053872640
       8457.6400      0.52789908     0.053991472
       8460.6700      0.56779498     0.054117424
       8463.7000      0.60190051     0.054247051
       8466.7400      0.68928495     0.054372688
       8469.7700      0.75325026     0.054486108
       8472.8000      0.77905071     0.054587532
       8475.8300      0.77983590     0.054683359
       8478.8600      0.85352204     0.054780792
       8481.8900      0.93192839     0.054879204
       8484.9200      0.99041862     0.054972764
       8487.9500      0.95168534     0.055056791
       8490.9800      0.92906352     0.055134107
       8494.0100      0.95851858     0.055214487
       8497.0500      0.99754289     0.055309420
       8500.0800       1.0041457     0.055425682
       8503.1100      0.93458862     0.055563475
       8506.1400      0.91434964     0.055713405
       8509.1700      0.89222955     0.055858960
       8512.2000      0.78370574     0.055984150
       8515.2300      0.74994126     0.056083402
       8518.2600      0.71379394     0.056164032
       8521.2900      0.72684651     0.056239122
       8524.3200      0.64165089     0.056318100
       8527.3600      0.64453091     0.056405123
       8530.3900      0.61523805     0.056498530
       8533.4200      0.58200562     0.056598406
       8536.4500      0.52536012     0.056704870
       8539.4800      0.52894953     0.056816380
       8542.5100      0.50038122     0.056929520
       8545.5400      0.50024632     0.057042038
       8548.5700      0.48765759     0.057153199
       8551.6000      0.45175431     0.057264971
       8554.6300      0.44589574     0.057378663
       8557.6700      0.47297705     0.057494793
       8560.7000      0.49971579     0.057612075
       8563.7300      0.48997979     0.057730400
       8566.7600      0.48787889     0.057850676
       8569.7900      0.54935071     0.057974367
       8572.8200      0.55947474     0.058102408
       8575.8500      0.58154633     0.058233736
       8578.8800      0.63823276     0.058364871
       8581.9100      0.72493357     0.058493290
       8584.9400      0.74818445     0.058616986
       8587.9700      0.80075851     0.058736761
       8591.0000      0.82956480     0.058855191
       8594.0400      0.87692905     0.058974673
       8597.0700      0.91051466     0.059095857
       8600.1000      0.98505420     0.059220024
       8603.1300       1.0538564     0.059346851
       8606.1600       1.0838435     0.059476520
       8609.1900       1.1021332     0.059608686
       8612.2200       1.1906818     0.059744485
       8615.2500       1.2443245     0.059886182
       8618.2800       1.2582971     0.060037193
       8621.3100       1.2952963     0.060201940
       8624.3500       1.2337487     0.060380122
       8627.3800       1.2669857     0.060562175
       8630.4100       1.3016642     0.060734017
       8633.4400       1.3377600     0.060882353
       8636.4700       1.3346905     0.061005067
       8639.5000       1.2930590     0.061110918
       8642.5300       1.3129327     0.061213576
       8645.5600       1.3552417     0.061324660
       8648.5900       1.3046170     0.061448795
       8651.6200       1.3286682     0.061585831
       8654.6600       1.3539154     0.061730979
       8657.6900       1.3206072     0.061874867
       8660.7200       1.3627040     0.062011392
       8663.7500       1.3644593     0.062138961
       8666.7800       1.2761881     0.062262524
       8669.8100       1.3255532     0.062388312
       8672.8400       1.3294943     0.062521249
       8675.8700       1.3084141     0.062661270
       8678.9000       1.3107226     0.062806089
       8681.9300       1.2354752     0.062952804
       8684.9600       1.2606512     0.063100065
       8688.0000       1.2275627     0.063247914
       8691.0300       1.2190636     0.063396603
       8694.0600       1.2505271     0.063547862
       8697.0900       1.2192122     0.063702222
       8700.1200       1.1904726     0.063858923
       8703.1500       1.2468937     0.064016091
       8706.1800       1.1935102     0.064171875
       8709.2100       1.1588681     0.064325987
       8712.2400       1.1876123     0.064479065
       8715.2700       1.1774913     0.064633765
       8718.3000       1.1211762     0.064791325
       8721.3400       1.0581037     0.064952830
       8724.3700       1.0747184     0.065115220
       8727.4000       1.0569290     0.065276498
       8730.4300       1.0286684     0.065434681
       8733.4600       1.0756430     0.065590166
       8736.4900      0.99471895     0.065744287
       8739.5200       1.0084612     0.065899417
       8742.5500       1.0063391     0.066057054
       8745.5800      0.99974838     0.066217943
       8748.6100      0.92820709     0.066382578
       8751.6500      0.96712833     0.066551007
       8754.6800      0.99904505     0.066722916
       8757.7100       1.0113640     0.066898281
       8760.7400      0.89899002     0.067078353
       8763.7700      0.93331535     0.067262709
       8766.8000      0.90511841     0.067450827
       8769.8300      0.89116545     0.067639875
       8772.8600      0.93085065     0.067825007
       8775.8900      0.91224722     0.068001835
       8778.9200      0.87597409     0.068170586
       8781.9600      0.80707940     0.068336457
       8784.9900      0.81954535     0.068504341
       8788.0200      0.84273863     0.068677662
       8791.0500      0.81626061     0.068853288
       8794.0800      0.76415645     0.069026310
       8797.1100      0.75534661     0.069192816
       8800.1400      0.77901585     0.069353131
       8803.1700      0.73223215     0.069511603
       8806.2000      0.79149544     0.069672609
       8809.2300      0.85102097     0.069840649
       8812.2600      0.78989476     0.070018800
       8815.3000      0.73891229     0.070209740
       8818.3300      0.78358144     0.070411954
       8821.3600      0.77599637     0.070621982
       8824.3900      0.81308500     0.070832090
       8827.4200      0.66527466     0.071033977
       8830.4500      0.65842172     0.071223625
       8833.4800      0.68058273     0.071404408
       8836.5100      0.69041119     0.071584008
       8839.5400      0.64699561     0.071769503
       8842.5700      0.63437201     0.071963146
       8845.6100      0.63755823     0.072159122
       8848.6400      0.61373741     0.072346145
       8851.6700      0.61075886     0.072519854
       8854.7000      0.65712116     0.072684933
       8857.7300      0.59722730     0.072852829
       8860.7600      0.64925112     0.073033316
       8863.7900      0.69980916     0.073227175
       8866.8200      0.76253909     0.073427817
       8869.8500      0.71703624     0.073629360
       8872.8800      0.71453366     0.073831705
       8875.9200      0.74486788     0.074043114
       8878.9500      0.74677475     0.074272634
       8881.9800      0.78633111     0.074530297
       8885.0100      0.77679065     0.074824510
       8888.0400      0.74455865     0.075164117
       8891.0700      0.74049630     0.075554268
       8894.1000      0.72163670     0.075986319
       8897.1300      0.76246785     0.076437799
       8900.1600      0.75811901     0.076886208
       8903.1900      0.69492980     0.077333581
       8906.2200      0.72031644     0.077820126
       8909.2600      0.75664717     0.078408198
       8912.2900      0.73951861     0.079140774
       8915.3200      0.74094347     0.080027945
       8918.3500      0.72956738     0.081039742
       8921.3800      0.69155865     0.082130800
       8924.4100      0.71267377     0.083259160
       8927.4400      0.73204723     0.084382223
       8930.4700      0.69824031     0.085435853
       8933.5000      0.65235396     0.086332754
       8936.5300      0.70588752     0.087009487
       8939.5700      0.70746093     0.087500444
       8942.6000      0.70885698     0.087968665
       8945.6300      0.71373028     0.088664965
       8948.6600      0.71721511     0.089782837
       8951.6900      0.74205455     0.091288470
       8954.7200      0.70293323     0.092839300
       8957.7500      0.61389656     0.093938132
       8960.7800      0.71485804     0.094282079
       8963.8100      0.70239663     0.094000267
       8966.8400      0.73895777     0.093498052
       8969.8800      0.72646908     0.093108040
       8972.9100      0.64218900     0.092915518
       8975.9400      0.71904771     0.092837729
       8978.9700      0.63807511     0.092784387
       8982.0000      0.62099506     0.092714743
       8985.0300      0.69676392     0.092587894
       8988.0600      0.69180876     0.092316516
       8991.0900      0.64443239     0.091787345
       8994.1200      0.63681245     0.090940425
       8997.1500      0.68384019     0.089840830
       9000.1800      0.60309800     0.088679876
       9003.2100      0.56225927     0.087691686
       9006.2500      0.55885327     0.087039975
       9009.2800      0.55682361     0.086769932
       9012.3100      0.56096326     0.086819432
       9015.3400      0.57176638     0.087104614
       9018.3700      0.56114971     0.087579819
       9021.4000      0.56829368     0.088256283
       9024.4300      0.52286662     0.089175904
       9027.4600      0.58052165     0.090367549
       9030.4900      0.58518425     0.091802786
       9033.5200      0.61592319     0.093374744
       9036.5600      0.62795108     0.094917630
       9039.5900      0.59139298     0.096245593
       9042.6200      0.60412419     0.097253831
       9045.6500      0.60308738     0.097927998
       9048.6800      0.60270692     0.098321135
       9051.7100      0.60408478     0.098508039
       9054.7400      0.60064846     0.098569919
       9057.7700      0.67839695     0.098595662
       9060.8000      0.63939841     0.098668259
       9063.8300      0.63578625     0.098816145
       9066.8700      0.67752082     0.098981694
       9069.9000      0.67199420     0.099046387
       9072.9300      0.67781185     0.098925925
       9075.9600      0.62731141     0.098655494
       9078.9900      0.63273646     0.098391819
       9082.0200      0.65342109     0.098322405
       9085.0500      0.65138385     0.098582963
       9088.0800      0.70227992     0.099237830
       9091.1100      0.72851086      0.10029471
       9094.1400      0.68198788      0.10166151
       9097.1700      0.68255782      0.10306683
       9100.2100      0.64497807      0.10408634
       9103.2400      0.73123930      0.10436954
       9106.2700      0.66708452      0.10396611
       9109.3000      0.63729751      0.10335015
       9112.3300      0.64248913      0.10310946
       9115.3600      0.61889568      0.10353875
       9118.3900      0.67292339      0.10444597
       9121.4200      0.60944617      0.10528415
       9124.4500      0.58655454      0.10556256
       9127.4800      0.53014247      0.10523961
       9130.5100      0.51898769      0.10473506
       9133.5500      0.58932239      0.10455593
       9136.5800      0.57791295      0.10491176
       9139.6100      0.53393652      0.10558391
       9142.6400      0.49880176      0.10610418
       9145.6700      0.53924789      0.10608741
       9148.7000      0.54862767      0.10547819
       9151.7300      0.48579618      0.10452146
       9154.7600      0.53703937      0.10353394
       9157.7900      0.54226282      0.10270551
       9160.8200      0.57515723      0.10206164
       9163.8600      0.62031295      0.10155420
       9166.8900      0.55806050      0.10118008
       9169.9200      0.56217287      0.10100490
       9172.9500      0.63518903      0.10110615
       9175.9800      0.59851270      0.10147757
       9179.0100      0.53986482      0.10199572
       9182.0400      0.54850489      0.10247700
       9185.0700      0.54014828      0.10278920
       9188.1000      0.50299143      0.10293036
       9191.1300      0.57262887      0.10302046
       9194.1700      0.55965058      0.10321396
       9197.2000      0.63388544      0.10360531
       9200.2300      0.69193912      0.10418859
       9203.2600      0.63296383      0.10487248
