# data from http://adsabs.harvard.edu/abs/2009MNRAS.394.2266P
# original filename = 2005cs_20060208_afosc_cal.ascii
# via WISEREP
# de-redshifted assuming z=   0.00200000
# flux divided by   5.08808e-17
# observation JD =        2453774.5
# phase in rest-frame days relative to JD =        2453549.0
# type is SNII
# phase is       225.000
# WARNING: fake error spectrum!

       3474.9900     0.022913649      0.10700113
       3479.2300     0.021329746      0.10583168
       3483.4600      0.13501760      0.10467239
       3487.7000      0.16362211      0.10351776
       3491.9300     -0.25776832      0.10237323
       3496.1700    0.0059579777      0.10123337
       3500.4100      0.38607144      0.10010088
       3504.6400      0.29137303     0.098978390
       3508.8800      0.23595514     0.097860584
       3513.1100      0.32449735     0.096752718
       3517.3500      0.22598406     0.095649541
       3521.5800     0.067949452     0.094556243
       3525.8200      0.12502225     0.093467641
       3530.0600     0.080638375     0.092386314
       3534.2900      0.19258465     0.091314773
       3538.5300      0.20410312     0.090247939
       3542.7600      0.18301610     0.089190829
       3547.0000      0.16716898     0.088138433
       3551.2300    -0.016121303     0.087095700
       3555.4700      0.10882924     0.086057686
       3559.7100     0.079796311     0.085026853
       3563.9400      0.14742910     0.084005591
       3568.1800      0.12931247     0.082989059
       3572.4100     0.056048384     0.081982037
       3576.6500      0.12401493     0.080979751
       3580.8900      0.24716210     0.079984577
       3585.1200      0.21327420     0.078998822
       3589.3600      0.21933634     0.078017812
       3593.5900      0.20119645     0.077046161
       3597.8300      0.10796452     0.076079261
       3602.0600     0.099210021     0.075121659
       3606.3000      0.14476111     0.074168815
       3610.5400      0.26675735     0.073222986
       3614.7700     0.066009851     0.072286364
       3619.0100     0.043515514     0.071354508
       3623.2400     0.045381791     0.070431800
       3627.4800      0.14512723     0.069513863
       3631.7200      0.23265201     0.068602872
       3635.9500      0.11723876     0.067700939
       3640.1900      0.12978680     0.066803786
       3644.4200      0.22374186     0.065915630
       3648.6600      0.27295704     0.065032258
       3652.8900      0.21724888     0.064157824
       3657.1300     0.075139265     0.063288180
       3661.3700     0.054879344     0.062425387
       3665.6000     0.072108196     0.061571442
       3669.8400     0.053115620     0.060722294
       3674.0700     0.018455237     0.059881935
       3678.3100     0.077847000     0.059046378
       3682.5400      0.13450787     0.058219551
       3686.7800      0.11457482     0.057397530
       3691.0200     0.044664226     0.056582264
       3695.2500     0.014359197     0.055775639
       3699.4900   -0.0052153505     0.054973828
       3703.7200     -0.28114608     0.054180598
       3707.9600    -0.032389559     0.053392186
       3712.2000     0.091345625     0.052610461
       3716.4300      0.17391683     0.051837229
       3720.6700      0.23855233     0.051068821
       3724.9000      0.16720640     0.050308848
       3729.1400      0.16886201     0.049553703
       3733.3700      0.10567074     0.048806934
       3737.6100     0.048446033     0.048064997
       3741.8500    0.0086415713     0.047329651
       3746.0800     0.097685586     0.046602594
       3750.3200      0.10112434     0.045880375
       3754.5500     0.055640803     0.045166385
       3758.7900     0.046727416     0.044457237
       3763.0300      0.12227436     0.043754611
       3767.2600      0.11606861     0.043060129
       3771.5000      0.10627756     0.042370493
       3775.7300     0.071758364     0.041688943
       3779.9700      0.10228266     0.041012241
       3784.2000      0.12709050     0.040343568
       3788.4400      0.11589668     0.039679746
       3792.6800      0.13875460     0.039022352
       3796.9100      0.15186092     0.038372899
       3801.1500      0.14898762     0.037728303
       3805.3800     0.098974473     0.037091591
       3809.6200     0.071313261     0.036459738
       3813.8500     0.094371738     0.035835712
       3818.0900      0.13709495     0.035216548
       3822.3300     0.086787997     0.034603715
       3826.5600     0.062641794     0.033998623
       3830.8000     0.077814839     0.033398397
       3835.0300     0.066129597     0.032805855
       3839.2700      0.14513128     0.032218181
       3843.5100      0.11335107     0.031636771
       3847.7400      0.14234395     0.031062958
       3851.9800      0.13827218     0.030494017
       3856.2100      0.14236417     0.029932618
       3860.4500      0.17507686     0.029376093
       3864.6800      0.13869190     0.028827053
       3868.9200      0.11795582     0.028282889
       3873.1600      0.10482625     0.027744891
       3877.3900     0.077976354     0.027214294
       3881.6300      0.11672195     0.026688576
       3885.8600     0.097951373     0.026170202
       3890.1000     0.098885776     0.025656707
       3894.3400     0.090830737     0.025149311
       3898.5700     0.093915106     0.024649176
       3902.8100      0.10924896     0.024153922
       3907.0400      0.13436122     0.023665873
       3911.2800      0.14219527     0.023182707
       3915.5100      0.13448663     0.022706689
       3919.7500     0.093360067     0.022235556
       3923.9900      0.11666734     0.021770426
       3928.2200      0.13522796     0.021312361
       3932.4600      0.11694041     0.020859181
       3936.6900      0.11489138     0.020413011
       3940.9300      0.12013229     0.019971728
       3945.1700      0.10236458     0.019536379
       3949.4000     0.095456430     0.019107957
       3953.6400     0.078219892     0.018684422
       3957.8700     0.079069744     0.018267759
       3962.1100     0.077017881     0.017942544
       3966.3400      0.10237368     0.017942544
       3970.5800      0.10191047     0.017942544
       3974.8200     0.097266779     0.017942544
       3979.0500      0.11088029     0.017942544
       3983.2900      0.10732129     0.017942544
       3987.5200      0.12729580     0.017942544
       3991.7600      0.15763987     0.017942544
       3995.9900      0.16845038     0.017942544
       4000.2300      0.14601319     0.017942544
       4004.4700      0.11096019     0.017942544
       4008.7000      0.12041142     0.017942544
       4012.9400      0.10478984     0.017942544
       4017.1700      0.12407460     0.017942544
       4021.4100     0.098934524     0.017942544
       4025.6500      0.14646325     0.017942544
       4029.8800      0.16943343     0.017942544
       4034.1200      0.15139670     0.017942544
       4038.3500      0.11614042     0.017942544
       4042.5900      0.14123448     0.017942544
       4046.8200      0.17759416     0.017942544
       4051.0600      0.16255310     0.017942544
       4055.3000      0.14719244     0.017942544
       4059.5300      0.13780088     0.017942544
       4063.7700      0.15524596     0.017942544
       4068.0000      0.11507444     0.017942544
       4072.2400      0.10644342     0.017942544
       4076.4800      0.11465270     0.017942544
       4080.7100      0.13634451     0.017942544
       4084.9500      0.13098932     0.017942544
       4089.1800      0.12779138     0.017942544
       4093.4200      0.10042548     0.017942544
       4097.6500     0.085071099     0.017942544
       4101.8900      0.11332882     0.017942544
       4106.1300      0.10726364     0.017942544
       4110.3600      0.12782172     0.017942544
       4114.6000      0.10102613     0.017942544
       4118.8300      0.10011722     0.017942544
       4123.0700      0.11735811     0.017942544
       4127.3100      0.15953416     0.017942544
       4131.5400      0.12294086     0.017942544
       4135.7800      0.13236478     0.017942544
       4140.0100      0.15242829     0.017942544
       4144.2500      0.15038331     0.017942544
       4148.4800      0.14429993     0.017942544
       4152.7200      0.13914398     0.017942544
       4156.9600      0.14251183     0.017942544
       4161.1900      0.12566851     0.017942544
       4165.4300      0.12363263     0.017942544
       4169.6600      0.13871415     0.017942544
       4173.9000      0.13953538     0.017942544
       4178.1400      0.11821979     0.017942544
       4182.3700      0.10270945     0.017942544
       4186.6100      0.10596100     0.017942544
       4190.8400      0.10729702     0.017942544
       4195.0800      0.12386727     0.017942544
       4199.3100      0.12697824     0.017942544
       4203.5500      0.10786440     0.017942544
       4207.7900      0.14823112     0.017942544
       4212.0200      0.13550407     0.017942544
       4216.2600      0.11392653     0.017942544
       4220.4900      0.11096828     0.017942544
       4224.7300      0.10405255     0.017942544
       4228.9600      0.12834257     0.017942544
       4233.2000      0.14354343     0.017942544
       4237.4400      0.15079190     0.017942544
       4241.6700      0.12952890     0.017942544
       4245.9100      0.12547635     0.017942544
       4250.1400      0.12841943     0.017942544
       4254.3800      0.12025163     0.017942544
       4258.6200      0.13499939     0.017942544
       4262.8500      0.10413852     0.017942544
       4267.0900      0.13210587     0.017942544
       4271.3200      0.12473704     0.017942544
       4275.5600      0.14403698     0.017942544
       4279.7900      0.15007181     0.017942544
       4284.0300      0.15522978     0.017942544
       4288.2700      0.13763805     0.017942544
       4292.5000      0.12474716     0.017942544
       4296.7400      0.15963935     0.017942544
       4300.9700      0.15456329     0.017942544
       4305.2100      0.15394029     0.017942544
       4309.4500      0.12790566     0.017942544
       4313.6800      0.14365367     0.017942544
       4317.9200      0.13184898     0.017942544
       4322.1500      0.11710931     0.017942544
       4326.3900      0.12169687     0.017942544
       4330.6200      0.13451899     0.017942544
       4334.8600     0.096023706     0.017942544
       4339.1000      0.14498058     0.017942544
       4343.3300      0.14728245     0.017942544
       4347.5700      0.13897205     0.017942544
       4351.8000      0.15148368     0.017942544
       4356.0400      0.20100732     0.017942544
       4360.2700      0.30018002     0.017942544
       4364.5100      0.24111412     0.017942544
       4368.7500      0.17327865     0.017942544
       4372.9800      0.14731280     0.017942544
       4377.2200      0.16401553     0.017942544
       4381.4500      0.11034730     0.017942544
       4385.6900      0.15079392     0.017942544
       4389.9300      0.13394454     0.017942544
       4394.1600      0.15745985     0.017942544
       4398.4000      0.19081779     0.017942544
       4402.6300      0.17503236     0.017942544
       4406.8700      0.17577774     0.017942544
       4411.1000      0.17384704     0.017942544
       4415.3400      0.16340770     0.017942544
       4419.5800      0.16693131     0.017942544
       4423.8100      0.18616550     0.017942544
       4428.0500      0.19499777     0.017942544
       4432.2800      0.16375865     0.017942544
       4436.5200      0.19828067     0.017942544
       4440.7600      0.23195214     0.017942544
       4444.9900      0.22488369     0.017942544
       4449.2300      0.18079210     0.017942544
       4453.4600      0.17549355     0.017942544
       4457.7000      0.20076055     0.017942544
       4461.9300      0.20757514     0.017942544
       4466.1700      0.21434322     0.017942544
       4470.4100      0.20703507     0.017942544
       4474.6400      0.21728023     0.017942544
       4478.8800      0.22330495     0.017942544
       4483.1100      0.24990291     0.017942544
       4487.3500      0.26461730     0.017942544
       4491.5800      0.28612100     0.017942544
       4495.8200      0.26335005     0.017942544
       4500.0600      0.22536612     0.017942544
       4504.2900      0.19700837     0.017942544
       4508.5300      0.19746551     0.017942544
       4512.7600      0.14957017     0.017942544
       4517.0000      0.21405902     0.017942544
       4521.2400      0.21103605     0.017942544
       4525.4700      0.17740807     0.017942544
       4529.7100      0.21439581     0.017942544
       4533.9400      0.19958332     0.017942544
       4538.1800      0.16462640     0.017942544
       4542.4200      0.17563514     0.017942544
       4546.6500      0.21772624     0.017942544
       4550.8900      0.24818358     0.017942544
       4555.1200      0.24357984     0.017942544
       4559.3600      0.20765403     0.017942544
       4563.5900      0.21769186     0.017942544
       4567.8300      0.25457745     0.017942544
       4572.0700      0.24611938     0.017942544
       4576.3000      0.24546806     0.017942544
       4580.5400      0.27876836     0.017942544
       4584.7700      0.23706056     0.017942544
       4589.0100      0.21045147     0.017942544
       4593.2400      0.21257434     0.017942544
       4597.4800      0.23043509     0.017942544
       4601.7200      0.24263522     0.017942544
       4605.9500      0.24138112     0.017942544
       4610.1900      0.26339354     0.017942544
       4614.4200      0.29338667     0.017942544
       4618.6600      0.24248554     0.017942544
       4622.9000      0.19786601     0.017942544
       4627.1300      0.19121526     0.017942544
       4631.3700      0.21454043     0.017942544
       4635.6000      0.28187629     0.017942544
       4639.8400      0.23154153     0.018123236
       4644.0700      0.23309195     0.018478095
       4648.3100      0.23432987     0.018837453
       4652.5500      0.23014685     0.019200460
       4656.7800      0.21236498     0.019566234
       4661.0200      0.26120899     0.019936491
       4665.2500      0.23636069     0.020309471
       4669.4900      0.22963914     0.020686923
       4673.7300      0.28177515     0.021067956
       4677.9600      0.31317913     0.021451646
       4682.2000      0.29344431     0.021839793
       4686.4300      0.31157106     0.022230552
       4690.6700      0.28777256     0.022625757
       4694.9000      0.32310166     0.023023531
       4699.1400      0.31713763     0.023425740
       4703.3800      0.30967576     0.023831435
       4707.6100      0.34328351     0.024239632
       4711.8500      0.32463287     0.024652249
       4716.0800      0.34058417     0.025067325
       4720.3200      0.35492233     0.025486809
       4724.5500      0.35889599     0.025908708
       4728.7900      0.34630446     0.026335005
       4733.0300      0.37197702     0.026764691
       4737.2600      0.32455298     0.027196728
       4741.5000      0.29010073     0.027633145
       4745.7300      0.29982503     0.028071869
       4749.9700      0.35345584     0.028514962
       4754.2100      0.34924653     0.028961376
       4758.4400      0.40572333     0.029410033
       4762.6800      0.45173045     0.029863041
       4766.9100      0.39271006     0.030318249
       4771.1500      0.39799648     0.030777796
       4775.3800      0.37824346     0.031239501
       4779.6200      0.38030867     0.031705533
       4783.8600      0.44325317     0.032174791
       4788.0900      0.38640115     0.032646142
       4792.3300      0.33302217     0.033121802
       4796.5600      0.39122032     0.033599513
       4800.8000      0.36742384     0.034081521
       4805.0400      0.33332760     0.034566687
       4809.2700      0.33259335     0.035053840
       4813.5100      0.31441705     0.035545271
       4817.7400      0.32061673     0.036038648
       4821.9800      0.36527469     0.036536291
       4826.2100      0.37492415     0.037035837
       4830.4500      0.32951879     0.037539636
       4834.6900      0.36375966     0.038046497
       4838.9200      0.33220600     0.038555199
       4843.1600      0.30847526     0.039068134
       4847.3900      0.34802986     0.039582869
       4851.6300      0.26544864     0.040101824
       4855.8700      0.32329787     0.040623772
       4860.1000      0.34330576     0.041147458
       4864.3400      0.30359238     0.041675344
       4868.5700      0.33768559     0.042204926
       4872.8100      0.37353958     0.042738696
       4877.0400      0.39489563     0.043274120
       4881.2800      0.42306626     0.043813718
       4885.5200      0.43905801     0.044356214
       4889.7500      0.48576904     0.044900303
       4893.9900      0.47149258     0.045448545
       4898.2200      0.39357175     0.045998340
       4902.4600      0.37746875     0.046552273
       4906.6900      0.38431571     0.047107720
       4910.9300      0.45426696     0.047667291
       4915.1700      0.52075529     0.048229664
       4919.4000      0.52454488     0.048793488
       4923.6400      0.60220579     0.049361416
       4927.8700      0.65075246     0.049930755
       4932.1100      0.62667483     0.050504184
       4936.3500      0.59809964     0.051080346
       4940.5800      0.60322930     0.051657858
       4944.8200      0.52910615     0.052239439
       4949.0500      0.45177900     0.052822330
       4953.2900      0.43541102     0.053409275
       4957.5200      0.38367450     0.053997490
       4961.7600      0.36508152     0.054589744
       4966.0000      0.37284174     0.055184635
       4970.2300      0.35281565     0.055780738
       4974.4700      0.34618917     0.056380856
       4978.7000      0.36122821     0.056982146
       4982.9400      0.44301347     0.057587438
       4987.1800      0.43638901     0.058195298
       4991.4100      0.42574437     0.058804256
       4995.6500      0.45002832     0.059417727
       4999.8800      0.51936264     0.060030336
       5004.1200      0.50925604     0.060648270
       5008.3500      0.47502630     0.061268136
       5012.5900      0.42521340     0.061891502
       5016.8300      0.55043792     0.062517371
       5021.0600      0.53454225     0.063144126
       5025.3000      0.49180286     0.063774450
       5029.5300      0.51177434     0.064404306
       5033.7700      0.52451657     0.065038697
       5038.0000      0.51829463     0.065675411
       5042.2400      0.62962296     0.066316709
       5046.4800      0.63747522     0.066958902
       5050.7100      0.63709292     0.067601247
       5054.9500      0.59363445     0.068248647
       5059.1800      0.52272543     0.068897398
       5063.4200      0.59418362     0.069548297
       5067.6600      0.53645374     0.070200552
       5071.8900      0.46347648     0.070855516
       5076.1300      0.47398560     0.071515752
       5080.3600      0.48051802     0.072175713
       5084.6000      0.53445831     0.072838034
       5088.8300      0.49541244     0.073501505
       5093.0700      0.47426777     0.074169218
       5097.3100      0.50657692     0.074839191
       5101.5400      0.51335410     0.075509654
       5105.7800      0.48945851     0.076184045
       5110.0100      0.56615053     0.076859400
       5114.2500      0.66690805     0.077537125
       5118.4900      0.66264412     0.078217111
       5122.7200      0.48091448     0.078897831
       5126.9600      0.42433857     0.079583368
       5131.1900      0.47060662     0.080269580
       5135.4300      0.46961143     0.080958278
       5139.6600      0.43740645     0.081647799
       5143.9000      0.40218354     0.082340986
       5148.1400      0.44121526     0.083035345
       5152.3700      0.43379890     0.083731754
       5156.6100      0.39182309     0.084431578
       5160.8400      0.38433695     0.085129749
       5165.0800      0.39110401     0.085833341
       5169.3100      0.36819754     0.086537866
       5173.5500      0.39024839     0.087245271
       5177.7900      0.47500303     0.087954646
       5182.0200      0.49157025     0.088663085
       5186.2600      0.46331162     0.089375183
       5190.4900      0.44967232     0.090089358
       5194.7300      0.44719548     0.090806902
       5198.9700      0.51060419     0.091525927
       5203.2000      0.60620373     0.092244389
       5207.4400      0.59816942     0.092966721
       5211.6700      0.58670355     0.093689451
       5215.9100      0.55078684     0.094415584
       5220.1500      0.48842995     0.095143295
       5224.3800      0.46567418     0.095871037
       5228.6200      0.45089809     0.096602569
       5232.8500      0.47429710     0.097334563
       5237.0900      0.60412031     0.098070204
       5241.3200      0.71323982     0.098804637
       5245.5600      0.78945346     0.099542933
       5249.8000      0.74354545      0.10028309
       5254.0300      0.66866479      0.10102405
       5258.2700      0.74100490      0.10176806
       5262.5000      0.76685444      0.10251133
       5266.7400      0.75466949      0.10325822
       5270.9700      0.73437133      0.10400500
       5275.2100      0.79447085      0.10475588
       5279.4500      0.84682936      0.10550748
       5283.6800      0.81961346      0.10625879
       5287.9200      0.96212428      0.10701395
       5292.1500      0.89772442      0.10776899
       5296.3900      0.79811076      0.10852676
       5300.6200      0.54983211      0.10928475
       5304.8600      0.80335370      0.11004624
       5309.1000      0.81186233      0.11080984
       5313.3300      0.82220357      0.11157274
       5317.5700      0.78839961      0.11233856
       5321.8000      0.85348214      0.11310399
       5326.0400      0.89312068      0.11387333
       5330.2800      0.85580019      0.11464392
       5334.5100      0.97131660      0.11541336
       5338.7500      0.97013128      0.11618530
       5342.9800      0.78050386      0.11695927
       5347.2200      0.82722501      0.11773581
       5351.4600      0.86855354      0.11851313
       5355.6900       1.0234031      0.11928970
       5359.9300      0.98216959      0.12006983
       5364.1600      0.88893058      0.12084919
       5368.4000      0.88727093      0.12163241
       5372.6300      0.82641794      0.12241490
       5376.8700      0.74909887      0.12319950
       5381.1100      0.78782010      0.12398593
       5385.3400      0.81539605      0.12477327
       5389.5800      0.86317003      0.12556434
       5393.8100      0.85815061      0.12635270
       5398.0500      0.85954225      0.12714231
       5402.2900      0.96490554      0.12793393
       5406.5200       1.0305029      0.12872783
       5410.7600      0.95969194      0.12952391
       5414.9900      0.89296695      0.13031857
       5419.2300      0.98183685      0.13111547
       5423.4600       1.0621789      0.13191369
       5427.7000       1.0466544      0.13271480
       5431.9400       1.0114689      0.13351559
       5436.1700       1.0550993      0.13431521
       5440.4100       1.1593107      0.13511882
       5444.6400       1.1857276      0.13592265
       5448.8800       1.0714936      0.13672864
       5453.1100       1.0379263      0.13753274
       5457.3500       1.0209758      0.13833907
       5461.5900       1.2172418      0.13914717
       5465.8200       1.0615822      0.13995497
       5470.0600       1.0790788      0.14076730
       5474.2900       1.0509932      0.14157792
       5478.5300       1.1500061      0.14239081
       5482.7700      0.94888648      0.14320421
       5487.0000      0.86546179      0.14401789
       5491.2400      0.93539079      0.14483413
       5495.4700       1.0543812      0.14564647
       5499.7100       1.1794166      0.14646256
       5503.9400       1.2856103      0.14728021
       5508.1800       1.1605445      0.14809992
       5512.4200       1.0752255      0.14891968
       5516.6500       1.2226020      0.14973879
       5520.8900       1.3316983      0.15056180
       5525.1200       1.1580363      0.15138245
       5529.3600       1.1654092      0.15220614
       5533.6000       1.3100955      0.15302999
       5537.8300       1.3104798      0.15385272
       5542.0700       1.2048829      0.15467815
       5546.3000       1.2132570      0.15550291
       5550.5400       1.2769631      0.15633069
       5554.7700       1.2107488      0.15715659
       5559.0100       1.2260306      0.15798663
       5563.2500       1.2126906      0.15881625
       5567.4800      0.97312796      0.15964395
       5571.7200       1.1019054      0.16047456
       5575.9500       1.4990190      0.16130450
       5580.1900       1.3572859      0.16213643
       5584.4200       1.0414357      0.16296686
       5588.6600       1.0386646      0.16380081
       5592.9000       1.0391096      0.16463611
       5597.1300       1.0121061      0.16546802
       5601.3700       1.0305029      0.16630302
       5605.6000      0.93722036      0.16713704
       5609.8400      0.92331000      0.16797288
       5614.0800      0.88876573      0.16881044
       5618.3100       1.0207330      0.16964633
       5622.5500       1.2686395      0.17048414
       5626.7800       1.1024516      0.17132028
       5631.0200      0.97502124      0.17216002
       5635.2500      0.99212347      0.17299802
       5639.4900      0.88169222      0.17383754
       5643.7300      0.88628788      0.17467690
       5647.9600      0.95149177      0.17551579
       5652.2000      0.96634471      0.17635767
       5656.4300       1.0113678      0.17719638
       5660.6700       1.0260528      0.17803788
       5664.9100      0.92608823      0.17888225
       5669.1400      0.95844492      0.17972432
       5673.3800      0.88732958      0.18056480
       5677.6100      0.90723229      0.18140385
       5681.8500      0.95865124      0.18224977
       5686.0800       1.1049800      0.18309492
       5690.3200       1.2394110      0.18393897
       5694.5600       1.0944516      0.18478133
       5698.7900      0.98578826      0.18562417
       5703.0300       1.0480703      0.18647203
       5707.2600       1.2230066      0.18731643
       5711.5000       1.2794915      0.18816283
       5715.7300       1.2207310      0.18900419
       5719.9700       1.3569420      0.18984819
       5724.2100       1.2035277      0.19069576
       5728.4400       1.1499454      0.19154133
       5732.6800       1.4673733      0.19238617
       5736.9100       1.3967495      0.19322773
       5741.1500       1.4381650      0.19407639
       5745.3900       1.4916967      0.19492708
       5749.6200       1.2384502      0.19577168
       5753.8600       1.2812614      0.19661762
       5758.0900       1.2169080      0.19746185
       5762.3300       1.1028460      0.19830980
       5766.5600       1.2028905      0.19915687
       5770.8000       1.1216574      0.20000621
       5775.0400       1.1715179      0.20085457
       5779.2700       1.1528177      0.20169690
       5783.5100       1.2537926      0.20254331
       5787.7400       1.3290788      0.20338904
       5791.9800       1.4268680      0.20423710
       5796.2200       1.3181662      0.20508417
       5800.4500       1.0177394      0.20592945
       5804.6900      0.76711335      0.20677702
       5808.9200      0.72813625      0.20762284
       5813.1600      0.76551337      0.20846987
       5817.3900      0.73290687      0.20931395
       5821.6300      0.64158845      0.21016088
       5825.8700      0.60739310      0.21100710
       5830.1000      0.69143270      0.21185234
       5834.3400      0.77567155      0.21269912
       5838.5700      0.80431449      0.21354379
       5842.8100      0.67151887      0.21438901
       5847.0400      0.59557223      0.21523123
       5851.2800      0.61125147      0.21608261
       5855.5200      0.77166754      0.21696576
       5859.7500      0.92584348      0.21795453
       5863.9900       1.2935596      0.21915530
       5868.2200       1.4580586      0.22061211
       5872.4600       1.4860836      0.22218844
       5876.7000       1.8211295      0.22353058
       5880.9300       1.8276832      0.22449244
       5885.1700       2.1003985      0.22530458
       5889.4000       2.5688944      0.22589878
       5893.6400       2.8623225      0.22629189
       5897.8800       2.8227477      0.22694812
       5902.1100       2.6897832      0.22802015
       5906.3500       2.7282657      0.22922904
       5910.5800       2.6865266      0.22998005
       5914.8200       2.4424734      0.23019930
       5919.0500       2.3633339      0.23055516
       5923.2900       2.1947288      0.23154974
       5927.5300       1.8087200      0.23317412
       5931.7600       1.8164367      0.23468652
       5936.0000       2.1435637      0.23532209
       5940.2300       2.1269368      0.23546576
       5944.4700       2.0150492      0.23587044
       5948.7000       2.0565355      0.23657176
       5952.9400       1.9196974      0.23744479
       5957.1800       1.8338626      0.23835735
       5961.4100       1.8161738      0.23913281
       5965.6500       1.6421477      0.23980898
       5969.8800       1.7499393      0.24044320
       5974.1200       1.6988754      0.24117583
       5978.3500       1.7239472      0.24197106
       5982.5900       1.5562725      0.24267855
       5986.8300       1.5504167      0.24333497
       5991.0600       1.5959485      0.24400613
       5995.3000       1.4391258      0.24469944
       5999.5300       1.4121627      0.24544246
       6003.7700       1.4491687      0.24623703
       6008.0100       1.3330535      0.24705506
       6012.2400       1.1858692      0.24787730
       6016.4800       1.2298940      0.24870463
       6020.7100       1.3389801      0.24953002
       6024.9500       1.5624621      0.25035486
       6029.1900       1.5643837      0.25117859
       6033.4200       1.3221712      0.25199881
       6037.6600       1.2782475      0.25282077
       6041.8900       1.2171508      0.25364044
       6046.1300       1.1254197      0.25446201
       6050.3600       1.1044743      0.25528125
       6054.6000       1.1325195      0.25609986
       6058.8400       1.0427910      0.25691751
       6063.0700       1.1729641      0.25773204
       6067.3100       1.2159776      0.25854794
       6071.5400       1.3885574      0.25936127
       6075.7800       1.3746005      0.26017637
       6080.0100       1.2077147      0.26098873
       6084.2500       1.2341519      0.26180034
       6088.4900       1.2711780      0.26261123
       6092.7200       1.0405053      0.26341886
       6096.9600       1.1430175      0.26422690
       6101.1900       1.1203932      0.26503332
       6105.4300       1.0000000      0.26584140
       6109.6700       1.0560399      0.26664875
       6113.9000       1.3231421      0.26745280
       6118.1400       1.4111008      0.26825619
       6122.3700       1.5115397      0.26905687
       6126.6100       1.7644626      0.26985831
       6130.8400       1.6881549      0.27065663
       6135.0800       1.6516647      0.27145608
       6139.3200       1.7542477      0.27225546
       6143.5500       1.7305817      0.27305205
       6147.7900       1.9919192      0.27384625
       6152.0200       2.0308669      0.27463986
       6156.2600       1.9981593      0.27543406
       6160.5000       1.9501193      0.27622691
       6164.7300       2.0213803      0.27701721
       6168.9700       2.0011530      0.27780535
       6173.2000       1.8062118      0.27859076
       6177.4400       1.5960193      0.27937821
       6181.6700       1.4305696      0.28016512
       6185.9100       1.5006877      0.28095068
       6190.1500       1.5011125      0.28173237
       6194.3800       1.3910858      0.28251234
       6198.6200       1.5105486      0.28329395
       6202.8500       1.5073324      0.28407175
       6207.0900       1.3319916      0.28485014
       6211.3200       1.3394656      0.28562358
       6215.5600       1.2867228      0.28639926
       6219.8000       1.2389559      0.28717407
       6224.0300       1.2373377      0.28794566
       6228.2700       1.0747097      0.28871666
       6232.5000       1.1175816      0.28948473
       6236.7400       1.3427728      0.29025704
       6240.9800       1.5168696      0.29104752
       6245.2100       1.6018852      0.29189114
       6249.4500       1.8421053      0.29288631
       6253.6800       2.0294308      0.29442750
       6257.9200       1.9365974      0.29753998
       6262.1500       2.0941078      0.30241317
       6266.3900       2.1671386      0.30596870
       6270.6300       1.8889619      0.30566825
       6274.8600       1.8837534      0.30419833
       6279.1000       2.1358166      0.30414602
       6283.3300       2.4037279      0.30475986
       6287.5700       2.3340851      0.30499769
       6291.8100       2.3126441      0.30494859
       6296.0400       2.3945548      0.30494354
       6300.2800       2.5120454      0.30508167
       6304.5100       2.4911708      0.30533550
       6308.7500       2.3751466      0.30563359
       6312.9800       2.3030564      0.30595754
       6317.2200       2.2366499      0.30635619
       6321.4600       2.1927060      0.30684794
       6325.6900       2.1559630      0.30742838
       6329.9300       2.2540556      0.30806264
       6334.1600       2.0378858      0.30867805
       6338.4000       2.1451920      0.30925488
       6342.6400       2.2582123      0.30983824
       6346.8700       2.5442777      0.31045261
       6351.1100       2.6692018      0.31108030
       6355.3400       2.7148954      0.31171474
       6359.5800       2.6763825      0.31232944
       6363.8100       2.7552085      0.31292505
       6368.0500       2.7442352      0.31357185
       6372.2900       2.5498705      0.31428011
       6376.5200       2.3054836      0.31495995
       6380.7600       2.3859177      0.31556419
       6384.9900       2.4909584      0.31615773
       6389.2300       2.4622659      0.31680664
       6393.4600       2.5238683      0.31749314
       6397.7000       2.4183927      0.31819330
       6401.9400       2.1955277      0.31889462
       6406.1700       2.1470428      0.31958935
       6410.4100       2.0871597      0.32028471
       6414.6400       2.0211882      0.32097692
       6418.8800       2.0371273      0.32167010
       6423.1200       2.0693191      0.32236400
       6427.3500       1.8916117      0.32306374
       6431.5900       2.1147397      0.32378013
       6435.8200       2.1601400      0.32454542
       6440.0600       2.1031191      0.32543174
       6444.2900       1.8721833      0.32645813
       6448.5300       1.8408006      0.32758119
       6452.7700       1.6317711      0.32883960
       6457.0000       1.1592601      0.33029487
       6461.2400       1.1879829      0.33171840
       6465.4700       1.2814030      0.33268845
       6469.7100       1.5141187      0.33317275
       6473.9500       1.7614790      0.33345219
       6478.1800       2.0292589      0.33365267
       6482.4200       2.6111291      0.33366433
       6486.6500       3.1174097      0.33358661
       6490.8900       3.2201849      0.33391821
       6495.1200       3.1085703      0.33505090
       6499.3600       3.1162668      0.33677717
       6503.6000       2.8545653      0.33804786
       6507.8300       2.4370727      0.33812240
       6512.0700       2.2275375      0.33773126
       6516.3000       1.6721247      0.33781322
       6520.5400       1.6105627      0.33836850
       6524.7700       1.5593066      0.33911789
       6529.0100      0.89330778      0.34007960
       6533.2500      0.73153344      0.34108334
       6537.4800      0.75157976      0.34184234
       6541.7200       1.2768923      0.34238421
       6545.9500       1.9562887      0.34288920
       6550.1900       2.8984384      0.34338814
       6554.4300       3.3969214      0.34383956
       6558.6600       2.8602897      0.34426710
       6562.9000       2.5718880      0.34461467
       6567.1300       3.4110704      0.34492632
       6571.3700       4.6129496      0.34531373
       6575.6000       5.4572394      0.34572014
       6579.8400       5.7153404      0.34616681
       6584.0800       5.6044237      0.34674017
       6588.3100       5.7105971      0.34738319
       6592.5500       5.5992556      0.34802803
       6596.7800       5.1329140      0.34865527
       6601.0200       5.0182653      0.34926495
       6605.2600       4.7554310      0.34985978
       6609.4900       3.9084409      0.35044569
       6613.7300       3.4628120      0.35102788
       6617.9600       2.8587625      0.35160814
       6622.2000       2.6678264      0.35218707
       6626.4300       2.5198835      0.35276259
       6630.6700       2.3453922      0.35333264
       6634.9100       2.2790364      0.35389899
       6639.1400       2.0584267      0.35446388
       6643.3800       1.8574578      0.35502893
       6647.6100       1.7749707      0.35558915
       6651.8500       1.6473866      0.35614713
       6656.0800       1.4911606      0.35670119
       6660.3200       1.4614669      0.35725355
       6664.5600       1.6308002      0.35780397
       6668.7900       1.6845038      0.35834947
       6673.0300       1.7901007      0.35889387
       6677.2600       1.7821918      0.35943410
       6681.5000       2.0238278      0.35997044
       6685.7400       1.4282738      0.36050651
       6689.9700       1.4034548      0.36103823
       6694.2100       1.3771087      0.36156772
       6698.4400       1.2077046      0.36209245
       6702.6800       1.3096909      0.36261569
       6706.9200       1.4215179      0.36313612
       6711.1500       1.5386444      0.36365312
       6715.3900       1.5314333      0.36416798
       6719.6200       1.4572191      0.36467876
       6723.8600       1.5041972      0.36518702
       6728.0900       1.5568692      0.36569164
       6732.3300       1.5612383      0.36619310
       6736.5700       1.5905376      0.36669221
       6740.8000       1.7502832      0.36718575
       6745.0400       1.8708483      0.36767890
       6749.2700       1.5540070      0.36816838
       6753.5100       1.5396355      0.36865510
       6757.7400       1.6711740      0.36913869
       6761.9800       1.5177293      0.36962001
       6766.2200       1.7903131      0.37009718
       6770.4500       1.4459525      0.37056925
       6774.6900       1.3487499      0.37104045
       6778.9200       1.2591630      0.37150635
       6783.1600       1.2652312      0.37197107
       6787.4000       1.1968931      0.37243293
       6791.6300       1.3309195      0.37288873
       6795.8700       1.5596808      0.37334300
       6800.1000       1.5616530      0.37379373
       6804.3400       1.4754035      0.37424232
       6808.5700       1.4038493      0.37468757
       6812.8100       1.4268882      0.37513082
       6817.0500       1.4870140      0.37556765
       6821.2800       1.3658218      0.37599879
       6825.5200       1.2350419      0.37642804
       6829.7500       1.2528622      0.37685986
       6833.9900       1.3804968      0.37735244
       6838.2300       1.5519540      0.37842507
       6842.4600       1.4783668      0.38268645
       6846.7000       1.4381144      0.39706988
       6850.9300       1.1976921      0.42841754
       6855.1700       1.2151382      0.46664204
       6859.4000       1.4953882      0.47983831
       6863.6400       1.4931935      0.46121028
       6867.8800       1.1865063      0.44008840
       6872.1100       1.2095251      0.43326611
       6876.3500       1.2407460      0.43482984
       6880.5800       1.3249221      0.43453493
       6884.8200       1.4355152      0.42980736
       6889.0500       1.2685181      0.42307500
       6893.2900       1.1569542      0.41627965
       6897.5300       1.2427586      0.41024637
       6901.7600       1.4890064      0.40541586
       6906.0000       1.3835713      0.40204955
       6910.2300       1.1500971      0.40011421
       6914.4700       1.2992132      0.39921160
       6918.7100       1.0058457      0.39906092
       6922.9400       1.3038654      0.39945968
       6927.1800       1.5279036      0.39962189
       6931.4100       1.4646527      0.39885460
       6935.6500       1.6154881      0.39772484
       6939.8800       1.5470893      0.39693866
       6944.1200       1.4418868      0.39593084
       6948.3600       1.3589142      0.39394355
       6952.5900       1.2668089      0.39168214
       6956.8300       1.2574437      0.39042061
       6961.0600       1.1880740      0.39050272
       6965.3000       1.3117339      0.39170596
       6969.5400       1.5059468      0.39376520
       6973.7700       1.6349063      0.39585574
       6978.0100       1.8422064      0.39696145
       6982.2400       1.4295077      0.39712429
       6986.4800       1.4646122      0.39712223
       6990.7100       1.5716453      0.39722929
       6994.9500       1.5577794      0.39733207
       6999.1900       1.6163680      0.39753027
       7003.4200       1.4988875      0.39785309
       7007.6600       1.4578361      0.39808454
       7011.8900       1.5540070      0.39783223
       7016.1300       1.5596201      0.39701985
       7020.3600       1.5638476      0.39642334
       7024.6000       1.2629354      0.39640198
       7028.8400       1.0525911      0.39649170
       7033.0700       1.1419859      0.39666731
       7037.3100       1.2724321      0.39700972
       7041.5400       1.5182451      0.39714872
       7045.7800       1.5403030      0.39698720
       7050.0200       1.3158198      0.39673382
       7054.2500       1.3181561      0.39654304
       7058.4900       1.2528116      0.39655009
       7062.7200       1.3291598      0.39669106
       7066.9600       1.2854282      0.39672156
       7071.1900       1.1754824      0.39666053
       7075.4300       1.4464380      0.39668085
       7079.6700       1.4015433      0.39682101
       7083.9000       1.3489623      0.39702989
       7088.1400       1.3561430      0.39721873
       7092.3700       1.3604919      0.39730922
       7096.6100       1.1914418      0.39733687
       7100.8500       1.1414701      0.39740720
       7105.0800       1.2092014      0.39759370
       7109.3200       1.1195234      0.39789472
       7113.5500       1.1888122      0.39825685
       7117.7900       1.3740038      0.39860166
       7122.0200       1.3478903      0.39897060
       7126.2600       1.4177353      0.39951533
       7130.5000       1.4858105      0.40025252
       7134.7300       1.6915733      0.40104270
       7138.9700       2.3887495      0.40207592
       7143.2000       2.3783426      0.40441470
       7147.4400       2.1805291      0.40965166
       7151.6800       1.9825944      0.41825625
       7155.9100       2.0054310      0.42818300
       7160.1500       1.9269691      0.43660258
       7164.3800       1.6496521      0.44316166
       7168.6200       1.5460880      0.44892658
       7172.8500       1.3986812      0.45228099
       7177.0900       1.1945164      0.45176044
       7181.3300       1.3144848      0.44922046
       7185.5600       1.4389336      0.44549842
       7189.8000       1.5049254      0.43826694
       7194.0300       1.6116651      0.42749504
       7198.2700       1.4723694      0.41764421
       7202.5000       1.3873336      0.41261071
       7206.7400       1.4090679      0.41277982
       7210.9800       1.1908653      0.41741034
       7215.2100       1.1190784      0.42537760
       7219.4500       1.2427687      0.43345460
       7223.6800       1.4213156      0.43770091
       7227.9200       1.6394373      0.43766184
       7232.1600       1.6980056      0.43573481
       7236.3900       1.9367996      0.43376741
       7240.6300       1.9675149      0.43178720
       7244.8600       2.2673045      0.43006803
       7249.1000       2.3350156      0.42944860
       7253.3300       2.1001355      0.43016790
       7257.5700       2.2468243      0.43167198
       7261.8100       2.3805474      0.43143320
       7266.0400       2.8171750      0.42834632
       7270.2800       4.0591549      0.42602292
       7274.5100       5.1588656      0.42619738
       7278.7500       5.6016121      0.42612830
       7282.9900       5.4315405      0.42504509
       7287.2200       5.2985457      0.42444830
       7291.4600       5.0500324      0.42389784
       7295.6900       4.8698066      0.42239312
       7299.9300       4.7674764      0.41984289
       7304.1600       4.7111837      0.41626775
       7308.4000       4.2421922      0.41246989
       7312.6400       4.0995287      0.40985303
       7316.8700       3.6417533      0.40839981
       7321.1100       2.8312027      0.40710270
       7325.3400       2.6523727      0.40600281
       7329.5800       2.6533537      0.40564369
       7333.8100       2.7514260      0.40571325
       7338.0500       3.0197014      0.40571820
       7342.2900       3.1772321      0.40576353
       7346.5200       3.2503236      0.40586117
       7350.7600       3.1541021      0.40558325
       7354.9900       3.1286258      0.40470942
       7359.2300       3.0596707      0.40363249
       7363.4700       3.1387394      0.40291367
       7367.7000       2.8702213      0.40258986
       7371.9400       2.5792204      0.40235024
       7376.1700       2.3338525      0.40199748
       7380.4100       2.1457381      0.40141703
       7384.6500       1.9623973      0.40064052
       7388.8800       2.0306950      0.39994373
       7393.1200       2.2578988      0.39949583
       7397.3500       2.1872143      0.39918817
       7401.5900       1.8696145      0.39889653
       7405.8200       1.8740443      0.39862152
       7410.0600       1.9585238      0.39831856
       7414.3000       1.9845564      0.39795261
       7418.5300       2.0519742      0.39760243
       7422.7700       1.8321635      0.39732628
       7427.0000       1.7853068      0.39707114
       7431.2400       1.9845564      0.39679206
       7435.4700       1.9827461      0.39651962
       7439.7100       1.9246430      0.39627670
       7443.9500       1.8778875      0.39605398
       7448.1800       1.9262814      0.39583828
       7452.4200       1.9500283      0.39561911
       7456.6500       2.0225838      0.39539649
       7460.8900       1.9199199      0.39517076
       7465.1200       1.7983029      0.39493953
       7469.3600       1.8697561      0.39469928
       7473.6000       1.6927566      0.39445394
       7477.8300       1.7409685      0.39420444
       7482.0700       1.9818055      0.39394968
       7486.3000       1.8733363      0.39368853
       7490.5400       1.9110805      0.39342449
       7494.7800       2.0407885      0.39315421
       7499.0100       1.7717545      0.39287643
       7503.2500       1.4941442      0.39259052
       7507.4800       1.3625551      0.39229945
       7511.7200       1.5320806      0.39200582
       7515.9600       1.5074841      0.39170477
       7520.1900       1.5198026      0.39140261
       7524.4300       1.5967879      0.39109411
       7528.6600       1.6308305      0.39077867
       7532.9000       1.5814758      0.39045723
       7537.1300       1.5397670      0.39013066
       7541.3700       1.5684190      0.38980567
       7545.6100       1.5202375      0.38949242
       7549.8400       1.3431975      0.38919492
       7554.0800       1.1039888      0.38893448
       7558.3100       1.0260933      0.38886000
       7562.5500       1.2015454      0.38996616
       7566.7800       1.2387334      0.39640975
       7571.0200       1.0072030      0.41955603
       7575.2600      0.74106558      0.48097486
       7579.4900      0.46066690      0.61145182
       7583.7300      0.35146851      0.83036475
       7587.9600      0.12782273       1.0461976
       7592.2000      0.50174461       1.0467020
       7596.4400      0.56694547      0.86947231
       7600.6700      0.57612869      0.72008827
       7604.9100      0.70178405      0.66184375
       7609.1400      0.45787249      0.67356294
       7613.3800      0.48756726      0.70660974
       7617.6100      0.59904729      0.71326594
       7621.8500      0.55478377      0.68414270
       7626.0900      0.57092722      0.63727171
       7630.3200      0.73717889      0.58819191
       7634.5600      0.87931146      0.54361664
       7638.7900      0.88549193      0.50608855
       7643.0300       1.0695720      0.47569186
       7647.2700       1.1258748      0.45174622
       7651.5000      0.89269186      0.43308359
       7655.7400       1.0499413      0.41855105
       7659.9700       1.2243922      0.40742964
       7664.2100       1.4402686      0.39900131
       7668.4400       1.5460981      0.39268477
       7672.6800       1.8260245      0.38789464
       7676.9200       2.0698754      0.38416217
       7681.1500       2.3484364      0.38115132
       7685.3900       2.7957947      0.37867573
       7689.6200       3.1285853      0.37670543
       7693.8600       3.3828330      0.37521449
       7698.0900       3.4416946      0.37413751
       7702.3300       3.3848254      0.37332809
       7706.5700       3.5237874      0.37264193
       7710.8000       3.4238238      0.37198575
       7715.0400       3.0506898      0.37132111
       7719.2700       2.8610280      0.37065259
       7723.5100       2.9977345      0.36997681
       7727.7500       2.9203042      0.36930160
       7731.9800       2.7801994      0.36864122
       7736.2200       1.9412901      0.36800990
       7740.4500       1.5831142      0.36740317
       7744.6900       1.4171488      0.36679532
       7748.9200       1.4498564      0.36618196
       7753.1600       1.2682248      0.36556118
       7757.4000       1.3973866      0.36492924
       7761.6300       1.2556030      0.36428108
       7765.8700       1.1277964      0.36362721
       7770.1000       1.2491707      0.36297571
       7774.3400       1.3802237      0.36231948
       7778.5800       1.2078462      0.36165233
       7782.8100       1.1837150      0.36097605
       7787.0500       1.2078462      0.36029044
       7791.2800       1.1935353      0.35959830
       7795.5200       1.1146992      0.35889963
       7799.7500       1.1935353      0.35819648
