# data from http://adsabs.harvard.edu/abs/2006MNRAS.369.1780V
# original filename = 2004dj_041115.ascii
# via WISEREP
# de-redshifted assuming z=  0.000437000
# flux divided by   2.79131e-15
# observation JD =        2453324.5
# phase in rest-frame days relative to JD =        2453187.0
# type is SNII
# phase is       137.400
# WARNING: fake error spectrum!

       3998.2500       2.1371522      0.15262523
       4000.8500      0.88158262      0.15285106
       4003.4500      0.48525871      0.15307640
       4006.0400      0.39539067      0.15330036
       4008.6400      0.39210784      0.15352469
       4011.2300      0.58678185      0.15374767
       4013.8300       1.2260550      0.15397100
       4016.4300       2.1937158      0.15419383
       4019.0200       1.2959137      0.15441532
       4021.6200      0.54993013      0.15463715
       4024.2200      0.40275881      0.15485849
       4026.8100      0.75779335      0.15507849
       4029.4100      0.94634886      0.15529883
       4032.0000      0.99518306      0.15551784
       4034.6000       1.1048030      0.15573719
       4037.2000      0.96175091      0.15595605
       4039.7900      0.81484908      0.15617357
       4042.3900      0.90127959      0.15639143
       4044.9900      0.88352597      0.15660880
       4047.5800      0.88679183      0.15682485
       4050.1800      0.96183575      0.15704123
       4052.7700      0.73505909      0.15725628
       4055.3700       1.0544476      0.15747168
       4057.9700       1.0276580      0.15768658
       4060.5600      0.56081068      0.15790016
       4063.1600      0.50459935      0.15811407
       4065.7600      0.53678385      0.15832749
       4068.3500       1.1568551      0.15853960
       4070.9500       1.3219647      0.15875203
       4073.5400       1.0028047      0.15896316
       4076.1400      0.76634427      0.15917462
       4078.7400      0.64730806      0.15938558
       4081.3300      0.39743083      0.15959524
       4083.9300      0.31883259      0.15980522
       4086.5300      0.37883180      0.16001471
       4089.1200      0.53848365      0.16022291
       4091.7200      0.52725276      0.16043142
       4094.3100      0.60793808      0.16063864
       4096.9100      0.68121831      0.16084618
       4099.5100      0.58079011      0.16105322
       4102.1000      0.85092127      0.16125898
       4104.7000      0.98732283      0.16146505
       4107.3000      0.82155448      0.16167063
       4109.8900      0.74914161      0.16187494
       4112.4900      0.60095321      0.16207954
       4115.0800      0.59212880      0.16228288
       4117.6800      0.58739270      0.16248651
       4120.2800      0.78724698      0.16268966
       4122.8700      0.64684393      0.16289155
       4125.4700      0.40542680      0.16309372
       4128.0700      0.48416677      0.16329542
       4130.6600      0.43876113      0.16349585
       4133.2600      0.30657564      0.16369657
       4135.8500      0.35288058      0.16389604
       4138.4500      0.50086937      0.16409580
       4141.0500      0.46313630      0.16429507
       4143.6400      0.43678085      0.16449309
       4146.2400      0.44508624      0.16469140
       4148.8400      0.38538847      0.16488922
       4151.4300      0.49388250      0.16508580
       4154.0300      0.62713698      0.16528266
       4156.6200      0.63866032      0.16547829
       4159.2200      0.57892662      0.16567418
       4161.8200      0.55682517      0.16586960
       4164.4100      0.48876113      0.16606378
       4167.0100      0.53194794      0.16625824
       4169.6100      0.75024155      0.16645221
       4172.2000      0.76255340      0.16664497
       4174.8000      0.72444504      0.16683798
       4177.4000      0.58685771      0.16703052
       4179.9900      0.77266140      0.16722184
       4182.5900      0.79042500      0.16741342
       4185.1800      0.53453607      0.16760378
       4187.7800      0.56863197      0.16779441
       4190.3800      0.67240987      0.16798456
       4192.9700      0.70955703      0.16817350
       4195.5700      0.61511758      0.16836269
       4198.1700      0.62666387      0.16855141
       4200.7600      0.72766699      0.16873892
       4203.3600      0.51336388      0.16892669
       4205.9500      0.41043738      0.16911326
       4208.5500      0.43152174      0.16930007
       4211.1500      0.50267597      0.16948641
       4213.7400      0.55378688      0.16967156
       4216.3400      0.66871781      0.16985695
       4218.9400      0.51160319      0.17004187
       4221.5300      0.39854673      0.17022560
       4224.1300      0.43941989      0.17040957
       4226.7200      0.52394598      0.17059236
       4229.3200      0.51142752      0.17077538
       4231.9200      0.49862758      0.17095794
       4234.5100      0.34937617      0.17113932
       4237.1100      0.50096519      0.17132092
       4239.7100      0.40175570      0.17150206
       4242.3000      0.35459336      0.17168203
       4244.9000      0.29895397      0.17186223
       4247.4900      0.41375714      0.17204126
       4250.0900      0.29980836      0.17222051
       4252.6900      0.27376033      0.17239930
       4255.2800      0.39026131      0.17257693
       4257.8800      0.43747255      0.17275477
       4260.4800      0.48344712      0.17293215
       4263.0700      0.61365633      0.17310838
       4265.6700      0.78954665      0.17328482
       4268.2600       1.7532639      0.17346012
       4270.8600       1.1878169      0.17363562
       4273.4600      0.65166886      0.17381066
       4276.0500      0.58958059      0.17398456
       4278.6500      0.91519344      0.17415866
       4281.2500       1.0276081      0.17433230
       4283.8400       1.0222582      0.17450481
       4286.4400      0.93633269      0.17467751
       4289.0300      0.86883659      0.17484909
       4291.6300      0.67010720      0.17502087
       4294.2300      0.50775642      0.17519218
       4296.8200      0.37916517      0.17536237
       4299.4200      0.50244940      0.17553275
       4302.0200      0.53630275      0.17570267
       4304.6100      0.48651335      0.17587148
       4307.2100      0.21845131      0.17604047
       4309.8100      0.19729509      0.17620900
       4312.4000      0.40532499      0.17637642
       4315.0000      0.47627860      0.17654403
       4317.5900      0.76679243      0.17671053
       4320.1900      0.86076975      0.17687721
       4322.7900      0.65251128      0.17704343
       4325.3800      0.49212780      0.17720855
       4327.9800      0.53250888      0.17737385
       4330.5800      0.79162974      0.17753869
       4333.1700      0.82636643      0.17770244
       4335.7700      0.84537170      0.17786636
       4338.3600      0.91598295      0.17802919
       4340.9600      0.85430291      0.17819219
       4343.5600      0.83477363      0.17835473
       4346.1500      0.73098275      0.17851619
       4348.7500      0.73231425      0.17867782
       4351.3400      0.83302591      0.17883837
       4353.9400      0.87677866      0.17899908
       4356.5400      0.90980057      0.17915934
       4359.1300      0.88590949      0.17931852
       4361.7300      0.70786521      0.17947786
       4364.3300      0.54126442      0.17963674
       4366.9200      0.61511758      0.17979456
       4369.5200      0.73709326      0.17995254
       4372.1200      0.74480277      0.18011006
       4374.7100      0.61288777      0.18026652
       4377.3100      0.57831577      0.18042312
       4379.9000      0.63813331      0.18057868
       4382.5000      0.67764603      0.18073438
       4385.1000      0.74150198      0.18088963
       4387.6900      0.53292111      0.18104383
       4390.2900      0.84628898      0.18119817
       4392.8900       1.2028087      0.18135206
       4395.4800      0.83109255      0.18150490
       4398.0800      0.78524175      0.18165789
       4400.6700      0.81042340      0.18180983
       4403.2700      0.79576995      0.18196192
       4405.8700      0.80919671      0.18211355
       4408.4600      0.91029265      0.18226414
       4411.0600      0.98330838      0.18241487
       4413.6600      0.83825109      0.18256515
       4416.2500      0.67740448      0.18271440
       4418.8500      0.67406276      0.18286378
       4421.4400      0.65667844      0.18301214
       4424.0400      0.61452370      0.18316063
       4426.6400      0.51691420      0.18330866
       4429.2300      0.61986066      0.18345568
       4431.8300      0.68420470      0.18360281
       4434.4300      0.60117180      0.18374950
       4437.0200      0.61960215      0.18389518
       4439.6200      0.63163153      0.18404098
       4442.2100      0.66634926      0.18418577
       4444.8100      0.70486386      0.18433067
       4447.4100      0.65962091      0.18447513
       4450.0000      0.60650976      0.18461859
       4452.6000      0.56852018      0.18476215
       4455.2000      0.41596099      0.18490528
       4457.7900      0.44867549      0.18504740
       4460.3900      0.61962910      0.18518964
       4462.9800      0.64273166      0.18533088
       4465.5800      0.62378828      0.18547222
       4468.1800      0.62687448      0.18561312
       4470.7700      0.57145067      0.18575304
       4473.3700      0.57962830      0.18589306
       4475.9700      0.52830379      0.18603263
       4478.5600      0.59031421      0.18617122
       4481.1600      0.56535912      0.18630991
       4483.7500      0.54125544      0.18644763
       4486.3500      0.51303649      0.18658544
       4488.9500      0.65224179      0.18672280
       4491.5400      0.65631712      0.18685920
       4494.1400      0.56395177      0.18699568
       4496.7400      0.64162275      0.18713173
       4499.3300      0.68432647      0.18726681
       4501.9300      0.76282988      0.18740198
       4504.5200      0.87095361      0.18753618
       4507.1200      0.86280992      0.18767047
       4509.7200      0.95200723      0.18780432
       4512.3100      0.96871482      0.18793722
       4514.9100      0.95184852      0.18807020
       4517.5100       1.0025452      0.18820273
       4520.1000       1.1843235      0.18833432
       4522.7000       1.2494810      0.18846599
       4525.3000       1.1582126      0.18859721
       4527.8900       1.1840640      0.18872750
       4530.4900       1.3110852      0.18885785
       4533.0800       1.3282229      0.18898727
       4535.6800       1.2198766      0.18911676
       4538.2800       1.2515870      0.18924581
       4540.8700       1.2044955      0.18937393
       4543.4700      0.97464367      0.18950211
       4546.0600      0.91043139      0.18962936
       4548.6600      0.92943366      0.18975668
       4551.2600      0.88165948      0.18988355
       4553.8500      0.89018046      0.19000952
       4556.4500      0.92025392      0.19013553
       4559.0500      0.91358147      0.19026111
       4561.6400      0.99359804      0.19038578
       4564.2400      0.95475905      0.19051050
       4566.8400      0.89924542      0.19063478
       4569.4300       1.1390586      0.19075816
       4572.0300       1.1974787      0.19088159
       4574.6200       1.0030642      0.19100411
       4577.2200      0.93392322      0.19112668
       4579.8200      0.92732463      0.19124881
       4582.4100      0.91324111      0.19137005
       4585.0100      0.92679363      0.19149133
       4587.6100      0.90512936      0.19161217
       4590.2000      0.82807322      0.19173213
       4592.8000      0.85598475      0.19185212
       4595.3900      0.99784705      0.19197122
       4597.9900      0.95262606      0.19209036
       4600.5900      0.94261688      0.19220907
       4603.1800       1.0123668      0.19232689
       4605.7800       1.0412025      0.19244475
       4608.3800       1.0300834      0.19256218
       4610.9700       1.0194434      0.19267873
       4613.5700       1.0332675      0.19279531
       4616.1600       1.1919791      0.19291101
       4618.7600       1.2451192      0.19302674
       4621.3600       1.2331617      0.19314204
       4623.9500       1.2027189      0.19325648
       4626.5500       1.1332096      0.19337093
       4629.1500       1.1448976      0.19348496
       4631.7400       1.0239849      0.19359813
       4634.3400       1.0709167      0.19371132
       4636.9300       1.1522438      0.19382364
       4639.5300       1.5455643      0.19393598
       4642.1300       2.3192498      0.19404790
       4644.7200       1.5884737      0.19415896
       4647.3200       1.1090151      0.19427004
       4649.9200      0.94151795      0.19438069
       4652.5100       1.0236356      0.19449050
       4655.1100       1.1247355      0.19460031
       4657.7000      0.99558131      0.19470928
       4660.3000      0.93963449      0.19481825
       4662.9000       1.0730327      0.19492680
       4665.4900       1.0222582      0.19503451
       4668.0900      0.91487603      0.19514223
       4670.6900      0.96660378      0.19524952
       4673.2800       1.0635605      0.19535598
       4675.8800       1.0544776      0.19546244
       4678.4800       1.1235976      0.19556848
       4681.0700       1.0762367      0.19567370
       4683.6700       1.0724638      0.19577890
       4686.2600       1.0946820      0.19588329
       4688.8600       1.1032958      0.19598766
       4691.4600      0.97724278      0.19609162
       4694.0500      0.92345391      0.19619476
       4696.6500      0.93880704      0.19629789
       4699.2500      0.91504871      0.19640060
       4701.8400      0.91810396      0.19650250
       4704.4400      0.92157444      0.19660438
       4707.0300      0.94586178      0.19670545
       4709.6300       1.0616940      0.19680651
       4712.2300       1.0228171      0.19690715
       4714.8200      0.87410369      0.19700699
       4717.4200      0.91621452      0.19710680
       4720.0200      0.92545415      0.19720620
       4722.6100      0.91477622      0.19730481
       4725.2100      0.93836388      0.19740338
       4727.8000      0.87357867      0.19750117
       4730.4000      0.84832615      0.19759892
       4733.0000      0.78675390      0.19769627
       4735.5900      0.88116641      0.19779282
       4738.1900      0.88523775      0.19788935
       4740.7900      0.81387691      0.19798546
       4743.3800      0.79002775      0.19808079
       4745.9800      0.79232243      0.19817608
       4748.5700      0.68187707      0.19827060
       4751.1700      0.59157783      0.19836507
       4753.7700      0.53498523      0.19845914
       4756.3600      0.49333353      0.19855244
       4758.9600      0.41918992      0.19864569
       4761.5600      0.33592247      0.19873853
       4764.1500      0.28870923      0.19883061
       4766.7500      0.23453707      0.19892264
       4769.3400      0.23512896      0.19901391
       4771.9400      0.23339921      0.19910512
       4774.5400      0.20541781      0.19919593
       4777.1300      0.22834771      0.19928599
       4779.7300      0.27187288      0.19937599
       4782.3300      0.38153272      0.19946558
       4784.9200      0.53689464      0.19955442
       4787.5200      0.74980736      0.19964321
       4790.1100       1.0434583      0.19973125
       4792.7100       1.3619096      0.19981923
       4795.3100       1.6778257      0.19990680
       4797.9000       1.8969837      0.19999364
       4800.5000       2.0378988      0.20008040
       4803.1000       2.1333892      0.20016677
       4805.6900       2.0411826      0.20025240
       4808.2900       1.8371761      0.20033796
       4810.8800       1.6578433      0.20042279
       4813.4800       1.5465425      0.20050755
       4816.0800       1.5114485      0.20059191
       4818.6700       1.4664531      0.20067555
       4821.2700       1.4131034      0.20075910
       4823.8700       1.3414680      0.20084226
       4826.4600       1.2977602      0.20092470
       4829.0600       1.3106759      0.20100706
       4831.6500       1.2648022      0.20108870
       4834.2500       1.2310456      0.20117026
       4836.8500       1.2357268      0.20125143
       4839.4400       1.0976764      0.20133188
       4842.0400       1.0274484      0.20141225
       4844.6400      0.98871621      0.20149222
       4847.2300      0.96803010      0.20157148
       4849.8300       1.0177466      0.20165066
       4852.4200       1.0192638      0.20172914
       4855.0200       1.0803390      0.20180752
       4857.6200       1.1340280      0.20188551
       4860.2100       1.1655088      0.20196280
       4862.8100       1.2129896      0.20204000
       4865.4100       1.2549507      0.20211680
       4868.0000       1.3702439      0.20219291
       4870.6000       1.3965445      0.20226893
       4873.1900       1.4046093      0.20234426
       4875.7900       1.5061285      0.20241948
       4878.3900       1.5373298      0.20249432
       4880.9800       1.5566136      0.20256847
       4883.5800       1.6637422      0.20264252
       4886.1800       1.8131114      0.20271617
       4888.7700       1.7825588      0.20278916
       4891.3700       1.7752825      0.20286203
       4893.9700       1.8022717      0.20293451
       4896.5600       1.8710923      0.20300632
       4899.1600       1.7721783      0.20307802
       4901.7500       1.7357169      0.20314905
       4904.3500       1.7477343      0.20321997
       4906.9500       1.7212441      0.20329050
       4909.5400       1.6798619      0.20336037
       4912.1400       1.5986146      0.20343012
       4914.7400       1.5303729      0.20349948
       4917.3300       1.4686390      0.20356819
       4919.9300       1.3767417      0.20363677
       4922.5200       1.3667405      0.20370471
       4925.1200       1.2554797      0.20377252
       4927.7200       1.1628838      0.20383994
       4930.3100       1.0991736      0.20390672
       4932.9100       1.0303929      0.20397337
       4935.5100      0.95138739      0.20403963
       4938.1000      0.83036292      0.20410525
       4940.7000      0.74471893      0.20417074
       4943.2900      0.60906895      0.20423560
       4945.8900      0.64054178      0.20430032
       4948.4900      0.59621512      0.20436466
       4951.0800      0.70391664      0.20442836
       4953.6800      0.89142812      0.20449193
       4956.2800       1.0360323      0.20455511
       4958.8700       1.0890626      0.20461767
       4961.4700       1.2307761      0.20468009
       4964.0600       1.3884397      0.20474189
       4966.6600       1.3692758      0.20480354
       4969.2600       1.3962550      0.20486481
       4971.8500       1.4161676      0.20492547
       4974.4500       1.4112868      0.20498597
       4977.0500       1.4401725      0.20504610
       4979.6400       1.4486166      0.20510562
       4982.2400       1.4668623      0.20516498
       4984.8300       1.4303809      0.20522374
       4987.4300       1.4614026      0.20528234
       4990.0300       1.4728211      0.20534057
       4992.6200       1.4123148      0.20539819
       4995.2200       1.3988202      0.20545566
       4997.8200       1.4087915      0.20551103
       5000.4100       1.3828203      0.20557091
       5003.0100       1.3650138      0.20562753
       5005.6000       1.3566994      0.20568087
       5008.2000       1.3810636      0.20573343
       5010.8000       1.3381942      0.20578890
       5013.3900       1.2989779      0.20584427
       5015.9900       1.2616780      0.20590051
       5018.5900       1.2526251      0.20595638
       5021.1800       1.2852338      0.20601004
       5023.7800       1.2528247      0.20606478
       5026.3700       1.2443406      0.20611803
       5028.9700       1.2044456      0.20617075
       5031.5700       1.2214038      0.20622278
       5034.1600       1.2498802      0.20627417
       5036.7600       1.1765681      0.20632229
       5039.3600       1.1845431      0.20637078
       5041.9500       1.2480437      0.20642042
       5044.5500       1.2346189      0.20647196
       5047.1500       1.2348784      0.20652415
       5049.7400       1.2355871      0.20657606
       5052.3400       1.2198966      0.20662618
       5054.9300       1.2633749      0.20667343
       5057.5300       1.2821995      0.20672017
       5060.1300       1.3302092      0.20676684
       5062.7200       1.2932287      0.20681603
       5065.3200       1.2354973      0.20686551
       5067.9200       1.2277119      0.20691308
       5070.5100       1.2393301      0.20695786
       5073.1100       1.2838863      0.20700138
       5075.7000       1.2871202      0.20704378
       5078.3000       1.2626462      0.20708914
       5080.9000       1.2289496      0.20713601
       5083.4900       1.1789236      0.20718382
       5086.0900       1.1135066      0.20723048
       5088.6900      0.98830499      0.20727504
       5091.2800      0.88146285      0.20731706
       5093.8800      0.79814648      0.20735875
       5096.4700      0.68593844      0.20740112
       5099.0700      0.68814928      0.20744362
       5101.6700      0.67996167      0.20748627
       5104.2600      0.64329760      0.20752819
       5106.8600      0.69586877      0.20757025
       5109.4600      0.76832754      0.20761132
       5112.0500      0.80262806      0.20765237
       5114.6500      0.77984290      0.20769374
       5117.2400      0.73223839      0.20773418
       5119.8400      0.77469557      0.20777300
       5122.4400      0.86724658      0.20781111
       5125.0300      0.90846109      0.20784881
       5127.6300      0.99036412      0.20788633
       5130.2300       1.0385875      0.20792411
       5132.8200       1.0909989      0.20796242
       5135.4200       1.1475726      0.20800134
       5138.0100       1.1427217      0.20803960
       5140.6100       1.1951032      0.20807667
       5143.2100       1.3042480      0.20811223
       5145.8000       1.3140097      0.20814773
       5148.4000       1.2625065      0.20818403
       5151.0000       1.2613786      0.20821928
       5153.5900       1.3134607      0.20825286
       5156.1900       1.3792969      0.20828629
       5158.7800       1.3906755      0.20832146
       5161.3800       1.3457300      0.20835689
       5163.9800       1.3550325      0.20839071
       5166.5700       1.4051783      0.20842197
       5169.1700       1.3748453      0.20845286
       5171.7700       1.3571585      0.20848520
       5174.3600       1.3559508      0.20851883
       5176.9600       1.3960255      0.20855180
       5179.5500       1.4417395      0.20858397
       5182.1500       1.4950892      0.20861510
       5184.7500       1.5351140      0.20864622
       5187.3400       1.5561444      0.20867564
       5189.9400       1.5599273      0.20870380
       5192.5400       1.5401845      0.20873163
       5195.1300       1.5133948      0.20876034
       5197.7300       1.4962071      0.20879097
       5200.3200       1.4380265      0.20882051
       5202.9200       1.3641654      0.20884942
       5205.5200       1.2548209      0.20887836
       5208.1100       1.1379307      0.20890491
       5210.7100       1.1465744      0.20893140
       5213.3100       1.1654589      0.20895812
       5215.9000       1.1631433      0.20898407
       5218.5000       1.2154849      0.20901062
       5221.0900       1.3363177      0.20903599
       5223.6900       1.4695972      0.20906137
       5226.2900       1.5441370      0.20908594
       5228.8800       1.6079670      0.20911034
       5231.4800       1.6591508      0.20913458
       5234.0800       1.7768495      0.20915789
       5236.6700       1.8013934      0.20918147
       5239.2700       1.7488522      0.20920583
       5241.8600       1.6269014      0.20922889
       5244.4600       1.5808280      0.20925195
       5247.0600       1.4879826      0.20927336
       5249.6500       1.4327065      0.20929477
       5252.2500       1.2785364      0.20931550
       5254.8500       1.2102048      0.20933678
       5257.4400       1.2458478      0.20935753
       5260.0400       1.2377730      0.20937879
       5262.6400       1.2142971      0.20939969
       5265.2300       1.2383220      0.20941964
       5267.8300       1.2602407      0.20943980
       5270.4200       1.2267138      0.20945800
       5273.0200       1.2293688      0.20947649
       5275.6200       1.2470056      0.20949461
       5278.2100       1.2399190      0.20951274
       5280.8100       1.3016928      0.20953136
       5283.4100       1.3900467      0.20954877
       5286.0000       1.4403521      0.20956619
       5288.6000       1.5622829      0.20958168
       5291.1900       1.6552781      0.20959754
       5293.7900       1.6822973      0.20961303
       5296.3900       1.7067713      0.20962882
       5298.9800       1.6957121      0.20964419
       5301.5800       1.7603505      0.20965920
       5304.1800       1.6856410      0.20967347
       5306.7700       1.6812293      0.20968689
       5309.3700       1.7098555      0.20970108
       5311.9600       1.6272707      0.20971492
       5314.5600       1.5723240      0.20972896
       5317.1600       1.6405358      0.20974237
       5319.7500       1.6552382      0.20975494
       5322.3500       1.5602567      0.20976791
       5324.9500       1.6182477      0.20977972
       5327.5400       1.6576836      0.20979144
       5330.1400       1.7068910      0.20980204
       5332.7300       1.6563061      0.20981329
       5335.3300       1.6767976      0.20982417
       5337.9300       1.7101749      0.20983516
       5340.5200       1.6551383      0.20984444
       5343.1200       1.6420529      0.20985329
       5345.7200       1.6585519      0.20986061
       5348.3100       1.5917675      0.20986984
       5350.9100       1.5350741      0.20987928
       5353.5000       1.5408332      0.20988767
       5356.1000       1.5498862      0.20989678
       5358.7000       1.5821356      0.20990508
       5361.2900       1.5259412      0.20991083
       5363.8900       1.5181259      0.20991771
       5366.4900       1.6068791      0.20992362
       5369.0800       1.6215016      0.20993014
       5371.6800       1.5890226      0.20993600
       5374.2700       1.6395976      0.20994186
       5376.8700       1.6673354      0.20994692
       5379.4700       1.6627840      0.20995196
       5382.0600       1.7376033      0.20995620
       5384.6600       1.7406376      0.20995944
       5387.2600       1.6784545      0.20996293
       5389.8500       1.6363337      0.20996628
       5392.4500       1.6564159      0.20997052
       5395.0400       1.7396395      0.20997515
       5397.6400       1.8067034      0.20997958
       5400.2400       1.8467781      0.20998181
       5402.8300       1.8260670      0.20998240
       5405.4300       1.8185511      0.20998146
       5408.0300       1.8414481      0.20998069
       5410.6200       1.8885895      0.20998104
       5413.2200       1.8933505      0.20998305
       5415.8100       1.9061664      0.20998515
       5418.4100       1.9519304      0.20998584
       5421.0100       1.9349723      0.20998551
       5423.6000       1.8984509      0.20998397
       5426.2000       1.8581766      0.20998167
       5428.8000       1.8800455      0.20997986
       5431.3900       1.8781391      0.20997996
       5433.9900       1.8741765      0.20997882
       5436.5800       1.8314169      0.20997740
       5439.1800       1.7527049      0.20997462
       5441.7800       1.6828662      0.20997131
       5444.3700       1.6384298      0.20996668
       5446.9700       1.5904300      0.20996270
       5449.5700       1.5141933      0.20995936
       5452.1600       1.4304807      0.20995643
       5454.7600       1.4015750      0.20995264
       5457.3600       1.3848665      0.20994762
       5459.9500       1.3378548      0.20994186
       5462.5500       1.3083603      0.20993520
       5465.1400       1.2866012      0.20992790
       5467.7400       1.2599713      0.20992052
       5470.3400       1.2321336      0.20991382
       5472.9300       1.2631253      0.20990717
       5475.5300       1.2927995      0.20990061
       5478.1300       1.2841658      0.20989390
       5480.7200       1.3063940      0.20988755
       5483.3200       1.3877011      0.20987938
       5485.9100       1.4576995      0.20987125
       5488.5100       1.4489859      0.20986267
       5491.1100       1.5050206      0.20985306
       5493.7000       1.5395057      0.20984369
       5496.3000       1.4774724      0.20983543
       5498.9000       1.4725516      0.20982554
       5501.4900       1.4670619      0.20981417
       5504.0900       1.4156985      0.20980167
       5506.6800       1.3615303      0.20978930
       5509.2800       1.3324450      0.20977735
       5511.8800       1.3770412      0.20976719
       5514.4700       1.3562203      0.20975593
       5517.0700       1.3034994      0.20974408
       5519.6700       1.3537649      0.20973084
       5522.2600       1.3651835      0.20971819
       5524.8600       1.3316166      0.20970458
       5527.4500       1.2658702      0.20969225
       5530.0500       1.2382022      0.20967932
       5532.6500       1.2772987      0.20966533
       5535.2400       1.2707809      0.20965058
       5537.8400       1.2293388      0.20963585
       5540.4400       1.1988961      0.20962059
       5543.0300       1.2127001      0.20960519
       5545.6300       1.1879966      0.20958848
       5548.2200       1.1340280      0.20957282
       5550.8200       1.1608476      0.20955593
       5553.4200       1.2134288      0.20953913
       5556.0100       1.2146265      0.20952274
       5558.6100       1.1949734      0.20950572
       5561.2100       1.2459277      0.20948824
       5563.8000       1.2518665      0.20947022
       5566.4000       1.1338983      0.20945273
       5569.0000       1.1228690      0.20943489
       5571.5900       1.1381203      0.20941623
       5574.1900       1.1290773      0.20939727
       5576.7800       1.1579630      0.20937711
       5579.3800       1.1050525      0.20935731
       5581.9800       1.0962690      0.20933709
       5584.5700       1.0935940      0.20931722
       5587.1700       1.0112688      0.20929672
       5589.7700      0.99316685      0.20927492
       5592.3600      0.98414481      0.20925373
       5594.9600      0.96249750      0.20923205
       5597.5500      0.97086477      0.20921065
       5600.1500      0.96035054      0.20919056
       5602.7500      0.91349663      0.20916774
       5605.3400      0.84175949      0.20914423
       5607.9400      0.88854054      0.20912042
       5610.5300       1.0031341      0.20909708
       5613.1300      0.98584461      0.20907350
       5615.7300      0.96602188      0.20904910
       5618.3200      0.93999281      0.20902483
       5620.9200      0.97406176      0.20900022
       5623.5200       1.0038827      0.20897606
       5626.1100       1.0219787      0.20895141
       5628.7100       1.0609354      0.20892571
       5631.3100       1.0658262      0.20889973
       5633.9000      0.98083603      0.20887369
       5636.5000       1.0315207      0.20884737
       5639.0900       1.1075977      0.20882105
       5641.6900       1.1559269      0.20879442
       5644.2900       1.1399669      0.20876758
       5646.8800       1.0545974      0.20873955
       5649.4800       1.0239949      0.20871157
       5652.0800       1.0828842      0.20868192
       5654.6700       1.0373099      0.20865294
       5657.2700       1.0005889      0.20862515
       5659.8600       1.0377690      0.20859655
       5662.4600       1.0333872      0.20856706
       5665.0600       1.0241147      0.20853669
       5667.6500       1.0189843      0.20850608
       5670.2500       1.0383080      0.20847608
       5672.8500       1.0528506      0.20844651
       5675.4400      0.91758494      0.20841771
       5678.0400      0.99739290      0.20838703
       5680.6300       1.1044636      0.20835407
       5683.2300       1.1046233      0.20831983
       5685.8300       1.0964287      0.20828632
       5688.4200       1.1038048      0.20825522
       5691.0200       1.0808580      0.20822378
       5693.6200       1.0273186      0.20819334
       5696.2100       1.0093624      0.20816107
       5698.8100       1.0384677      0.20812736
       5701.4000      0.99303809      0.20809180
       5704.0000      0.98865732      0.20805643
       5706.6000      0.99095301      0.20802167
       5709.1900      0.96336587      0.20798852
       5711.7900      0.97373138      0.20795554
       5714.3900      0.95734319      0.20792146
       5716.9800      0.97190482      0.20788683
       5719.5800      0.95672735      0.20785051
       5722.1700      0.96173494      0.20781402
       5724.7700      0.97381024      0.20777549
       5727.3700      0.93573083      0.20773644
       5729.9600      0.91948537      0.20769941
       5732.5600      0.89523895      0.20766313
       5735.1600      0.86357248      0.20762635
       5737.7500      0.90745898      0.20758960
       5740.3500      0.96563461      0.20755032
       5742.9400      0.85697988      0.20750985
       5745.5400      0.87362958      0.20746930
       5748.1400      0.83416377      0.20743129
       5750.7300      0.79304208      0.20739331
       5753.3300      0.78268855      0.20735606
       5755.9300      0.84083124      0.20731775
       5758.5200      0.79583184      0.20727663
       5761.1200      0.69363996      0.20723584
       5763.7100      0.68291213      0.20719399
       5766.3100      0.60076756      0.20715204
       5768.9100      0.59363097      0.20711101
       5771.5000      0.59557332      0.20707003
       5774.1000      0.65025851      0.20702886
       5776.7000      0.54025233      0.20698803
       5779.2900      0.41779854      0.20694733
       5781.8900      0.37352078      0.20690527
       5784.4900      0.32941270      0.20686212
       5787.0800      0.33941889      0.20681727
       5789.6800      0.30119276      0.20677271
       5792.2700      0.34005070      0.20672777
       5794.8700      0.27437917      0.20668362
       5797.4700      0.29787300      0.20663956
       5800.0600      0.24353316      0.20659495
       5802.6600      0.22442308      0.20654999
       5805.2500      0.28768216      0.20650519
       5807.8500      0.33963848      0.20645922
       5810.4500      0.36911606      0.20641327
       5813.0400      0.37981595      0.20636781
       5815.6400      0.40816066      0.20632219
       5818.2400      0.45629916      0.20627580
       5820.8300      0.59599553      0.20622901
       5823.4300      0.67829580      0.20618118
       5826.0300      0.68878109      0.20613361
       5828.6200      0.72793448      0.20608653
       5831.2200      0.81122789      0.20603852
       5833.8100      0.96444784      0.20599020
       5836.4100       1.0212500      0.20594155
       5839.0100       1.1118298      0.20589247
       5841.6000       1.2329720      0.20584433
       5844.2000       1.4368288      0.20579471
       5846.8000       1.5532399      0.20574597
       5849.3900       1.8689564      0.20569577
       5851.9900       2.0900208      0.20564449
       5854.5800       2.2171917      0.20559311
       5857.1800       2.2610492      0.20554241
       5859.7800       2.3950273      0.20549452
       5862.3700       2.4659640      0.20545497
       5864.9700       2.4663333      0.20543485
       5867.5700       2.4764842      0.20545533
       5870.1600       2.4349523      0.20553743
       5872.7600       2.4251707      0.20570286
       5875.3500       2.3875414      0.20596181
       5877.9500       2.3434842      0.20629951
       5880.5500       2.3911846      0.20666850
       5883.1400       2.4867948      0.20698418
       5885.7400       2.4911666      0.20717238
       5888.3400       2.4165669      0.20721534
       5890.9300       2.4605142      0.20717325
       5893.5300       2.4379167      0.20709740
       5896.1200       2.2998663      0.20696620
       5898.7200       2.4025133      0.20672566
       5901.3200       2.3832994      0.20640824
       5903.9100       2.1468938      0.20612770
       5906.5100       2.1342376      0.20597644
       5909.1100       2.0347347      0.20597652
       5911.7000       2.0692498      0.20609731
       5914.3000       2.0485188      0.20625538
       5916.8900       1.8583862      0.20631568
       5919.4900       1.9258694      0.20616139
       5922.0900       1.8077215      0.20580065
       5924.6800       1.6780952      0.20536867
       5927.2800       1.6912405      0.20502670
       5929.8800       1.5155907      0.20487828
       5932.4700       1.5929453      0.20497273
       5935.0700       1.5509043      0.20529047
       5937.6700       1.4109275      0.20571175
       5940.2600       1.3772108      0.20601982
       5942.8600       1.4143311      0.20603639
       5945.4500       1.4136623      0.20574908
       5948.0500       1.3690162      0.20530758
       5950.6500       1.3810536      0.20490231
       5953.2400       1.3331237      0.20462675
       5955.8400       1.3823013      0.20445796
       5958.4400       1.4738192      0.20435288
       5961.0300       1.3769414      0.20430216
       5963.6300       1.2606699      0.20428835
       5966.2200       1.2083782      0.20426015
       5968.8200       1.2433425      0.20418343
       5971.4200       1.1708887      0.20406476
       5974.0100       1.1349164      0.20391866
       5976.6100       1.1545195      0.20375081
       5979.2100       1.1519344      0.20358430
       5981.8000       1.1992554      0.20345283
       5984.4000       1.0776340      0.20336337
       5986.9900       1.0571825      0.20328242
       5989.5900       1.0380984      0.20317190
       5992.1900       1.0410428      0.20302963
       5994.7800       1.1265321      0.20287440
       5997.3800       1.0760071      0.20272190
       5999.9800       1.0613347      0.20257647
       6002.5700      0.99385555      0.20243713
       6005.1700      0.97703218      0.20230771
       6007.7600      0.93643251      0.20219642
       6010.3600      0.96462151      0.20210318
       6012.9600      0.92221224      0.20202275
       6015.5500      0.85194135      0.20194917
       6018.1500      0.91613167      0.20187916
       6020.7500      0.94737993      0.20181098
       6023.3400       1.0314109      0.20174324
       6025.9400       1.0614345      0.20167624
       6028.5300      0.96461253      0.20160959
       6031.1300      0.92201461      0.20154189
       6033.7300      0.91534715      0.20147281
       6036.3200      0.96435901      0.20140431
       6038.9200       1.0217591      0.20133514
       6041.5200       1.0067373      0.20126527
       6044.1100       1.0269493      0.20119610
       6046.7100      0.97138779      0.20112565
       6049.3000      0.99273466      0.20105586
       6051.9000      0.98315167      0.20098551
       6054.5000      0.93909151      0.20091574
       6057.0900      0.96328602      0.20084524
       6059.6900       1.0328383      0.20077483
       6062.2900       1.0052801      0.20070364
       6064.8800      0.95638999      0.20063221
       6067.4800      0.97881283      0.20055966
       6070.0700       1.0563041      0.20048793
       6072.6700      0.96657584      0.20041504
       6075.2700      0.86951831      0.20034231
       6077.8600      0.92226015      0.20026959
       6080.4600       1.0488182      0.20019685
       6083.0600       1.0368906      0.20012388
       6085.6500      0.99013854      0.20005057
       6088.2500      0.97963229      0.19997695
       6090.8400       1.0571526      0.19990335
       6093.4400       1.0333273      0.19982896
       6096.0400      0.99307202      0.19975506
       6098.6300       1.1039845      0.19967923
       6101.2300       1.0939434      0.19960404
       6103.8300       1.1178784      0.19952857
       6106.4200       1.1516848      0.19945222
       6109.0200       1.2675670      0.19937741
       6111.6100       1.3288917      0.19930077
       6114.2100       1.3564998      0.19922528
       6116.8100       1.5362918      0.19914922
       6119.4000       1.6284286      0.19907303
       6122.0000       1.6507067      0.19899625
       6124.6000       1.7479538      0.19891926
       6127.1900       1.7459776      0.19884178
       6129.7900       1.8141294      0.19876355
       6132.3800       1.8777299      0.19868590
       6134.9800       1.8992694      0.19860756
       6137.5800       1.8359584      0.19852865
       6140.1700       1.8009941      0.19845030
       6142.7700       1.8052362      0.19837153
       6145.3700       1.7156446      0.19829271
       6147.9600       1.5949215      0.19821341
       6150.5600       1.6064698      0.19813476
       6153.1600       1.6575638      0.19805512
       6155.7500       1.6443686      0.19797456
       6158.3500       1.7076197      0.19789412
       6160.9400       1.8711423      0.19781383
       6163.5400       1.6091448      0.19773306
       6166.1400       1.3514393      0.19765222
       6168.7300       1.2517567      0.19757150
       6171.3300       1.2093764      0.19749037
       6173.9300       1.2047551      0.19740890
       6176.5200       1.1831956      0.19732709
       6179.1200       1.1044237      0.19724389
       6181.7100       1.0730626      0.19716103
       6184.3100       1.0201222      0.19707766
       6186.9100       1.0242544      0.19699500
       6189.5000      0.93982213      0.19691350
       6192.1000      0.92264742      0.19683096
       6194.7000      0.88606819      0.19674724
       6197.2900      0.85060886      0.19666339
       6199.8900      0.91012197      0.19657854
       6202.4800      0.91976185      0.19649402
       6205.0800      0.97008025      0.19641024
       6207.6800       1.0508245      0.19632563
       6210.2700       1.0365613      0.19624059
       6212.8700       1.0225476      0.19615603
       6215.4700       1.1108516      0.19607001
       6218.0600       1.1713778      0.19598494
       6220.6600       1.1431908      0.19589812
       6223.2500       1.1444484      0.19581265
       6225.8500       1.1859704      0.19572606
       6228.4500       1.2216134      0.19563994
       6231.0400       1.2321635      0.19555351
       6233.6400       1.2761708      0.19546698
       6236.2400       1.2686150      0.19538016
       6238.8300       1.3020721      0.19529293
       6241.4300       1.3049667      0.19520500
       6244.0200       1.2929393      0.19511757
       6246.6200       1.2911227      0.19503213
       6249.2200       1.3841578      0.19495131
       6251.8100       1.3933804      0.19488048
       6254.4100       1.4156985      0.19482543
       6257.0100       1.5076456      0.19479972
       6259.6000       1.4793688      0.19483606
       6262.2000       1.4228251      0.19501572
       6264.7900       1.3680481      0.19549046
       6267.3900       1.3331437      0.19645153
       6269.9900       1.3466483      0.19792007
       6272.5800       1.2562582      0.19954081
       6275.1800       1.1923584      0.20065735
       6277.7800       1.2625963      0.20076863
       6280.3700       1.2518465      0.19998775
       6282.9700       1.1152134      0.19891999
       6285.5600       1.1823572      0.19811655
       6288.1600       1.2442907      0.19771940
       6290.7600       1.2153851      0.19755405
       6293.3500       1.1987663      0.19739109
       6295.9500       1.2273725      0.19711405
       6298.5500       1.1902823      0.19673551
       6301.1400       1.1660878      0.19631732
       6303.7400       1.1674851      0.19590712
       6306.3300       1.1480916      0.19553055
       6308.9300       1.1577534      0.19518906
       6311.5300       1.2017607      0.19488137
       6314.1200       1.2119316      0.19459911
       6316.7200       1.2054737      0.19432696
       6319.3200       1.2394698      0.19405969
       6321.9100       1.3066535      0.19380057
       6324.5100       1.3336727      0.19355750
       6327.1000       1.3699046      0.19333637
       6329.7000       1.3758933      0.19313843
       6332.3000       1.3124027      0.19296129
       6334.8900       1.2926897      0.19280740
       6337.4900       1.2481036      0.19266842
       6340.0900       1.2419252      0.19253483
       6342.6800       1.2887871      0.19239613
       6345.2800       1.2468260      0.19224626
       6347.8800       1.2523556      0.19208917
       6350.4700       1.2419252      0.19193362
       6353.0700       1.2347387      0.19178484
       6355.6600       1.1603785      0.19164542
       6358.2600       1.2022298      0.19150935
       6360.8600       1.1734439      0.19137466
       6363.4500       1.1464347      0.19124322
       6366.0500       1.1134866      0.19111220
       6368.6500       1.0734819      0.19097321
       6371.2400       1.0191740      0.19082938
       6373.8400       1.0646085      0.19068573
       6376.4300       1.0104803      0.19055580
       6379.0300      0.99437957      0.19044299
       6381.6300      0.99812353      0.19034292
       6384.2200       1.0247036      0.19023900
       6386.8200       1.0209905      0.19012067
       6389.4200      0.98992893      0.18998293
       6392.0100      0.97796742      0.18983712
       6394.6100       1.0527309      0.18969624
       6397.2000       1.0985547      0.18956847
       6399.8000       1.1148541      0.18945278
       6402.4000       1.0561944      0.18934555
       6404.9900       1.0546173      0.18924251
       6407.5900       1.0739510      0.18914067
       6410.1900       1.0532100      0.18903911
       6412.7800       1.0779435      0.18893784
       6415.3800       1.0678325      0.18883448
       6417.9700       1.0804987      0.18873268
       6420.5700       1.1387591      0.18862941
       6423.1700       1.1901326      0.18852663
       6425.7600       1.1902224      0.18842355
       6428.3600       1.2106340      0.18832108
       6430.9600       1.1649798      0.18821800
       6433.5500       1.1029465      0.18811710
       6436.1500       1.0505749      0.18801723
       6438.7400      0.98207370      0.18792047
       6441.3400      0.90098814      0.18782876
       6443.9400      0.87985887      0.18774604
       6446.5300      0.78985807      0.18768250
       6449.1300      0.71420829      0.18764748
       6451.7300      0.62072703      0.18764544
       6454.3200      0.56420030      0.18767043
       6456.9200      0.48364674      0.18771446
       6459.5100      0.44779415      0.18777820
       6462.1100      0.44027828      0.18787546
       6464.7100      0.43613307      0.18801826
       6467.3000      0.43142193      0.18819705
       6469.9000      0.45184254      0.18836691
       6472.5000      0.47046253      0.18846161
       6475.0900      0.50879347      0.18844026
       6477.6900      0.58756138      0.18830625
       6480.2800      0.67759812      0.18809912
       6482.8800      0.77125105      0.18785690
       6485.4800      0.85904000      0.18760145
       6488.0700      0.96242863      0.18732900
       6490.6700       1.1207929      0.18701566
       6493.2700       1.3019823      0.18665604
       6495.8600       1.5669541      0.18629002
       6498.4600       1.9320677      0.18598454
       6501.0500       2.3908252      0.18581033
       6503.6500       3.0086437      0.18580969
       6506.2500       3.6912904      0.18598080
       6508.8400       4.5448058      0.18624623
       6511.4400       5.5616441      0.18645913
       6514.0400       6.5610652      0.18646047
       6516.6300       7.5448257      0.18619750
       6519.2300       8.4168763      0.18575387
       6521.8300       8.9187927      0.18529098
       6524.4200       9.4475686      0.18493057
       6527.0200       9.6215315      0.18469835
       6529.6100       10.386673      0.18455588
       6532.2100       10.475306      0.18445664
       6534.8100       10.514732      0.18439172
       6537.4000       10.552262      0.18437272
       6540.0000       10.590091      0.18439024
       6542.6000       10.642093      0.18440410
       6545.1900       10.637202      0.18437227
       6547.7900       10.563241      0.18428122
       6550.3800       10.477702      0.18414575
       6552.9800       10.341059      0.18399148
       6555.5800       10.244141      0.18383862
       6558.1700       10.082744      0.18368853
       6560.7700       9.8329940      0.18352993
       6563.3700       9.4415698      0.18336082
       6565.9600       8.9883120      0.18318866
       6568.5600       8.6063700      0.18301256
       6571.1500       8.1111111      0.18282142
       6573.7500       7.5438975      0.18260951
       6576.3500       7.1318621      0.18239535
       6578.9400       6.8173534      0.18219768
       6581.5400       6.5766359      0.18201562
       6584.1400       6.3785184      0.18183640
       6586.7300       5.9912864      0.18165842
       6589.3300       5.6412345      0.18149159
       6591.9200       5.2545315      0.18135156
       6594.5200       4.9372979      0.18123662
       6597.1200       4.5773346      0.18113498
       6599.7100       4.2395896      0.18103601
       6602.3100       3.9409111      0.18093529
       6604.9100       3.4517307      0.18083142
       6607.5000       3.2846548      0.18072533
       6610.1000       3.0645486      0.18061551
       6612.6900       2.8445123      0.18050273
       6615.2900       2.6745119      0.18038712
       6617.8900       2.4591867      0.18027070
       6620.4800       2.2859125      0.18015365
       6623.0800       2.0972472      0.18003634
       6625.6800       1.9791093      0.17991888
       6628.2700       1.8734978      0.17980124
       6630.8700       1.7979898      0.17968386
       6633.4600       1.6346668      0.17956624
       6636.0600       1.5515631      0.17944822
       6638.6600       1.6019683      0.17932965
       6641.2500       1.5567034      0.17921043
       6643.8500       1.5123468      0.17909033
       6646.4500       1.4478281      0.17897058
       6649.0400       1.3869226      0.17885181
       6651.6400       1.3153372      0.17873161
       6654.2300       1.3096678      0.17861343
       6656.8300       1.3153372      0.17849351
       6659.4300       1.3009941      0.17837343
       6662.0200       1.2408173      0.17825392
       6664.6200       1.1933465      0.17813385
       6667.2200       1.1746616      0.17801300
       6669.8100       1.1892143      0.17789298
       6672.4100       1.1645606      0.17777241
       6675.0000       1.1530922      0.17765134
       6677.6000       1.1669461      0.17753055
       6680.2000       1.1323013      0.17740864
       6682.7900       1.1228690      0.17728753
       6685.3900       1.1160319      0.17716597
       6687.9900       1.0843414      0.17704402
       6690.5800       1.0789915      0.17692197
       6693.1800       1.0625025      0.17679962
       6695.7700      0.98896275      0.17667743
       6698.3700      0.92885675      0.17655521
       6700.9700      0.96135266      0.17643242
       6703.5600      0.98236316      0.17631015
       6706.1600       1.0242344      0.17618677
       6708.7600       1.0356729      0.17606322
       6711.3500      0.95984250      0.17593989
       6713.9500      0.92133389      0.17581629
       6716.5500      0.95185950      0.17569273
       6719.1400      0.97044157      0.17556875
       6721.7400      0.95512836      0.17544506
       6724.3300      0.94907274      0.17532106
       6726.9300      0.92581846      0.17519741
       6729.5300      0.90023755      0.17507243
       6732.1200      0.90804587      0.17494766
       6734.7200      0.90047610      0.17482332
       6737.3200      0.95366212      0.17469805
       6739.9100      0.92533737      0.17457364
       6742.5100      0.91335090      0.17444760
       6745.1000      0.93660219      0.17432256
       6747.7000      0.91303549      0.17419625
       6750.3000      0.89854673      0.17406976
       6752.8900      0.88619495      0.17394434
       6755.4900      0.88687368      0.17381759
       6758.0900      0.89602946      0.17369134
       6760.6800      0.89254402      0.17356534
       6763.2800      0.88842676      0.17343868
       6765.8700      0.88290214      0.17331210
       6768.4700      0.89696271      0.17318536
       6771.0700      0.93132211      0.17305804
       6773.6600      0.86822374      0.17293143
       6776.2600      0.85653172      0.17280360
       6778.8600      0.93751747      0.17267596
       6781.4500      0.94785703      0.17254811
       6784.0500      0.89100890      0.17242021
       6786.6400      0.91765481      0.17229248
       6789.2400      0.91760490      0.17216367
       6791.8400      0.91395177      0.17203524
       6794.4300      0.93167345      0.17190692
       6797.0300      0.91516848      0.17177855
       6799.6300      0.93790075      0.17164939
       6802.2200      0.97015611      0.17152011
       6804.8200      0.96965405      0.17139091
       6807.4100      0.95684713      0.17126178
       6810.0100      0.92262147      0.17113204
       6812.6100      0.88155867      0.17100245
       6815.2000      0.89703158      0.17087286
       6817.8000      0.91275901      0.17074301
       6820.4000      0.87035373      0.17061328
       6822.9900      0.84316984      0.17048388
       6825.5900      0.90364615      0.17035304
       6828.1900      0.89910568      0.17022202
       6830.7800      0.87941769      0.17009107
       6833.3800      0.87803330      0.16995905
       6835.9700      0.87953847      0.16982760
       6838.5700      0.90282868      0.16969670
       6841.1700      0.90264303      0.16956810
       6843.7600      0.93070328      0.16945284
       6846.3600      0.88976724      0.16938757
       6848.9600      0.87986885      0.16950171
       6851.5500      0.90173873      0.17011056
       6854.1500      0.86378009      0.17185655
       6856.7400      0.84112069      0.17562001
       6859.3400      0.75717451      0.18226314
       6861.9400      0.67868906      0.19175732
       6864.5300      0.68756837      0.20228732
       6867.1300      0.65365613      0.21035252
       6869.7200      0.65737014      0.21262524
       6872.3200      0.65216493      0.20890283
       6874.9200      0.69512017      0.20215560
       6877.5100      0.78556813      0.19588301
       6880.1100      0.76793229      0.19193751
       6882.7100      0.73833094      0.19045667
       6885.3000      0.69751168      0.19046413
       6887.9000      0.96342576      0.19071711
       6890.5000       1.0526011      0.19038417
       6893.0900      0.83167445      0.18925152
       6895.6900      0.81155927      0.18751515
       6898.2800      0.78350900      0.18548371
       6900.8800      0.75441769      0.18336739
       6903.4800      0.73119136      0.18130357
       6906.0700      0.75117080      0.17936800
       6908.6700      0.80826846      0.17759036
       6911.2700      0.79799776      0.17601769
       6913.8600      0.80119475      0.17468530
       6916.4600      0.83194395      0.17359803
       6919.0500      0.83336428      0.17275563
       6921.6500      0.85951711      0.17211218
       6924.2500      0.88384637      0.17162671
       6926.8400      0.87439015      0.17126879
       6929.4400      0.84412005      0.17102391
       6932.0400      0.83836787      0.17087595
       6934.6300      0.86636723      0.17076172
       6937.2300      0.87649619      0.17057228
       6939.8200      0.86596299      0.17022848
       6942.4200      0.87282110      0.16974084
       6945.0200      0.88255280      0.16920345
       6947.6100      0.83474468      0.16871398
       6950.2100      0.79295524      0.16828874
       6952.8100      0.76242764      0.16785475
       6955.4000      0.78966343      0.16730318
       6958.0000      0.82667984      0.16657848
       6960.5900      0.78692857      0.16574919
       6963.1900      0.78640855      0.16494931
       6965.7900      0.82008225      0.16431129
       6968.3800      0.84827225      0.16389279
       6970.9800      0.81853615      0.16368434
       6973.5800      0.82016210      0.16365884
       6976.1700      0.92298479      0.16379770
       6978.7700      0.97140476      0.16407590
       6981.3600      0.89747275      0.16442804
       6983.9600      0.82805226      0.16474597
       6986.5600      0.86546493      0.16491920
       6989.1500      0.92616980      0.16490248
       6991.7500      0.93648341      0.16473890
       6994.3500      0.88422266      0.16451545
       6996.9400      0.90609354      0.16429876
       6999.5400      0.94414900      0.16410445
       7002.1300      0.91922785      0.16391700
       7004.7300      0.86757296      0.16372566
       7007.3300      0.79586278      0.16354232
       7009.9200      0.85330778      0.16338401
       7012.5200      0.90087635      0.16324763
       7015.1200      0.87049048      0.16311686
       7017.7100      0.87712401      0.16296637
       7020.3100      0.95489679      0.16275429
       7022.9000      0.96329101      0.16244538
       7025.5000      0.98906256      0.16204159
       7028.1000       1.0912385      0.16161642
       7030.6900       1.1624446      0.16126376
       7033.2900       1.1966603      0.16101319
       7035.8900       1.1728351      0.16082224
       7038.4800       1.1708388      0.16063945
       7041.0800       1.1147243      0.16045418
       7043.6800       1.0708268      0.16029702
       7046.2700       1.1230786      0.16017426
       7048.8700       1.0625724      0.16005142
       7051.4600       1.0129357      0.15988763
       7054.0600      0.95490777      0.15967084
       7056.6600       1.0506348      0.15941941
       7059.2500       1.1337086      0.15915638
       7061.8500       1.0552062      0.15889343
       7064.4400       1.0238152      0.15864492
       7067.0400       1.0502555      0.15842398
       7069.6400       1.0587296      0.15823921
       7072.2300       1.0662055      0.15807638
       7074.8300       1.0728930      0.15790689
       7077.4300       1.0470715      0.15771386
       7080.0200       1.0367609      0.15750337
       7082.6200       1.0579311      0.15729316
       7085.2200       1.0248433      0.15709892
       7087.8100      0.95058789      0.15692491
       7090.4100       1.0082445      0.15676728
       7093.0000       1.0520521      0.15662182
       7095.6000       1.0325089      0.15648099
       7098.2000      0.94831716      0.15633427
       7100.7900      0.89343335      0.15617613
       7103.3900      0.96343774      0.15600125
       7105.9900      0.97855631      0.15581696
       7108.5800       1.0002296      0.15563368
       7111.1800       1.0455144      0.15546079
       7113.7700       1.1030762      0.15530541
       7116.3700       1.0841718      0.15516803
       7118.9700       1.0965884      0.15504808
       7121.5600       1.1664271      0.15494265
       7124.1600       1.2419950      0.15484260
       7126.7600       1.2223520      0.15474025
       7129.3500       1.2007725      0.15463421
       7131.9500       1.1960315      0.15453278
       7134.5400       1.1169102      0.15445228
       7137.1400       1.0656765      0.15440383
       7139.7400       1.0924163      0.15438589
       7142.3300       1.0537689      0.15438533
       7144.9300       1.0726634      0.15438741
       7147.5300       1.0714058      0.15440324
       7150.1200       1.0119076      0.15448790
       7152.7200      0.95982453      0.15475649
       7155.3100      0.94482573      0.15535493
       7157.9100      0.99621012      0.15642220
       7160.5100      0.98822813      0.15799828
       7163.1000      0.93783986      0.15998192
       7165.7000      0.92996866      0.16214234
       7168.3000      0.86334391      0.16417850
       7170.8900      0.81856510      0.16589283
       7173.4900      0.79965265      0.16731474
       7176.0800      0.86201242      0.16857339
       7178.6800      0.81850222      0.16974684
       7181.2800      0.78908053      0.17068634
       7183.8700      0.82704316      0.17114011
       7186.4700      0.92842656      0.17101115
       7189.0700      0.97260151      0.17043047
       7191.6600      0.97167824      0.16964827
       7194.2600      0.96885356      0.16875434
       7196.8500      0.93804148      0.16760861
       7199.4500      0.93362878      0.16594465
       7202.0500      0.95946221      0.16364856
       7204.6400      0.98610911      0.16094498
       7207.2400       1.0013475      0.15826117
       7209.8400      0.95315407      0.15605626
       7212.4300      0.86761688      0.15457958
       7215.0300      0.92546213      0.15386798
       7217.6200      0.98142392      0.15385576
       7220.2200       1.0000000      0.15447184
       7222.8200      0.95766259      0.15566045
       7225.4100      0.87361560      0.15728586
       7228.0100      0.92423644      0.15909156
       7230.6100      0.98670599      0.16068006
       7233.2000      0.97259951      0.16171022
       7235.8000      0.91285683      0.16206822
       7238.4000      0.96532619      0.16186337
       7240.9900       1.1069290      0.16132889
       7243.5900       1.2311155      0.16068739
       7246.1800       1.2133489      0.16006377
       7248.7800       1.2712001      0.15945660
       7251.3800       1.3604623      0.15883539
       7253.9700       1.4065657      0.15823017
       7256.5700       1.4668623      0.15772365
       7259.1700       1.4496447      0.15738425
       7261.7600       1.4142612      0.15723043
       7264.3600       1.3976724      0.15726003
       7266.9500       1.3584162      0.15742971
       7269.5500       1.3122031      0.15756543
       7272.1500       1.3586957      0.15738619
       7274.7400       1.4601749      0.15674347
       7277.3400       1.5744001      0.15581462
       7279.9400       1.6450373      0.15500513
       7282.5300       1.6643710      0.15458855
       7285.1300       1.7369246      0.15449237
       7287.7200       1.8183116      0.15442384
       7290.3200       1.8650337      0.15416835
       7292.9200       1.8456103      0.15376516
       7295.5100       1.7391504      0.15338682
       7298.1100       1.6780852      0.15311220
       7300.7100       1.5798898      0.15287063
       7303.3000       1.5339562      0.15254620
       7305.9000       1.5369805      0.15207740
       7308.4900       1.5169082      0.15147090
       7311.0900       1.4647962      0.15072479
       7313.6900       1.4042300      0.14983318
       7316.2800       1.3952769      0.14883910
       7318.8800       1.3851160      0.14784294
       7321.4800       1.3796962      0.14698402
       7324.0700       1.4276360      0.14633348
       7326.6700       1.4461113      0.14584488
       7329.2600       1.4503633      0.14542218
       7331.8600       1.4456721      0.14499270
       7334.4600       1.3776899      0.14457122
       7337.0500       1.3617100      0.14422147
       7339.6500       1.3537250      0.14398034
       7342.2500       1.3013634      0.14382857
       7344.8400       1.2945163      0.14370672
       7347.4400       1.2419851      0.14357263
       7350.0300       1.2315048      0.14342917
       7352.6300       1.2231904      0.14329654
       7355.2300       1.2133988      0.14318235
       7357.8200       1.2373638      0.14306239
       7360.4200       1.1469837      0.14289455
       7363.0200       1.0460933      0.14264615
       7365.6100       1.0489180      0.14232038
       7368.2100       1.0390666      0.14194957
       7370.8000       1.0413323      0.14158939
       7373.4000       1.0650377      0.14128131
       7376.0000       1.0529804      0.14103776
       7378.5900      0.92975606      0.14084013
       7381.1900      0.94632591      0.14065792
       7383.7900      0.97595520      0.14047109
       7386.3800      0.99854274      0.14026934
       7388.9800      0.98252286      0.14004199
       7391.5700      0.97319140      0.13978251
       7394.1700       1.0152913      0.13949373
       7396.7700       1.0342656      0.13919504
       7399.3600      0.98157264      0.13891523
       7401.9600      0.96798219      0.13866851
       7404.5600      0.92467960      0.13845530
       7407.1500      0.87749830      0.13826204
       7409.7500      0.92317044      0.13807385
       7412.3500      0.96712281      0.13788642
       7414.9400      0.99252905      0.13770197
       7417.5400      0.91037949      0.13752092
       7420.1300      0.88213159      0.13733614
       7422.7300       1.0408632      0.13714301
       7425.3300       1.0994930      0.13694256
       7427.9200       1.1123388      0.13674337
       7430.5200       1.0586098      0.13655282
       7433.1200      0.98384737      0.13637314
       7435.7100      0.99548050      0.13620116
       7438.3100       1.0205913      0.13602744
       7440.9000       1.0407035      0.13585174
       7443.5000       1.0281770      0.13567460
       7446.1000       1.0458139      0.13549898
       7448.6900       1.0365712      0.13532909
       7451.2900       1.0490877      0.13516319
       7453.8900       1.0327983      0.13500048
       7456.4800      0.94020442      0.13484019
       7459.0800      0.94923743      0.13468005
       7461.6700      0.96719168      0.13452111
       7464.2700      0.99217371      0.13436228
       7466.8700       1.0242344      0.13420322
       7469.4600       1.0198427      0.13404470
       7472.0600       1.0035932      0.13388571
       7474.6600      0.94310596      0.13372645
       7477.2500      0.96817184      0.13356807
       7479.8500       1.0087036      0.13340841
       7482.4400      0.99589073      0.13324934
       7485.0400      0.97489520      0.13308906
       7487.6400      0.98257476      0.13292908
       7490.2300      0.97480337      0.13277010
       7492.8300       1.0274783      0.13261018
       7495.4300       1.0421907      0.13245036
       7498.0200       1.0534296      0.13229089
       7500.6200       1.0775941      0.13213143
       7503.2100       1.0322394      0.13197220
       7505.8100       1.0352238      0.13181216
       7508.4100       1.0435082      0.13165201
       7511.0000       1.0263405      0.13149177
       7513.6000       1.0149719      0.13133102
       7516.2000      0.96240867      0.13116976
       7518.7900       1.0115982      0.13100910
       7521.3900       1.0725935      0.13084821
       7523.9800       1.0333273      0.13068825
       7526.5800      0.91406456      0.13052755
       7529.1800      0.86095241      0.13036670
       7531.7700      0.84430471      0.13020654
       7534.3700      0.86636324      0.13004604
       7536.9700      0.89365094      0.12988563
       7539.5600      0.84800375      0.12972507
       7542.1600      0.87032778      0.12956377
       7544.7500      0.93226434      0.12940331
       7547.3500      0.95762566      0.12924226
       7549.9500      0.93773306      0.12908130
       7552.5400      0.81321216      0.12892219
       7555.1400      0.78028606      0.12876445
       7557.7400      0.79367988      0.12860918
       7560.3300      0.96104723      0.12845687
       7562.9300       1.1247355      0.12830839
       7565.5200      0.93529265      0.12816569
       7568.1200      0.77594722      0.12803960
       7570.7200      0.69366491      0.12796763
       7573.3100      0.64732004      0.12805765
       7575.9100      0.62846848      0.12857813
       7578.5100      0.60772747      0.13008166
       7581.1000      0.58933605      0.13350604
       7583.7000      0.48150078      0.14033197
       7586.2900      0.42994171      0.15239255
       7588.8900      0.31066794      0.17221938
       7591.4900      0.22397892      0.20227450
       7594.0800      0.26131573      0.24356912
       7596.6800      0.19461313      0.29248879
       7599.2800     0.084682397      0.33549936
       7601.8700     0.014513814      0.35276086
       7604.4700  -0.00038917535      0.33713359
       7607.0700      0.11060706      0.30162911
       7609.6600      0.22702020      0.26478322
       7612.2600      0.25766758      0.23675420
       7614.8500      0.30022558      0.22044183
       7617.4500      0.35644389      0.21461831
       7620.0500      0.42271530      0.21670978
       7622.6400      0.38269553      0.22298651
       7625.2400      0.31698008      0.22925245
       7627.8400      0.32152653      0.23202344
       7630.4300      0.33349703      0.22999008
       7633.0300      0.38279135      0.22383683
       7635.6200      0.42862518      0.21516812
       7638.2200      0.48300096      0.20537067
       7640.8200      0.48719208      0.19542063
       7643.4100      0.41661776      0.18592019
       7646.0100      0.51533916      0.17708978
       7648.6100      0.71401565      0.16911039
       7651.2000      0.81535314      0.16205325
       7653.8000      0.83394418      0.15585214
       7656.3900      0.87353176      0.15049419
       7658.9900       1.0510939      0.14585437
       7661.5900       1.2146365      0.14186015
       7664.1800       1.2873398      0.13843451
       7666.7800       1.3970036      0.13548488
       7669.3800       1.5645187      0.13296446
       7671.9700       1.6014393      0.13083036
       7674.5700       1.6380105      0.12901700
       7677.1600       1.6961413      0.12749058
       7679.7600       1.7064319      0.12619636
       7682.3600       1.7637142      0.12509833
       7684.9500       1.8463988      0.12416250
       7687.5500       1.7856130      0.12334713
       7690.1500       1.7549806      0.12262824
       7692.7400       1.7455284      0.12198979
       7695.3400       1.7534535      0.12141487
       7697.9300       1.6724258      0.12090400
       7700.5300       1.6256638      0.12045190
       7703.1300       1.5741905      0.12005969
       7705.7200       1.5743502      0.11972607
       7708.3200       1.5111191      0.11944213
       7710.9200       1.4533577      0.11919935
       7713.5100       1.4025033      0.11898711
       7716.1100       1.3198786      0.11879186
       7718.7100       1.1367629      0.11860641
       7721.3000       1.1422226      0.11842461
       7723.9000       1.1356649      0.11824340
       7726.4900       1.0097517      0.11806205
       7729.0900       1.0695093      0.11787993
       7731.6900       1.1958418      0.11769798
       7734.2800       1.2994470      0.11751676
       7736.8800       1.2820497      0.11733546
       7739.4700       1.3594942      0.11715545
       7742.0700       1.3739769      0.11697698
       7744.6700       1.3510600      0.11680214
       7747.2600       1.3461892      0.11663275
       7749.8600       1.3082106      0.11646664
       7752.4600       1.3334731      0.11630327
       7755.0500       1.2567373      0.11614123
       7757.6500       1.2314948      0.11597816
       7760.2400       1.1978580      0.11581555
       7762.8400       1.1363936      0.11565236
       7765.4400       1.1267817      0.11548936
       7768.0300       1.0527408      0.11532598
       7770.6300      0.91290674      0.11516083
       7773.2300      0.90312812      0.11499468
       7775.8200       1.0210604      0.11482908
       7778.4200       1.0303729      0.11466316
       7781.0200      0.97128997      0.11449853
       7783.6100       1.0445263      0.11433535
       7786.2100       1.0242843      0.11417087
       7788.8000      0.97274025      0.11400668
       7791.4000      0.85860382      0.11384124
       7794.0000      0.84377071      0.11367569
       7796.5900      0.97999760      0.11351001
       7799.1900       1.0195433      0.11334387
       7801.7900      0.98079511      0.11317746
       7804.3800      0.94423184      0.11301156
       7806.9800      0.95242045      0.11284530
       7809.5700      0.98693856      0.11267929
       7812.1700      0.92397093      0.11251315
       7814.7700      0.87423743      0.11234602
       7817.3600      0.83714517      0.11218081
       7819.9600      0.83495728      0.11201394
       7822.5600      0.86757696      0.11184736
       7825.1500      0.88886394      0.11168126
       7827.7500      0.94545854      0.11151368
       7830.3400      0.93136304      0.11134549
       7832.9400      0.82960734      0.11117469
       7835.5400      0.82589432      0.11099937
       7838.1300      0.80511339      0.11082066
       7840.7300      0.82428335      0.11063685
       7843.3300      0.89412804      0.11045316
       7845.9200      0.81706392      0.11027641
       7848.5200      0.73646245      0.11011045
       7851.1100      0.78503713      0.10996372
       7853.7100      0.85231964      0.10983619
       7856.3100      0.80438276      0.10972742
       7858.9000      0.71209626      0.10963105
       7861.5000      0.76043039      0.10953635
       7864.1000      0.78389128      0.10943517
       7866.6900      0.81041043      0.10932425
       7869.2900      0.88713020      0.10920295
       7871.8800       1.0081048      0.10907672
       7874.4800      0.89781511      0.10895427
       7877.0800      0.73911147      0.10884900
       7879.6700      0.78090789      0.10877420
       7882.2700      0.78799058      0.10873225
       7884.8700      0.74750469      0.10871170
       7887.4600      0.76163113      0.10868484
       7890.0600      0.77842955      0.10862114
       7892.6500      0.81745419      0.10850102
       7895.2500      0.85761069      0.10832513
       7897.8500      0.87203058      0.10810892
       7900.4400      0.88035693      0.10787698
       7903.0400      0.86953128      0.10764414
       7905.6400      0.85831936      0.10742086
       7908.2300      0.86846628      0.10721277
       7910.8300      0.80900008      0.10701954
       7913.4200      0.80065577      0.10683974
       7916.0200      0.81047431      0.10666321
       7918.6200      0.89125644      0.10647417
       7921.2100      0.90443965      0.10625639
       7923.8100      0.84456721      0.10599568
       7926.4100      0.75956602      0.10569459
       7929.0000      0.86606879      0.10537276
       7931.6000      0.95942229      0.10505783
       7934.1900      0.88155368      0.10478152
       7936.7900      0.88969138      0.10456052
       7939.3900      0.86894538      0.10440118
       7941.9800      0.80502256      0.10430167
       7944.5800      0.96543698      0.10425841
       7947.1800       1.0713658      0.10426994
       7949.7700      0.98557811      0.10432513
       7952.3700      0.89085020      0.10439666
       7954.9600      0.87103845      0.10443579
       7957.5600      0.90067972      0.10439038
       7960.1600      0.88717212      0.10423018
       7962.7500      0.82947159      0.10396426
       7965.3500      0.82716393      0.10363294
       7967.9500      0.82293388      0.10328976
       7970.5400      0.89239330      0.10297724
       7973.1400      0.92562782      0.10271195
       7975.7400      0.86580129      0.10249425
       7978.3300      0.78933505      0.10231104
       7980.9300      0.75551862      0.10214514
       7983.5200      0.85193536      0.10199086
       7986.1200      0.87235797      0.10185197
       7988.7200      0.75521420      0.10173721
       7991.3100      0.77861221      0.10164989
       7993.9100      0.79331557      0.10157937
       7996.5100      0.85791412      0.10150975
       7999.1000      0.99326466      0.10142463
       8001.7000       1.0231764      0.10131065
       8004.2900      0.94223460      0.10116437
       8006.8900      0.88501817      0.10098615
       8009.4900      0.96566355      0.10078687
       8012.0800      0.95480596      0.10058294
       8014.6800      0.94613028      0.10038800
       8017.2800      0.87472452      0.10020860
       8019.8700      0.90959496      0.10003964
       8022.4700      0.94534475     0.099868315
       8025.0600      0.95169681     0.099689237
       8027.6600      0.97106041     0.099500972
       8030.2600      0.91624546     0.099307585
       8032.8500      0.91163812     0.099111184
       8035.4500      0.91182776     0.098904853
       8038.0500      0.87022498     0.098679414
       8040.6400      0.90436479     0.098430159
       8043.2400      0.85488282     0.098159993
       8045.8300      0.76286382     0.097886735
       8048.4300      0.81175590     0.097629066
       8051.0300      0.90238951     0.097400684
       8053.6200      0.96096938     0.097205457
       8056.2200       1.7440512     0.097033200
       8058.8200       2.2291492     0.096872617
       8061.4100       1.4326666     0.096714149
       8064.0100      0.99800475     0.096552775
       8066.6000       1.0067473     0.096392195
       8069.2000      0.90786721     0.096236921
       8071.8000      0.88999481     0.096094353
       8074.3900      0.94779515     0.095967976
       8076.9900      0.96812093     0.095855009
       8079.5900      0.95102008     0.095752038
       8082.1800      0.89959776     0.095654913
       8084.7800      0.83234819     0.095560546
       8087.3800      0.83241406     0.095467497
       8089.9700      0.84142013     0.095375697
       8092.5700      0.79545754     0.095283948
       8095.1600      0.77982293     0.095198200
       8097.7600      0.76334391     0.095126572
       8100.3600      0.66500180     0.095080005
       8102.9500      0.70223979     0.095059010
       8105.5500      0.93334032     0.095056414
       8108.1500      0.95511239     0.095063001
       8110.7400      0.82297381     0.095079097
       8113.3400      0.79586278     0.095123214
       8115.9300      0.67520961     0.095228262
       8118.5300      0.64103386     0.095432661
       8121.1300      0.71787140     0.095758528
       8123.7200      0.69796582     0.096198270
       8126.3200      0.64841997     0.096709905
       8128.9100      0.60332874     0.097219271
       8131.5100      0.50875354     0.097672878
       8134.1100      0.53694754     0.098056840
       8136.7000      0.57963928     0.098404918
       8139.3000      0.62954346     0.098764557
       8141.9000      0.72569270     0.099162260
       8144.4900      0.72851040     0.099593627
       8147.0900      0.60692498      0.10005323
       8149.6900      0.46916098      0.10053798
       8152.2800      0.62008225      0.10103229
       8154.8800      0.84086817      0.10147783
       8157.4700      0.88832295      0.10175043
       8160.0700      0.81612668      0.10173836
       8162.6700      0.69373578      0.10141104
       8165.2600      0.66947239      0.10087544
       8167.8600      0.84093604      0.10028806
       8170.4600      0.99147004     0.099757804
       8173.0500      0.93723200     0.099279532
       8175.6500      0.96004811     0.098777162
       8178.2400       1.0094822     0.098210268
       8180.8400      0.94089212     0.097600748
       8183.4400      0.73393720     0.097008871
       8186.0300      0.78673594     0.096455210
       8188.6300      0.74584880     0.095880439
       8191.2300      0.56555476     0.095189852
       8193.8200      0.60258614     0.094314938
       8196.4200      0.78625185     0.093265201
       8199.0100      0.83763325     0.092168512
       8201.6100      0.74317184     0.091196635
       8204.2100      0.78533058     0.090523983
       8206.8000      0.82989679     0.090272634
       8209.4000      0.93059049     0.090518834
       8212.0000       1.0218489     0.091312286
       8214.5900      0.84116661     0.092671044
       8217.1900      0.71116301     0.094507631
       8219.7900      0.78114844     0.096510830
       8222.3800      0.82709307     0.098134270
       8224.9800      0.86256837     0.098814302
       8227.5700      0.90707470     0.098233759
       8230.1700      0.92487623     0.096580990
       8232.7700      0.94341338     0.094392948
       8235.3600      0.88041781     0.092233628
       8237.9600      0.75222681     0.090432761
       8240.5500      0.80280073     0.089125572
       8243.1500      0.89127540     0.088279867
       8245.7500      0.96420629     0.087821456
       8248.3400      0.84949994     0.087633485
       8250.9400      0.68948876     0.087569155
       8253.5400      0.83887292     0.087494808
       8256.1300      0.84163073     0.087346229
       8258.7300      0.71788138     0.087167299
       8261.3200      0.77817603     0.087080069
       8263.9200      0.78809738     0.087194496
       8266.5200      0.71899329     0.087528808
       8269.1100      0.55651176     0.087978307
       8271.7100      0.42914820     0.088380245
       8274.3100      0.51979678     0.088591674
       8276.9000      0.66488502     0.088565271
       8279.5000      0.63210065     0.088339300
       8282.0900      0.56892043     0.087991598
       8284.6900      0.59987424     0.087576952
       8287.2900      0.67359265     0.087127341
       8289.8800      0.77937777     0.086663290
       8292.4800      0.83467182     0.086202164
       8295.0800      0.78848964     0.085764152
       8297.6700      0.73150677     0.085359529
       8300.2700      0.69170160     0.084988500
       8302.8600      0.80689903     0.084668961
       8305.4600      0.96843235     0.084429308
       8308.0600      0.91489001     0.084290439
       8310.6500      0.83590550     0.084227516
       8313.2500      0.87734759     0.084160936
       8315.8500      0.91129277     0.083998903
       8318.4400      0.90817064     0.083693176
       8321.0400      0.91977782     0.083269102
       8323.6300       1.0808280     0.082806171
       8326.2300       1.0219986     0.082371327
       8328.8300      0.91544097     0.081990326
       8331.4200       1.0295245     0.081640939
       8334.0200       1.1398870     0.081283937
       8336.6200       1.2086178     0.080903750
       8339.2100       1.2381922     0.080519768
       8341.8100       1.1810297     0.080166576
       8344.4100       1.1421428     0.079876735
       8347.0000      0.92611690     0.079655207
       8349.6000      0.83948477     0.079476767
       8352.1900      0.92974208     0.079307608
       8354.7900       1.0522917     0.079116455
       8357.3900       1.0202320     0.078892089
       8359.9800       1.0248034     0.078642603
       8362.5800       1.0361920     0.078382314
       8365.1800      0.90636104     0.078127583
       8367.7700      0.93789975     0.077882861
       8370.3700      0.77678664     0.077642998
       8372.9600      0.63648641     0.077403019
       8375.5600      0.74705753     0.077157016
       8378.1600      0.69246616     0.076908779
       8380.7500      0.66822274     0.076665078
       8383.3500      0.95239649     0.076429125
       8385.9500       1.2551503     0.076205832
       8388.5400       1.3117539     0.075999069
       8391.1400       1.3690162     0.075808604
       8393.7300       1.4313590     0.075636933
