# starting wavelength =        3671.3800
# ending wavelength =        7278.2100
# O2 telluric scale =        0
# O2 telluric shift =        0
# H2O telluric scale =        0
# H2O telluric shift =        0
      3674.48       3.1303459     0.089118474
      3678.15       3.2092343     0.061908305
      3681.83       3.2407886     0.051362246
      3685.51       3.2590873     0.046588274
      3689.20       3.2455281     0.043876698
      3692.88       3.2378949     0.043714389
      3696.58       3.2020414     0.043559344
      3700.27       3.2104048     0.043409753
      3703.98       3.2093792     0.043256362
      3707.68       3.2183945     0.043022787
      3711.39       3.2182177     0.042830928
      3715.10       3.2384442     0.042656563
      3718.81       3.2644473     0.042482156
      3722.53       3.3181600     0.042311412
      3726.26       3.3549536     0.042151550
      3729.98       3.3818803     0.041992185
      3733.71       3.4267423     0.041845049
      3737.45       3.3988445     0.041701801
      3741.18       3.3408235     0.040483225
      3744.93       3.2849436     0.041311941
      3748.67       3.2383517     0.041127266
      3752.42       3.2066550     0.040962602
      3756.17       3.1779800     0.040796607
      3759.93       3.1406119     0.040640177
      3763.69       3.1259597     0.040493187
      3767.45       3.0934510     0.040347220
      3771.22       3.0479722     0.039182722
      3774.99       3.0231614     0.039002835
      3778.77       3.0099974     0.039799920
      3782.54       3.0241194     0.039633274
      3786.33       3.0202396     0.039474241
      3790.11       2.9788845     0.039329554
      3793.90       2.9401746     0.038254731
      3797.70       2.8887954     0.038065028
      3801.50       2.8361155     0.037885434
      3805.30       2.8210449     0.037717145
      3809.10       2.8344406     0.038493410
      3812.91       2.8741267     0.038336092
      3816.73       2.9377433     0.037328574
      3820.54       2.9667201     0.037132748
      3824.36       2.9710178     0.036952267
      3828.19       2.9909749     0.036780873
      3832.02       3.0449547     0.037530667
      3835.85       3.0913580     0.037380182
      3839.68       3.1312654     0.036392819
      3843.52       3.1700695     0.036200755
      3847.37       3.1787948     0.036018616
      3851.22       3.1951881     0.035850597
      3855.07       3.1633848     0.035696309
      3858.92       3.1145822     0.036437269
      3862.78       2.9963506     0.035457451
      3866.64       2.9188048     0.035269986
      3870.51       2.8978712     0.035095196
      3874.38       2.9640580     0.034935204
      3878.26       3.0885506     0.035655331
      3882.13       3.2729244     0.034714756
      3886.02       3.4292530     0.034521592
      3889.90       3.5440622     0.034348260
      3893.79       3.5674872     0.034186112
      3897.69       3.4260364     0.033326967
      3901.59       3.2296445     0.033964138
      3905.49       3.0792926     0.033774557
      3909.39       2.9771730     0.033602519
      3913.30       2.8896476     0.033448507
      3917.22       2.8713233     0.032606978
      3921.13       2.8940157     0.033216322
      3925.06       2.9345541     0.033031094
      3928.98       2.9716193     0.032865117
      3932.91       2.9699288     0.032029095
      3936.84       2.9616151     0.032660457
      3940.78       2.9302800     0.032466679
      3944.72       2.8684383     0.032294257
      3948.67       2.8033557     0.032140238
      3952.61       2.7565008     0.031334415
      3956.57       2.7455555     0.031906314
      3960.52       2.7774674     0.031730116
      3964.48       2.8390649     0.031573466
      3968.45       2.9233966     0.030774948
      3972.42       2.9855844     0.031346078
      3976.39       3.0100080     0.031164289
      3980.37       3.0076386     0.030354103
      3984.35       2.9834266     0.030225588
      3988.33       2.9522511     0.030113431
      3992.32       2.9066754     0.030606046
      3996.31       2.8762474     0.029808934
      4000.31       2.8469996     0.029682213
      4004.31       2.8260778     0.029577519
      4008.31       2.7993088     0.030051258
      4012.32       2.7933691     0.029272783
      4016.33       2.8081265     0.029152501
      4020.35       2.8316716     0.029663749
      4024.37       2.8750525     0.028875439
      4028.40       2.8933819     0.028740951
      4032.42       2.9176826     0.028630202
      4036.46       2.9341648     0.029109014
      4040.50       2.9114486     0.028346044
      4044.54       2.8701883     0.028222916
      4048.58       2.8398340     0.028126505
      4052.63       2.8122095     0.027957561
      4056.68       2.7938401     0.027827956
      4060.74       2.7887065     0.027719615
      4064.80       2.7847298     0.027577356
      4068.86       2.8003248     0.027438047
      4072.93       2.8258806     0.027325125
      4077.01       2.8381540     0.027238296
      4081.08       2.8573838     0.027058456
      4085.17       2.8779780     0.026938901
      4089.25       2.8886893     0.026844776
      4093.34       2.8839284     0.026681269
      4097.43       2.8767195     0.026556393
      4101.53       2.8638903     0.026459522
      4105.63       2.8528564     0.025731507
      4109.74       2.8521530     0.026181215
      4113.85       2.8562103     0.026084807
      4117.96       2.8869451     0.025368072
      4122.08       2.9139477     0.025811637
      4126.20       2.9328958     0.025713525
      4130.33       2.9474738     0.025012930
      4134.46       2.9614241     0.025446376
      4138.59       2.9809341     0.025348538
      4142.73       3.0004789     0.024653158
      4146.88       3.0087626     0.025083487
      4151.02       3.0124633     0.024444028
      4155.18       3.0220096     0.024300958
      4159.33       3.0304081     0.024730171
      4163.49       3.0273417     0.024088958
      4167.65       3.0224328     0.023952030
      4171.82       3.0133012     0.024376610
      4175.99       2.9969041     0.023738362
      4180.17       2.9788249     0.023605413
      4184.35       2.9357926     0.024033409
      4188.54       2.9006964     0.023387082
      4192.72       2.8729932     0.023788976
      4196.92       2.8549439     0.023185578
      4201.11       2.8347743     0.023043298
      4205.31       2.8361575     0.023447023
      4209.52       2.8501027     0.022837063
      4213.73       2.8668959     0.022708968
      4217.94       2.8904966     0.022643754
      4222.16       2.8937676     0.022495527
      4226.38       2.8969900     0.022378102
      4230.61       2.8900689     0.022293293
      4234.84       2.8697710     0.022158681
      4239.08       2.8425751     0.022103872
      4243.32       2.8256357     0.021950920
      4247.56       2.8140941     0.021836154
      4251.81       2.8095607     0.021752802
      4256.06       2.8024743     0.021619901
      4260.32       2.7972208     0.021563319
      4264.58       2.7912606     0.021416432
      4268.84       2.7788692     0.021306715
      4273.11       2.7546368     0.021219330
      4277.38       2.7377182     0.021095055
      4281.66       2.7180260     0.021027195
      4285.94       2.7119039     0.020889738
      4290.23       2.7070813     0.020378592
      4294.52       2.7127853     0.020691519
      4298.81       2.7214353     0.020172191
      4303.11       2.7309110     0.020498807
      4307.42       2.7330251     0.020372569
      4311.72       2.7283141     0.019889231
      4316.04       2.7282238     0.020173153
      4320.35       2.7378876     0.019684826
      4324.67       2.7595377     0.019977951
      4329.00       2.7782828     0.019484930
      4333.33       2.7990001     0.019786233
      4337.66       2.8064229     0.019288221
      4342.00       2.8258811     0.019597578
      4346.34       2.8305741     0.019096334
      4350.69       2.8198803     0.019017535
      4355.04       2.7993751     0.019284875
      4359.39       2.7739192     0.018822473
      4363.75       2.7501101     0.019093464
      4368.12       2.7074026     0.018630096
      4372.48       2.6714899     0.018904819
      4376.86       2.6551689     0.018441932
      4381.23       2.6657385     0.018718215
      4385.61       2.6733501     0.018255685
      4390.00       2.6752862     0.018533072
      4394.39       2.6768992     0.018071736
      4398.79       2.6720319     0.018009814
      4403.18       2.6497781     0.017889754
      4407.59       2.6360980     0.017827562
      4412.00       2.6153721     0.017710673
      4416.41       2.6053649     0.017648014
      4420.82       2.6026722     0.017532828
      4425.25       2.5931988     0.017470327
      4429.67       2.5901375     0.017356141
      4434.10       2.5819995     0.017295037
      4438.54       2.5721281     0.017182152
      4442.97       2.5478751     0.017124071
      4447.42       2.5166160     0.017009949
      4451.86       2.4988501     0.016589437
      4456.32       2.5170655     0.016839173
      4460.77       2.5682352     0.016421500
      4465.24       2.6457051     0.016671870
      4469.70       2.7463858     0.016255283
      4474.17       2.8454403     0.016506381
      4478.65       2.9207781     0.016090040
      4483.12       2.9657850     0.016342698
      4487.61       2.9667343     0.015926586
      4492.09       2.9519423     0.016182181
      4496.59       2.9305377     0.016088415
      4501.08       2.8941433     0.015701785
      4505.58       2.8684055     0.015926982
      4510.09       2.8450331     0.015538824
      4514.60       2.8177330     0.015768464
      4519.12       2.7979099     0.015378413
      4523.63       2.7773077     0.015613309
      4528.16       2.7617692     0.015221018
      4532.69       2.7577836     0.015461910
      4537.22       2.7419958     0.015066425
      4541.76       2.7252010     0.015005028
      4546.30       2.7192204     0.014916496
      4550.85       2.7187236     0.014848315
      4555.40       2.7148926     0.015072628
      4559.95       2.7186231     0.014695021
      4564.51       2.7184052     0.014641721
      4569.08       2.7154991     0.014545784
      4573.65       2.7043629     0.014485176
      4578.22       2.6772048     0.014402562
      4582.80       2.6393400     0.014333062
      4587.38       2.5993875     0.014284720
      4591.97       2.5681634     0.014187335
      4596.56       2.5314672     0.014130132
      4601.16       2.4995556     0.014047005
      4605.76       2.4704032     0.013980909
      4610.37       2.4424871     0.013933650
      4614.98       2.4226844     0.013837923
      4619.59       2.4004863     0.013781565
      4624.21       2.3780304     0.013702849
      4628.84       2.3628131     0.013636815
      4633.47       2.3419546     0.013587283
      4638.10       2.3167059     0.013499603
      4642.74       2.2799922     0.013440419
      4647.38       2.2331960     0.013126713
      4652.03       2.1826810     0.013302056
      4656.68       2.1314373     0.013249581
      4661.34       2.0802458     0.012932233
      4666.00       2.0293761     0.013114997
      4670.67       1.9775117     0.012814570
      4675.33       1.9251672     0.012744028
      4680.01       1.8753887     0.012920750
      4684.69       1.8242496     0.012626269
      4689.38       1.7841836     0.012558127
      4694.07       1.7558569     0.012736834
      4698.76       1.7340010     0.012442842
      4703.46       1.7198860     0.012377976
      4708.16       1.7083233     0.012554228
      4712.87       1.6872397     0.012263793
      4717.58       1.6568022     0.012200447
      4722.30       1.6095371     0.012375799
      4727.03       1.5666936     0.012089055
      4731.75       1.5213046     0.012027966
      4736.48       1.4793229     0.012199582
      4741.22       1.4437729     0.011919314
      4745.96       1.4150032     0.011858044
      4750.71       1.4006704     0.012025784
      4755.46       1.3953426     0.011753128
      4760.22       1.3921308     0.011691971
      4764.97       1.3895880     0.011639937
      4769.74       1.3999161     0.011592168
      4774.51       1.4125764     0.011530738
      4779.29       1.4213519     0.011476576
      4784.07       1.4303698     0.011436465
      4788.85       1.4419745     0.011373636
      4793.64       1.4604332     0.011319368
      4798.43       1.4804269     0.011062218
      4803.23       1.4980861     0.011222855
      4808.03       1.5128259     0.011165431
      4812.84       1.5317758     0.010909290
      4817.66       1.5530964     0.011076467
      4822.48       1.5674712     0.011018100
      4827.30       1.5803294     0.010965671
      4832.12       1.5945153     0.010716486
      4836.96       1.6042071     0.010876952
      4841.79       1.6029737     0.010821894
      4846.63       1.5995930     0.010773154
      4851.48       1.6032915     0.010530120
      4856.33       1.6070269     0.010685744
      4861.19       1.6107338     0.010632976
      4866.05       1.6276957     0.010389796
      4870.92       1.6441255     0.010348770
      4875.79       1.6670229     0.010502907
      4880.66       1.6892212     0.010452085
      4885.55       1.7110482     0.010213169
      4890.43       1.7337862     0.010172361
      4895.32       1.7507692     0.010136311
      4900.22       1.7669934     0.010277169
      4905.12       1.7841768     0.010042305
      4910.02       1.8197095     0.010002256
      4914.94       1.8602626    0.0099659229
      4919.85       1.8918204    0.0099337451
      4924.77       1.9078058    0.0098782811
      4929.70       1.9091436    0.0098381998
      4934.62       1.8982428    0.0098015335
      4939.56       1.8645460    0.0097682915
      4944.50       1.8194610    0.0097385374
      4949.44       1.7751102    0.0096815299
      4954.39       1.7441940    0.0096434405
      4959.35       1.7158788    0.0096090499
      4964.31       1.6939295    0.0095772939
      4969.27       1.6784584    0.0095488589
      4974.24       1.6709185    0.0094944771
      4979.22       1.6795576    0.0094583179
      4984.20       1.7040473    0.0094251046
      4989.18       1.7481999    0.0093944701
      4994.17       1.8200008    0.0093661099
      4999.16       1.9111500    0.0091617582
      5004.16       1.9923857    0.0092833012
      5009.17       2.0777456    0.0092498168
      5014.18       2.1288484    0.0092189602
      5019.19       2.1285316    0.0091903614
      5024.21       2.0890458    0.0089992480
      5029.23       2.0298605    0.0089645809
      5034.26       1.9599873    0.0089324529
      5039.30       1.8983020    0.0090541761
      5044.34       1.8404711    0.0090250863
      5049.39       1.7930400    0.0089976551
      5054.43       1.7490309    0.0088160219
      5059.49       1.7083214    0.0087831770
      5064.55       1.6658469    0.0087521592
      5069.61       1.6275453    0.0087228905
      5074.68       1.6049457    0.0086945840
      5079.76       1.5899118    0.0088164874
      5084.84       1.5863942    0.0087906316
      5089.92       1.5810713    0.0086181027
      5095.01       1.5844342    0.0085876798
      5100.11       1.5868955    0.0085593021
      5105.21       1.5947489    0.0085321248
      5110.31       1.6051809    0.0085054698
      5115.42       1.6273301    0.0084803266
      5120.54       1.6503916    0.0084557747
      5125.66       1.6780570    0.0084326787
      5130.79       1.7092228    0.0084146196
      5135.92       1.7441685    0.0083878797
      5141.05       1.7734138    0.0083617010
      5146.20       1.7927070    0.0083369267
      5151.34       1.8141454    0.0083122737
      5156.49       1.8405550    0.0082887333
      5161.65       1.8648458    0.0082666093
      5166.81       1.8863949    0.0082441605
      5171.98       1.9006747    0.0082233861
      5177.15       1.9156582    0.0082023368
      5182.33       1.9137900    0.0080390157
      5187.51       1.8987677    0.0080200398
      5192.70       1.8746216    0.0080011469
      5197.89       1.8444689    0.0079834901
      5203.09       1.8158756    0.0079653118
      5208.29       1.7859050    0.0080857208
      5213.50       1.7602802    0.0080654497
      5218.72       1.7365011    0.0080460753
      5223.93       1.7191488    0.0080277575
      5229.16       1.7012922    0.0080091237
      5234.39       1.6877042    0.0079916233
      5239.62       1.6822200    0.0079741934
      5244.86       1.6722902    0.0079577475
      5250.11       1.6641748    0.0079410786
      5255.36       1.6554395    0.0079250691
      5260.61       1.6474196    0.0077700302
      5265.87       1.6396814    0.0077543800
      5271.14       1.6264370    0.0077400537
      5276.41       1.6127765    0.0077252813
      5281.69       1.5987491    0.0077117387
      5286.97       1.5809451    0.0076978977
      5292.26       1.5607283    0.0076844309
      5297.55       1.5372286    0.0076715885
      5302.85       1.5111374    0.0076583080
      5308.15       1.4919196    0.0076463703
      5313.46       1.4729509    0.0076336596
      5318.77       1.4475594    0.0076220967
      5324.09       1.4236108    0.0076107403
      5329.42       1.3964772    0.0075992838
      5334.75       1.3659779    0.0075887416
      5340.08       1.3325239    0.0075776634
      5345.42       1.2979991    0.0075674377
      5350.77       1.2634416    0.0075573771
      5356.12       1.2333935    0.0074307751
      5361.48       1.2016298    0.0074222629
      5366.83       1.1684132    0.0074128388
      5372.20       1.1400374    0.0074049571
      5377.58       1.1143070    0.0073968192
      5382.95       1.0950656    0.0073891948
      5388.34       1.0780397    0.0073820828
      5393.72       1.0637202    0.0073746153
      5399.12       1.0528001    0.0073685607
      5404.52       1.0343733    0.0073622403
      5409.92       1.0163763    0.0074777868
      5415.33      0.99498989    0.0074705431
      5420.75      0.97287918    0.0074624396
      5426.17      0.94907389    0.0074560605
      5431.60      0.92725136    0.0074489430
      5437.03      0.91233075    0.0073288052
      5442.47      0.89543488    0.0073236096
      5447.91      0.88265298    0.0073182317
      5453.36      0.86599329    0.0073143817
      5458.81      0.85745045    0.0073102902
      5464.27      0.84370736    0.0073068783
      5469.73      0.83047106    0.0073041981
      5475.20      0.82029367    0.0073015244
      5480.68      0.81085982    0.0073007398
      5486.16      0.80503294    0.0072998054
      5491.65      0.80135541    0.0071757869
      5497.14      0.79724019    0.0072947055
      5502.64      0.79687620    0.0072915510
      5508.14      0.79513149    0.0072901921
      5513.65      0.78588753    0.0072888575
      5519.16      0.77063024    0.0072884091
      5524.68      0.75930837    0.0072889220
      5530.20      0.73973010    0.0072895603
      5535.73      0.71708548    0.0071710407
      5541.27      0.68854368    0.0071691551
      5546.81      0.66104897    0.0072904703
      5552.36      0.63375868    0.0072905801
      5557.91      0.60909912    0.0072908404
      5563.47      0.58602101    0.0072933225
      5569.04      0.56424734    0.0071819482
      5574.60      0.55153080    0.0071802568
      5580.18      0.53746507    0.0071798727
      5585.76      0.52670285    0.0071800965
      5591.35      0.51926635    0.0073046285
      5596.94      0.51346113    0.0073076073
      5602.53      0.51194868    0.0071991105
      5608.14      0.50979145    0.0071984339
      5613.75      0.51485878    0.0071986002
      5619.36      0.51587315    0.0072002036
      5624.98      0.52214980    0.0073268963
      5630.60      0.52073192    0.0072233435
      5636.23      0.52454640    0.0072225370
      5641.87      0.52753527    0.0072229712
      5647.51      0.52852312    0.0072248081
      5653.16      0.52959440    0.0072284944
      5658.82      0.53050012    0.0072515695
      5664.47      0.52824553    0.0072504876
      5670.14      0.52187730    0.0072514791
      5675.81      0.51446942    0.0072535770
      5681.48      0.50371895    0.0072586597
      5687.17      0.49256731    0.0072823325
      5692.85      0.48029621    0.0072820444
      5698.55      0.46862181    0.0072841986
      5704.25      0.45532966    0.0072879769
      5709.95      0.44497887    0.0071906877
      5715.66      0.43436966    0.0073156214
      5721.38      0.42643451    0.0073169883
      5727.10      0.42023554    0.0073211824
      5732.83      0.41498480    0.0072233211
      5738.56      0.41440861    0.0072317708
      5744.30      0.41692478    0.0073526395
      5750.04      0.41976324    0.0073566135
      5755.79      0.42535322    0.0072589217
      5761.55      0.43442663    0.0072682255
      5767.31      0.44399995    0.0073898569
      5773.08      0.45679153    0.0072901067
      5778.85      0.46991389    0.0072978770
      5784.63      0.48451722    0.0073082231
      5790.41      0.50360220    0.0074294348
      5796.21      0.52630975    0.0073301327
      5802.00      0.55410047    0.0073391910
      5807.81      0.59188065    0.0073513557
      5813.61      0.63207355    0.0073653790
      5819.43      0.68073976    0.0073744294
      5825.25      0.74547155    0.0073875341
      5831.07      0.82845772    0.0075150344
      5836.90      0.92493405    0.0074247042
      5842.74       1.0231425    0.0074467920
      5848.58       1.1311606    0.0074748787
      5854.43       1.2550245    0.0075062210
      5860.29       1.3652131    0.0075239865
      5866.15       1.4439761    0.0075387089
      5872.01       1.4764241    0.0075507435
      5877.89       1.4643245    0.0075587522
      5883.76       1.4123772    0.0075707941
      5889.65       1.3129911    0.0074613674
      5895.54       1.1850312    0.0075897568
      5901.43       1.0595635    0.0076038872
      5907.34      0.95357957    0.0075015222
      5913.24      0.86834773    0.0076350112
      5919.16      0.79872950    0.0075334848
      5925.08      0.74246737    0.0075329827
      5931.00      0.70740277    0.0076596301
      5936.93      0.68221872    0.0075568487
      5942.87      0.66111802    0.0075607143
      5948.81      0.64537949    0.0076902676
      5954.76      0.62748386    0.0075835152
      5960.72      0.61046093    0.0075873638
      5966.68      0.59203925    0.0076102234
      5972.64      0.57182487    0.0076109967
      5978.62      0.55602342    0.0077412113
      5984.60      0.54442823    0.0076409781
      5990.58      0.53315742    0.0076466961
      5996.57      0.52259531    0.0076769506
      6002.57      0.51104305    0.0076806496
      6008.57      0.49869401    0.0076898884
      6014.58      0.48852610    0.0077170466
      6020.60      0.48052477    0.0077239827
      6026.62      0.47284246    0.0077555311
      6032.65      0.46502793    0.0077592284
      6038.68      0.45817666    0.0076662514
      6044.72      0.45413934    0.0077957908
      6050.76      0.45292670    0.0078030051
      6056.81      0.45450475    0.0078334074
      6062.87      0.46124021    0.0078381715
      6068.93      0.46853065    0.0077457690
      6075.00      0.48046113    0.0078743516
      6081.08      0.49257532    0.0077792742
      6087.16      0.50276196    0.0079109596
      6093.25      0.51385658    0.0078135135
      6099.34      0.52172946    0.0078278665
      6105.44      0.52974704    0.0079536208
      6111.54      0.53143815    0.0078614151
      6117.66      0.53466069    0.0079892251
      6123.78      0.53391081    0.0078947986
      6129.90      0.53645801    0.0080254966
      6136.03      0.53852025    0.0079289973
      6142.17      0.54474120    0.0080608380
      6148.31      0.55068479    0.0079633760
      6154.46      0.55492091    0.0080967234
      6160.61      0.55443599    0.0079977142
      6166.77      0.54989006    0.0080151943
      6172.94      0.54180172    0.0080326016
      6179.11      0.53339995    0.0080489557
      6185.29      0.52510208    0.0080669224
      6191.48      0.51789737    0.0080834221
      6197.67      0.51848125    0.0081013924
      6203.87      0.52443707    0.0081197737
      6210.07      0.53869384    0.0081433067
      6216.28      0.55214675    0.0081661692
      6222.50      0.55866724    0.0081986414
      6228.72      0.56115010    0.0081379871
      6234.95      0.55882112    0.0083172696
      6241.19      0.55345915    0.0082603013
      6247.42      0.55232126    0.0084245667
      6253.67      0.55855484    0.0083198893
      6259.93      0.56943932    0.0084411349
      6266.19      0.58980277    0.0083110463
      6272.46      0.61151985    0.0084326696
      6278.73      0.63183040    0.0083047196
      6285.01      0.65473417    0.0083081752
      6291.29      0.67418208    0.0084251157
      6297.58      0.69107756    0.0083117091
      6303.88      0.70941401    0.0084367013
      6310.19      0.72654469    0.0083260668
      6316.50      0.74056911    0.0084568536
      6322.81      0.75150067    0.0083457578
      6329.14      0.76029934    0.0083681353
      6335.47      0.77035567    0.0083680596
      6341.80      0.77895695    0.0083894184
      6348.14      0.77860382    0.0085220094
      6354.49      0.77585604    0.0084129340
      6360.85      0.77146868    0.0084378384
      6367.21      0.76537234    0.0084385472
      6373.57      0.75883720    0.0084614865
      6379.95      0.75649737    0.0084663947
      6386.33      0.75793235    0.0084878973
      6392.72      0.76339041    0.0085152057
      6399.11      0.76603994    0.0085177056
      6405.51      0.76419513    0.0085441807
      6411.92      0.75497088    0.0084488183
      6418.32      0.73935957    0.0085849382
      6424.74      0.71630546    0.0086246157
      6431.17      0.69360967    0.0085338017
      6437.60      0.67278744    0.0086770460
      6444.04      0.65586826    0.0085827192
      6450.48      0.64381754    0.0085961808
      6456.94      0.62992325    0.0087171038
      6463.39      0.61573865    0.0086076690
      6469.85      0.60461545    0.0086223130
      6476.33      0.58755792    0.0087547187
      6482.80      0.57644660    0.0086489308
      6489.28      0.56744148    0.0086595706
      6495.77      0.56172524    0.0087839100
      6502.27      0.56220719    0.0086768612
      6508.77      0.56707586    0.0086944194
      6515.28      0.56992214    0.0088267480
      6521.80      0.57541693    0.0087202648
      6528.32      0.58686460    0.0087299436
      6534.85      0.59070426    0.0087401712
      6541.38      0.59488402    0.0087431588
      6547.92      0.59984916    0.0087487022
      6554.47      0.60789319    0.0087586652
      6561.03      0.61133573    0.0087664087
      6567.59      0.61175680    0.0087763175
      6574.16      0.60966383    0.0087899232
      6580.73      0.60192056    0.0086814654
      6587.31      0.59221706    0.0088125085
      6593.90      0.57616924    0.0088244828
      6600.50      0.55246645    0.0088385664
      6607.10      0.53460108    0.0087294486
      6613.70      0.52125799    0.0088583839
      6620.32      0.51420797    0.0088697476
      6626.94      0.52085758    0.0087572661
      6633.57      0.54106583    0.0087722077
      6640.20      0.57375873    0.0089000905
      6646.84      0.61739906    0.0089105991
      6653.49      0.66150350    0.0087966755
      6660.14      0.70894745    0.0088101778
      6666.80      0.74349727    0.0088254393
      6673.47      0.75677535    0.0089478410
      6680.14      0.74706760    0.0088320213
      6686.82      0.72099613    0.0088435105
      6693.51      0.68248165    0.0088563515
      6700.20      0.63116553    0.0088703774
      6706.90      0.57763974    0.0088625569
      6713.61      0.52494978    0.0088719294
      6720.32      0.47842158    0.0088823391
      6727.05      0.43775335    0.0088936204
      6733.77      0.40233620    0.0089059088
      6740.51      0.37334488    0.0088966108
      6747.25      0.35442012    0.0089042997
      6754.00      0.34440541    0.0089126317
      6760.75      0.33776822    0.0089218691
      6767.51      0.33399026    0.0089314509
      6774.28      0.33228349    0.0088143242
      6781.05      0.32667875    0.0089283292
      6787.84      0.32062027    0.0089389617
      6794.62      0.31454119    0.0089729736
      6801.42      0.30836995    0.0090239655
      6808.22      0.30237794    0.0089730521
      6815.03      0.29626583    0.0091824838
      6821.85      0.29002970    0.0095386406
      6828.67      0.28487435    0.0099142113
      6835.50      0.28086560     0.010302781
      6842.33      0.27616485     0.010377653
      6849.17      0.27193979     0.010149829
      6856.02      0.26578201    0.0099584959
      6862.88      0.26329724    0.0097960833
      6869.74      0.26042522    0.0096233073
      6876.61      0.25884604    0.0094376503
      6883.49      0.25757304    0.0093106543
      6890.37      0.25828396    0.0092301209
      6897.27      0.26177196    0.0091739203
      6904.16      0.26610240    0.0091387801
      6911.07      0.26985495    0.0090908984
      6917.98      0.27602387    0.0090376762
      6924.89      0.28068991    0.0089840128
      6931.82      0.28260445    0.0089471365
      6938.75      0.28333923    0.0089331210
      6945.69      0.28360115    0.0089378839
      6952.64      0.28630247    0.0089496751
      6959.59      0.28944316    0.0089530056
      6966.55      0.29504543    0.0089478710
      6973.52      0.30396464    0.0088197330
      6980.49      0.31737696    0.0088058556
      6987.47      0.32984596    0.0087871270
      6994.46      0.34124797    0.0087649921
      7001.46      0.35526441    0.0087444054
      7008.46      0.37823964    0.0087262235
      7015.46      0.41803672    0.0087093701
      7022.48      0.48120685    0.0086910956
      7029.51      0.56638520    0.0086712545
      7036.53      0.65440948    0.0086522433
      7043.57      0.73825814    0.0086350105
      7050.62      0.81081912    0.0086190646
      7057.66      0.84812615    0.0086031205
      7064.72      0.83295280    0.0085879928
      7071.79      0.78045931    0.0085745684
      7078.86      0.70186550    0.0085622693
      7085.94      0.61580768    0.0085543895
      7093.03      0.53428474    0.0085557298
      7100.12      0.45592476    0.0085668154
      7107.22      0.39826992    0.0085986992
      7114.33      0.36697690    0.0086723153
      7121.44      0.34477262    0.0087959690
      7128.56      0.32136519    0.0089601728
      7135.69      0.30645689    0.0091246630
      7142.83      0.29698050    0.0092409533
      7149.97      0.29421978    0.0092658894
      7157.12      0.29404461    0.0091894639
      7164.28      0.29287684    0.0090415787
      7171.44      0.29563239    0.0088844597
      7178.62      0.29821726    0.0087926518
      7185.80      0.29944341    0.0086821420
      7192.98      0.30077394    0.0087239498
      7200.17      0.30247831    0.0087587127
      7207.38      0.30965408    0.0087474696
      7214.58      0.31835632    0.0087100120
      7221.80      0.32685871    0.0086645357
      7229.02      0.33640403    0.0086211587
      7236.25      0.34930692    0.0085734812
      7243.49      0.36736880    0.0085179009
      7250.73      0.38170297    0.0090461494
      7257.98      0.39596746    0.0099268523
      7265.24      0.40805497     0.011857549
      7272.51      0.41549013     0.017184696
