# starting wavelength =        3205.0500
# ending wavelength =        8207.3300
# O2 telluric scale =        0
# O2 telluric shift =        0
# H2O telluric scale =        0
# H2O telluric shift =        0
      3207.44      0.12497554     0.023521379
      3210.64      0.11907649     0.019182866
      3213.85      0.11519697     0.016496567
      3217.07      0.11354937     0.015020171
      3220.28      0.11111136     0.013280134
      3223.51      0.10931622     0.011564173
      3226.73      0.10864551     0.010596069
      3229.96      0.10791609    0.0098371596
      3233.19      0.10800043    0.0094078914
      3236.42      0.10940315    0.0088965600
      3239.66      0.11049554    0.0084188012
      3242.90      0.11157976    0.0081027984
      3246.14      0.11543999    0.0079263050
      3249.39      0.11466418    0.0076869161
      3252.64      0.11850285    0.0075067398
      3255.89      0.12009653    0.0073300543
      3259.14      0.12167391    0.0072382046
      3262.40      0.11988467    0.0070891500
      3265.67      0.12420730    0.0069524331
      3268.93      0.12751567    0.0069870615
      3272.20      0.12670982    0.0069583315
      3275.47      0.12926964    0.0069432995
      3278.75      0.13252843    0.0069137031
      3282.03      0.13946194    0.0069482414
      3285.31      0.14046519    0.0068699990
      3288.60      0.13815212    0.0068408949
      3291.88      0.13886148    0.0068752860
      3295.18      0.13935356    0.0068486415
      3298.47      0.13753250    0.0068304959
      3301.77      0.13407560    0.0068029115
      3305.07      0.13636404    0.0068389754
      3308.38      0.13789203    0.0068102775
      3311.69      0.14067674    0.0067310513
      3315.00      0.14645405    0.0067665155
      3318.31      0.14827482    0.0067380643
      3321.63      0.14842126    0.0067240306
      3324.95      0.14983396    0.0066946060
      3328.28      0.15244208    0.0067291207
      3331.61      0.15014411    0.0067019675
      3334.94      0.15160470    0.0066234328
      3338.27      0.15378870    0.0066574579
      3341.61      0.15406656    0.0066305518
      3344.95      0.15736262    0.0066671167
      3348.30      0.16187229    0.0066389324
      3351.65      0.16617973    0.0065594859
      3355.00      0.17003128    0.0065959181
      3358.35      0.17792498    0.0065678071
      3361.71      0.18320594    0.0066043454
      3365.07      0.18685714    0.0065253697
      3368.44      0.19755024    0.0064973415
      3371.81      0.20224447    0.0065331668
      3375.18      0.20739564    0.0065071943
      3378.56      0.21438540    0.0064896605
      3381.94      0.21798254    0.0064625064
      3385.32      0.22117923    0.0064365316
      3388.70      0.22507623    0.0064730964
      3392.09      0.22787266    0.0064456822
      3395.48      0.23214643    0.0064318040
      3398.88      0.23532268    0.0064032533
      3402.28      0.23995211    0.0063757624
      3405.68      0.24245137    0.0064128549
      3409.09      0.24243571    0.0063341479
      3412.49      0.24452016    0.0063695715
      3415.91      0.24889866    0.0063428386
      3419.32      0.24921942    0.0063170845
      3422.74      0.25332617    0.0063550603
      3426.17      0.25379196    0.0062734065
      3429.59      0.25233274    0.0062474240
      3433.02      0.25072332    0.0062861470
      3436.45      0.24862609    0.0062586082
      3439.89      0.24877890    0.0062965922
      3443.33      0.24702271    0.0062709604
      3446.78      0.24578237    0.0061904384
      3450.22      0.24750489    0.0062273370
      3453.67      0.24873341    0.0062012330
      3457.13      0.25145022    0.0061760859
      3460.58      0.25229531    0.0062146316
      3464.04      0.25400819    0.0061324255
      3467.51      0.25387164    0.0061068278
      3470.98      0.25767521    0.0061468698
      3474.45      0.25856008    0.0061196223
      3477.92      0.25784724    0.0061586615
      3481.40      0.25682702    0.0061331253
      3484.88      0.25592316    0.0060524926
      3488.37      0.25764675    0.0060902284
      3491.86      0.25929872    0.0060641362
      3495.35      0.26091826    0.0060390444
      3498.84      0.26202662    0.0060802983
      3502.34      0.26419791    0.0060534157
      3505.84      0.26866115    0.0060275181
      3509.35      0.27083243    0.0060141905
      3512.86      0.27455934    0.0059866569
      3516.37      0.27656506    0.0059599808
      3519.89      0.28050344    0.0060001700
      3523.41      0.28131630    0.0059749348
      3526.93      0.28233205    0.0059507527
      3530.46      0.28232912    0.0059918471
      3533.99      0.28053963    0.0059071196
      3537.53      0.28154070    0.0058819303
      3541.06      0.28068426    0.0059258388
      3544.60      0.27910108    0.0058989238
      3548.15      0.27749183    0.0058729443
      3551.70      0.27506456    0.0059149700
      3555.25      0.27140943    0.0058903249
      3558.80      0.26991912    0.0058664038
      3562.36      0.27007780    0.0058479854
      3565.92      0.26943420    0.0058222610
      3569.49      0.26725801    0.0057975055
      3573.06      0.26543483    0.0058436511
      3576.64      0.26649222    0.0058169619
      3580.21      0.27045103    0.0057909759
      3583.79      0.27236674    0.0058346123
      3587.38      0.27562484    0.0058099642
      3590.96      0.28153876    0.0057859455
      3594.55      0.28898260    0.0057626573
      3598.15      0.29498156    0.0057427587
      3601.75      0.30142869    0.0057177220
      3605.35      0.31051371    0.0056933173
      3608.96      0.32030521    0.0057411211
      3612.56      0.32988230    0.0057147358
      3616.18      0.33874332    0.0056891425
      3619.79      0.34754200    0.0057345811
      3623.41      0.35994318    0.0057101157
      3627.04      0.36862832    0.0056860903
      3630.66      0.37746147    0.0056629654
      3634.29      0.38519972    0.0057090896
      3637.93      0.39133327    0.0056837564
      3641.57      0.39683863    0.0056591822
      3645.21      0.40086885    0.0056464364
      3648.86      0.40294901    0.0056198057
      3652.50      0.40127313    0.0055938453
      3656.16      0.39923177    0.0055685830
      3659.81      0.39611551    0.0056158565
      3663.47      0.39076077    0.0055914846
      3667.14      0.38406241    0.0055677416
      3670.80      0.37773875    0.0056205052
      3674.48      0.37087420    0.0055944785
      3678.15      0.36276649    0.0055690148
      3681.83      0.35499431    0.0055440551
      3685.51      0.34664511    0.0055949233
      3689.20      0.33960701    0.0055709602
      3692.88      0.33153664    0.0055476765
      3696.58      0.32620297    0.0056021890
      3700.27      0.31961184    0.0055764732
      3703.98      0.31172113    0.0055511980
      3707.68      0.30302056    0.0055266039
      3711.39      0.29571030    0.0054317744
      3715.10      0.28679711    0.0054084197
      3718.81      0.28137377    0.0054637291
      3722.53      0.27426306    0.0054382836
      3726.26      0.26750878    0.0054132671
      3729.98      0.26108856    0.0053886029
      3733.71      0.25849945    0.0053645343
      3737.45      0.25681434    0.0052722411
      3741.18      0.25612557    0.0052492477
      3744.93      0.25511043    0.0052267348
      3748.67      0.25450407    0.0052047150
      3752.42      0.25482743    0.0052545955
      3756.17      0.25610159    0.0052303257
      3759.93      0.25933355    0.0052065717
      3763.69      0.26121541    0.0051166014
      3767.45      0.26351049    0.0050938121
      3771.22      0.26662117    0.0050714232
      3774.99      0.26965265    0.0050494782
      3778.77      0.27470646    0.0050275448
      3782.54      0.28278194    0.0050061341
      3786.33      0.28977442    0.0049847068
      3790.11      0.29838633    0.0050301040
      3793.90      0.31002319    0.0049428478
      3797.70      0.32241699    0.0049204903
      3801.50      0.33699139    0.0048985658
      3805.30      0.35531438    0.0048766406
      3809.10      0.37132316    0.0048551450
      3812.91      0.39051079    0.0048336471
      3816.73      0.41232443    0.0048124947
      3820.54      0.43439241    0.0047916608
      3824.36      0.45889583    0.0047113522
      3828.19      0.48430448    0.0046897990
      3832.02      0.51151614    0.0046682370
      3835.85      0.53928596    0.0046469005
      3839.68      0.56746267    0.0046256988
      3843.52      0.59633686    0.0046672458
      3847.37      0.62774127    0.0046462303
      3851.22      0.65913671    0.0046253525
      3855.07      0.68884777    0.0046047118
      3858.92      0.71631176    0.0045843403
      3862.78      0.74230468    0.0045638635
      3866.64      0.76780491    0.0044898341
      3870.51      0.79279883    0.0044688286
      3874.38      0.81592710    0.0044481928
      3878.26      0.83908278    0.0044276564
      3882.13      0.86027706    0.0044071923
      3886.02      0.88438447    0.0043871016
      3889.90      0.90966478    0.0043668094
      3893.79      0.93190497    0.0043468853
      3897.69      0.95401023    0.0043270235
      3901.59      0.97612748    0.0043072222
      3905.49      0.99922081    0.0042877365
      3909.39       1.0222180    0.0042683007
      3913.30       1.0439178    0.0042489324
      3917.22       1.0652703    0.0042296007
      3921.13       1.0864559    0.0041593653
      3925.06       1.1066033    0.0041405409
      3928.98       1.1236022    0.0041217835
      3932.91       1.1394955    0.0041031412
      3936.84       1.1520228    0.0040846673
      3940.78       1.1644719    0.0040661317
      3944.72       1.1743270    0.0040477329
      3948.67       1.1825296    0.0040293785
      3952.61       1.1904217    0.0040111517
      3956.57       1.1935716    0.0039930585
      3960.52       1.1952775    0.0039749868
      3964.48       1.1920586    0.0039570401
      3968.45       1.1852720    0.0039391089
      3972.42       1.1744011    0.0039211842
      3976.39       1.1628232    0.0039033969
      3980.37       1.1490245    0.0038856411
      3984.35       1.1324063    0.0038680251
      3988.33       1.1148588    0.0038505373
      3992.32       1.0961774    0.0038330863
      3996.31       1.0763090    0.0038156092
      4000.31       1.0569152    0.0037981761
      4004.31       1.0333607    0.0037808857
      4008.31       1.0113559    0.0037637211
      4012.32      0.98608800    0.0037465863
      4016.33      0.96315520    0.0037295914
      4020.35      0.93908503    0.0037125936
      4024.37      0.91657935    0.0036956023
      4028.40      0.89375665    0.0036787570
      4032.42      0.87042906    0.0036619341
      4036.46      0.84822061    0.0036452264
      4040.50      0.82709079    0.0036286526
      4044.54      0.80837580    0.0036121120
      4048.58      0.79031237    0.0035957017
      4052.63      0.77643928    0.0035792494
      4056.68      0.76297959    0.0035629352
      4060.74      0.75049054    0.0035467535
      4064.80      0.73954249    0.0035306197
      4068.86      0.72781611    0.0035145950
      4072.93      0.71326643    0.0034538967
      4077.01      0.69980581    0.0034382690
      4081.08      0.68489508    0.0034226944
      4085.17      0.67141798    0.0034072641
      4089.25      0.65821479    0.0033919876
      4093.34      0.64633894    0.0033767393
      4097.43      0.63437546    0.0033616579
      4101.53      0.62277898    0.0033466439
      4105.63      0.61237187    0.0033317318
      4109.74      0.60294228    0.0033169826
      4113.85      0.59607383    0.0033022845
      4117.96      0.59107585    0.0032877699
      4122.08      0.58734145    0.0032734106
      4126.20      0.58602528    0.0032591270
      4130.33      0.58658885    0.0032020389
      4134.46      0.58662348    0.0031875288
      4138.59      0.58732759    0.0031730865
      4142.73      0.58859969    0.0031588988
      4146.88      0.58905783    0.0031447728
      4151.02      0.58929352    0.0031307466
      4155.18      0.58896804    0.0031169364
      4159.33      0.59052390    0.0031392319
      4163.49      0.59257440    0.0031254940
      4167.65      0.59582974    0.0031119455
      4171.82      0.59762421    0.0030597009
      4175.99      0.59908627    0.0030457213
      4180.17      0.59955005    0.0030319700
      4184.35      0.60108166    0.0030182548
      4188.54      0.60107061    0.0030048027
      4192.72      0.60218513    0.0029914838
      4196.92      0.60201060    0.0029782956
      4201.11      0.60168184    0.0029653848
      4205.31      0.60350577    0.0029525779
      4209.52      0.60624114    0.0029039579
      4213.73      0.60797243    0.0029245915
      4217.94      0.61123836    0.0029113513
      4222.16      0.61346443    0.0028982399
      4226.38      0.61673905    0.0028854421
      4230.61      0.61986654    0.0028727910
      4234.84      0.62208572    0.0028603133
      4239.08      0.62698273    0.0028132297
      4243.32      0.63130307    0.0028012930
      4247.56      0.63575363    0.0027895791
      4251.81      0.63947180    0.0027781070
      4256.06      0.64389013    0.0027967813
      4260.32      0.64847911    0.0027844878
      4264.58      0.65173869    0.0027723918
      4268.84      0.65429648    0.0027268533
      4273.11      0.65624162    0.0027153903
      4277.38      0.65797412    0.0027041882
      4281.66      0.65877945    0.0026931785
      4285.94      0.65984346    0.0026824264
      4290.23      0.65849539    0.0026718934
      4294.52      0.65549523    0.0026556355
      4298.81      0.65155146    0.0026444834
      4303.11      0.64564854    0.0026336178
      4307.42      0.63890387    0.0026229641
      4311.72      0.63119452    0.0026125937
      4316.04      0.62197425    0.0026024683
      4320.35      0.61211621    0.0025589340
      4324.67      0.60192471    0.0025765985
      4329.00      0.59318311    0.0025661425
      4333.33      0.58569585    0.0025559224
      4337.66      0.57776422    0.0025460098
      4342.00      0.57127266    0.0025045808
      4346.34      0.56564458    0.0024941488
      4350.69      0.56045791    0.0024839646
      4355.04      0.55606016    0.0025016578
      4359.39      0.55381781    0.0024919633
      4363.75      0.55177759    0.0024522321
      4368.12      0.55106683    0.0024420522
      4372.48      0.55288376    0.0024321557
      4376.86      0.55647159    0.0024225367
      4381.23      0.56048580    0.0024401898
      4385.61      0.56665403    0.0024018229
      4390.00      0.57506943    0.0023918788
      4394.39      0.58424814    0.0023823148
      4398.79      0.59445657    0.0023730622
      4403.18      0.60625370    0.0023367224
      4407.59      0.62039531    0.0023531892
      4412.00      0.63553808    0.0023436328
      4416.41      0.65296463    0.0023344079
      4420.82      0.67044681    0.0023255849
      4425.25      0.69080883    0.0022902747
      4429.67      0.71175904    0.0023063912
      4434.10      0.73240027    0.0022972470
      4438.54      0.75580022    0.0022885006
      4442.97      0.77905533    0.0022537787
      4447.42      0.80292233    0.0022458819
      4451.86      0.82794941    0.0022614142
      4456.32      0.85359620    0.0022528243
      4460.77      0.87846725    0.0022187226
      4465.24      0.90541190    0.0022109915
      4469.70      0.93340980    0.0022036879
      4474.17      0.96274200    0.0022184111
      4478.65      0.99138918    0.0021849273
      4483.12       1.0228791    0.0021774948
      4487.61       1.0556618    0.0021704341
      4492.09       1.0896691    0.0021600709
      4496.59       1.1251881    0.0021524578
      4501.08       1.1609288    0.0021452956
      4505.58       1.1959234    0.0021384893
      4510.09       1.2319465    0.0021059515
      4514.60       1.2677921    0.0021212831
      4519.12       1.3044063    0.0021144127
      4523.63       1.3412964    0.0021079550
      4528.16       1.3774333    0.0020759365
      4532.69       1.4114562    0.0020913064
      4537.22       1.4422954    0.0020847631
      4541.76       1.4728710    0.0020540320
      4546.30       1.4991720    0.0020471111
      4550.85       1.5236466    0.0020626069
      4555.40       1.5444279    0.0020330091
      4559.95       1.5629839    0.0020260447
      4564.51       1.5779223    0.0020195303
      4569.08       1.5911663    0.0020352456
      4573.65       1.6005989    0.0020058084
      4578.22       1.6058007    0.0019993041
      4582.80       1.6080663    0.0019932877
      4587.38       1.6067493    0.0019863096
      4591.97       1.6033108    0.0019798349
      4596.56       1.5979890    0.0019738485
      4601.16       1.5911589    0.0019674883
      4605.76       1.5831359    0.0019610737
      4610.37       1.5727499    0.0019551768
      4614.98       1.5598202    0.0019285568
      4619.59       1.5445634    0.0019430518
      4624.21       1.5274051    0.0019372438
      4628.84       1.5075635    0.0019109135
      4633.47       1.4852526    0.0019256577
      4638.10       1.4617107    0.0019199976
      4642.74       1.4363793    0.0018940565
      4647.38       1.4108344    0.0019089864
      4652.03       1.3815574    0.0019034225
      4656.68       1.3517810    0.0018778619
      4661.34       1.3199918    0.0018735154
      4666.00       1.2858664    0.0018875336
      4670.67       1.2507781    0.0018623872
      4675.33       1.2164706    0.0018582563
      4680.01       1.1798002    0.0018520394
      4684.69       1.1443852    0.0018475590
      4689.38       1.1102549    0.0018436920
      4694.07       1.0729858    0.0018376902
      4698.76       1.0405498    0.0018334823
      4703.46       1.0100004    0.0018298461
      4708.16      0.97960915    0.0018239620
      4712.87      0.95272000    0.0018200208
      4717.58      0.92941953    0.0017962749
      4722.30      0.90987541    0.0018109295
      4727.03      0.89404575    0.0018073185
      4731.75      0.88355253    0.0017836697
      4736.48      0.87574378    0.0017985541
      4741.22      0.87120448    0.0017758273
      4745.96      0.86741990    0.0017717165
      4750.71      0.86522093    0.0017869081
      4755.46      0.86463942    0.0017641990
      4760.22      0.86331773    0.0017604306
      4764.97      0.86345163    0.0017572004
      4769.74      0.86214412    0.0017532403
      4774.51      0.86130009    0.0017684644
      4779.29      0.86011232    0.0017465063
      4784.07      0.85784260    0.0017429911
      4788.85      0.85710562    0.0017403028
      4793.64      0.85633432    0.0017365303
      4798.43      0.85490428    0.0017334891
      4803.23      0.85396568    0.0017305763
      4808.03      0.85514820    0.0017273072
      4812.84      0.85585377    0.0017249984
      4817.66      0.85917362    0.0017215380
      4822.48      0.86475675    0.0017013750
      4827.30      0.87210842    0.0017162696
      4832.12      0.88150688    0.0017133585
      4836.96      0.89251512    0.0016938963
      4841.79      0.90632960    0.0017082952
      4846.63      0.92208005    0.0016887550
      4851.48      0.93889639    0.0017036076
      4856.33      0.95913296    0.0016840373
      4861.19      0.98065244    0.0016993166
      4866.05       1.0048991    0.0016796599
      4870.92       1.0278759    0.0016779396
      4875.79       1.0530992    0.0016756259
      4880.66       1.0750752    0.0016738967
      4885.55       1.0980381    0.0016719951
      4890.43       1.1139289    0.0016701073
      4895.32       1.1268615    0.0016690741
      4900.22       1.1344583    0.0016667098
      4905.12       1.1355119    0.0016656296
      4910.02       1.1320992    0.0016636296
      4914.94       1.1243086    0.0016625069
      4919.85       1.1096184    0.0016608393
      4924.77       1.0931624    0.0016596870
      4929.70       1.0723932    0.0016412304
      4934.62       1.0490078    0.0016571924
      4939.56       1.0236985    0.0016390306
      4944.50      0.99743951    0.0016550029
      4949.44      0.97203669    0.0016370660
      4954.39      0.94783979    0.0016530604
      4959.35      0.92756478    0.0016354187
      4964.31      0.90858373    0.0016514816
      4969.27      0.89429909    0.0016340086
      4974.24      0.88163346    0.0016501118
      4979.22      0.87188207    0.0016328447
      4984.20      0.86384029    0.0016319451
      4989.18      0.85779968    0.0016319620
      4994.17      0.85327319    0.0016311341
      4999.16      0.85139664    0.0016312868
      5004.16      0.85079946    0.0016150826
      5009.17      0.85231529    0.0016308741
      5014.18      0.85486257    0.0016148335
      5019.19      0.85906607    0.0016307340
      5024.21      0.86455807    0.0016148272
      5029.23      0.87045955    0.0016307819
      5034.26      0.87649256    0.0016150716
      5039.30      0.88149237    0.0016310965
      5044.34      0.88689537    0.0016156244
      5049.39      0.89334968    0.0016316736
      5054.43      0.89819093    0.0016163563
      5059.49      0.90244513    0.0016324542
      5064.55      0.90579377    0.0016174139
      5069.61      0.90753684    0.0016182325
      5074.68      0.91011905    0.0016187213
      5079.76      0.91187147    0.0016195320
      5084.84      0.91384823    0.0016202978
      5089.92      0.91647475    0.0016211459
      5095.01      0.91879868    0.0016221793
      5100.11      0.92122659    0.0016230138
      5105.21      0.92539797    0.0016080825
      5110.31      0.93103199    0.0016251480
      5115.42      0.93828874    0.0016267149
      5120.54      0.94850028    0.0016275813
      5125.66      0.96007552    0.0016291042
      5130.79      0.97354323    0.0016146791
      5135.92      0.98867217    0.0016317592
      5141.05       1.0053801    0.0016172334
      5146.20       1.0242601    0.0016347297
      5151.34       1.0437362    0.0016200866
      5156.49       1.0641224    0.0016227884
      5161.65       1.0862980    0.0016232008
      5166.81       1.1101670    0.0016258008
      5171.98       1.1363434    0.0016434756
      5177.15       1.1624090    0.0016291346
      5182.33       1.1902563    0.0016322578
      5187.51       1.2179548    0.0016327631
      5192.70       1.2460010    0.0016357507
      5197.89       1.2734784    0.0016367234
      5203.09       1.3007337    0.0016395995
      5208.29       1.3287875    0.0016430410
      5213.50       1.3554364    0.0016437595
      5218.72       1.3840780    0.0016470383
      5223.93       1.4102666    0.0016337337
      5229.16       1.4346019    0.0016514237
      5234.39       1.4580516    0.0016550846
      5239.62       1.4773114    0.0016415377
      5244.86       1.4963581    0.0016596096
      5250.11       1.5126281    0.0016466344
      5255.36       1.5263469    0.0016499049
      5260.61       1.5396718    0.0016683792
      5265.87       1.5517843    0.0016552389
      5271.14       1.5633063    0.0016587968
      5276.41       1.5713949    0.0016609871
      5281.69       1.5782009    0.0016790789
      5286.97       1.5832950    0.0017370233
      5292.26       1.5854234    0.0017325777
      5297.55       1.5856766    0.0017438758
      5302.85       1.5857662    0.0017595552
      5308.15       1.5858975    0.0017923849
      5313.46       1.5852807    0.0018466664
      5318.77       1.5845777    0.0018623302
      5324.09       1.5826304    0.0019697559
      5329.42       1.5792772    0.0021112315
      5334.75       1.5767207    0.0022354159
      5340.08       1.5709374    0.0024394392
      5345.42       1.5684045    0.0026803308
      5350.77       1.5674810    0.0030352080
      5356.12       1.5675465    0.0033507190
      5361.48       1.5716431    0.0028262910
      5366.83       1.5767226    0.0028453902
      5372.20       1.5823177    0.0028802108
      5377.58       1.5878357    0.0028605879
      5382.95       1.5972676    0.0027773841
      5388.34       1.6065144    0.0029047225
      5393.72       1.6186116    0.0028287807
      5399.12       1.6298484    0.0028260136
      5404.52       1.6437874    0.0028234806
      5409.92       1.6567081    0.0028211876
      5415.33       1.6690409    0.0028191354
      5420.75       1.6781983    0.0029012708
      5426.17       1.6903379    0.0030561710
      5431.60       1.6999761    0.0028142529
      5437.03       1.7042939    0.0028827061
      5442.47       1.7046410    0.0029148733
      5447.91       1.7010967    0.0029203063
      5453.36       1.6931515    0.0040093959
      5458.81       1.6861904    0.0035303251
      5464.27       1.6732807    0.0032148360
      5469.73       1.6605437    0.0029175196
      5475.20       1.6502333    0.0026523700
      5480.68       1.6410254    0.0024259050
      5486.16       1.6327255    0.0022914532
      5491.65       1.6247218    0.0021314681
      5497.14       1.6170055    0.0020527494
      5502.64       1.6106016    0.0019685989
      5508.14       1.6049467    0.0019338757
      5513.65       1.6011783    0.0019104733
      5519.16       1.5988389    0.0019159039
      5524.68       1.5970552    0.0019437655
      5530.20       1.5932569    0.0018717759
      5535.73       1.5891507    0.0018347021
      5541.27       1.5851897    0.0018406196
      5546.81       1.5797984    0.0018286006
      5552.36       1.5741470    0.0018348283
      5557.91       1.5670234    0.0018412745
      5563.47       1.5602947    0.0018627126
      5569.04       1.5513517    0.0018505350
      5574.60       1.5412746    0.0018568644
      5580.18       1.5300297    0.0018633733
      5585.76       1.5166803    0.0018700459
      5591.35       1.5016152    0.0018731433
      5596.94       1.4845122    0.0018795025
      5602.53       1.4659116    0.0018860178
      5608.14       1.4458685    0.0018927240
      5613.75       1.4238905    0.0018995685
      5619.36       1.4010663    0.0018877166
      5624.98       1.3756660    0.0019093783
      5630.60       1.3477402    0.0019160443
      5636.23       1.3193972    0.0019228606
      5641.87       1.2887608    0.0019298231
      5647.51       1.2582045    0.0019180933
      5653.16       1.2275940    0.0019246736
      5658.82       1.1970838    0.0019314071
      5664.47       1.1691911    0.0019537802
      5670.14       1.1428384    0.0019608148
      5675.81       1.1204422    0.0019493709
      5681.48       1.1005605    0.0019560444
      5687.17       1.0855386    0.0019628602
      5692.85       1.0764350    0.0019697648
      5698.55       1.0718503    0.0019767800
      5704.25       1.0740378    0.0019649608
      5709.95       1.0795458    0.0019884141
      5715.66       1.0908460    0.0019952322
      5721.38       1.1066749    0.0020021577
      5727.10       1.1256813    0.0020091840
      5732.83       1.1452746    0.0020163109
      5738.56       1.1650186    0.0020042017
      5744.30       1.1862211    0.0020114084
      5750.04       1.2077718    0.0020186976
      5755.79       1.2296063    0.0020260738
      5761.55       1.2503886    0.0020335103
      5767.31       1.2682244    0.0020569718
      5773.08       1.2848516    0.0020642274
      5778.85       1.2981902    0.0020517880
      5784.63       1.3094846    0.0020591250
      5790.41       1.3194317    0.0020665157
      5796.21       1.3285387    0.0020739471
      5802.00       1.3357136    0.0020814507
      5807.81       1.3408471    0.0020890605
      5813.61       1.3466327    0.0020968177
      5819.43       1.3508565    0.0021047479
      5825.25       1.3559377    0.0021088220
      5831.07       1.3602969    0.0021783607
      5836.90       1.3631416    0.0022555402
      5842.74       1.3649379    0.0023772416
      5848.58       1.3684537    0.0022739665
      5854.43       1.3723395    0.0021975137
      5860.29       1.3762050    0.0022555222
      5866.15       1.3796910    0.0023674299
      5872.01       1.3831755    0.0024910390
      5877.89       1.3856393    0.0026278243
      5883.76       1.3875658    0.0027245058
      5889.65       1.3857663    0.0028271018
      5895.54       1.3858308    0.0028643199
      5901.43       1.3834714    0.0028201617
      5907.34       1.3772556    0.0027333083
      5913.24       1.3683222    0.0026232414
      5919.16       1.3581003    0.0025103796
      5925.08       1.3469514    0.0024114372
      5931.00       1.3349271    0.0023432292
      5936.93       1.3225353    0.0023562995
      5942.87       1.3050126    0.0026410320
      5948.81       1.2918876    0.0024875004
      5954.76       1.2803073    0.0023985615
      5960.72       1.2698699    0.0023202680
      5966.68       1.2596733    0.0022827881
      5972.64       1.2491805    0.0022889271
      5978.62       1.2417170    0.0022741929
      5984.60       1.2349963    0.0022808147
      5990.58       1.2300389    0.0022878268
      5996.57       1.2252974    0.0022945643
      6002.57       1.2212794    0.0023011299
      6008.57       1.2198519    0.0022909128
      6014.58       1.2172213    0.0022981784
      6020.60       1.2141857    0.0023055825
      6026.62       1.2115436    0.0023130477
      6032.65       1.2087719    0.0023206484
      6038.68       1.2059960    0.0023283935
      6044.72       1.2023753    0.0023361343
      6050.76       1.1983668    0.0023438538
      6056.81       1.1946434    0.0023516222
      6062.87       1.1906540    0.0023594520
      6068.93       1.1865836    0.0023673021
      6075.00       1.1818453    0.0023751725
      6081.08       1.1756877    0.0023830447
      6087.16       1.1687638    0.0023909486
      6093.25       1.1611565    0.0023988859
      6099.34       1.1521012    0.0024068121
      6105.44       1.1411620    0.0023960383
      6111.54       1.1280066    0.0024037430
      6117.66       1.1139451    0.0024114698
      6123.78       1.0980433    0.0024191833
      6129.90       1.0795503    0.0024269127
      6136.03       1.0589355    0.0024564994
      6142.17       1.0384307    0.0024643259
      6148.31       1.0168961    0.0024721496
      6154.46      0.99569984    0.0024799984
      6160.61      0.97469573    0.0024878479
      6166.77      0.95627369    0.0024774003
      6172.94      0.94127217    0.0024849429
      6179.11      0.92867450    0.0024925115
      6185.29      0.91929827    0.0025000828
      6191.48      0.91241342    0.0025077370
      6197.67      0.90921612    0.0025156400
      6203.87      0.90898101    0.0025242249
      6210.07      0.91127940    0.0025330691
      6216.28      0.91711590    0.0025225060
      6222.50      0.92352709    0.0025304880
      6228.72      0.93003731    0.0025398601
      6234.95      0.93898885    0.0025730533
      6241.19      0.94691703    0.0025850420
      6247.42      0.95516671    0.0025981402
      6253.67      0.96363198    0.0026118568
      6259.93      0.97225547    0.0026070193
      6266.19      0.98103419    0.0026198190
      6272.46      0.99085577    0.0026315029
      6278.73       1.0018840    0.0026416137
      6285.01       1.0139663    0.0026498541
      6291.29       1.0281755    0.0026350381
      6297.58       1.0439927    0.0026615231
      6303.88       1.0611063    0.0026641835
      6310.19       1.0781881    0.0026666182
      6316.50       1.0970979    0.0026698681
      6322.81       1.1153979    0.0026748005
      6329.14       1.1342129    0.0026599739
      6335.47       1.1526671    0.0026642891
      6341.80       1.1703249    0.0026912433
      6348.14       1.1859213    0.0026968332
      6354.49       1.2004816    0.0027026393
      6360.85       1.2129173    0.0026885095
      6367.21       1.2243033    0.0026942118
      6373.57       1.2340398    0.0027002032
      6379.95       1.2413023    0.0027064940
      6386.33       1.2464231    0.0027168668
      6392.72       1.2495585    0.0027231860
      6399.11       1.2518702    0.0027298423
      6405.51       1.2524316    0.0027367433
      6411.92       1.2515960    0.0027245495
      6418.32       1.2498680    0.0027318935
      6424.74       1.2457253    0.0027624132
      6431.17       1.2409664    0.0027704024
      6437.60       1.2361195    0.0027600719
      6444.04       1.2313160    0.0027694707
      6450.48       1.2264343    0.0027785516
      6456.94       1.2224883    0.0028103946
      6463.39       1.2182000    0.0027988063
      6469.85       1.2159953    0.0028069700
      6476.33       1.2155209    0.0028148234
      6482.80       1.2156149    0.0028222037
      6489.28       1.2174690    0.0028306953
      6495.77       1.2198426    0.0028363969
      6502.27       1.2228763    0.0028421166
      6508.77       1.2265855    0.0028270186
      6515.28       1.2305933    0.0028561393
      6521.80       1.2353529    0.0028623509
      6528.32       1.2397567    0.0028688340
      6534.85       1.2427536    0.0028538213
      6541.38       1.2458105    0.0028590760
      6547.92       1.2485676    0.0028878011
      6554.47       1.2495123    0.0028720894
      6561.03       1.2500400    0.0028771031
      6567.59       1.2495369    0.0028825237
      6574.16       1.2473927    0.0028905399
      6580.73       1.2441558    0.0028946628
      6587.31       1.2394244    0.0028995122
      6593.90       1.2353569    0.0029086262
      6600.50       1.2296246    0.0029136899
      6607.10       1.2226517    0.0029190681
      6613.70       1.2154508    0.0029045588
      6620.32       1.2071833    0.0029339117
      6626.94       1.1996795    0.0029393016
      6633.57       1.1908061    0.0029244945
      6640.20       1.1819876    0.0029304484
      6646.84       1.1743540    0.0029590961
      6653.49       1.1668889    0.0029441391
      6660.14       1.1589828    0.0029500207
      6666.80       1.1525695    0.0029787487
      6673.47       1.1460736    0.0029634589
      6680.14       1.1398165    0.0029692563
      6686.82       1.1346789    0.0029770078
      6693.51       1.1292402    0.0029823085
      6700.20       1.1239374    0.0029880108
      6706.90       1.1182640    0.0029955146
      6713.61       1.1133069    0.0030007284
      6720.32       1.1095493    0.0029849218
      6727.05       1.1057190    0.0030134904
      6733.77       1.1018111    0.0030187296
      6740.51       1.0974802    0.0030023685
      6747.25       1.0921758    0.0030310110
      6754.00       1.0870841    0.0030150074
      6760.75       1.0810349    0.0030193357
      6767.51       1.0742702    0.0030480861
      6774.28       1.0675891    0.0030315035
      6781.05       1.0597881    0.0030369422
      6787.84       1.0492802    0.0030528711
      6794.62       1.0385909    0.0030659590
      6801.42       1.0274040    0.0030513548
      6808.22       1.0163270    0.0030761439
      6815.03       1.0063115    0.0030881985
      6821.85      0.99616246    0.0031209719
      6828.67      0.98784599    0.0031531398
      6835.50      0.98119007    0.0031770666
      6842.33      0.97457994    0.0032566893
      6849.17      0.96885647    0.0032872904
      6856.02      0.96281029    0.0033336407
      6862.88      0.96001861    0.0033850648
      6869.74      0.96090506    0.0034112233
      6876.61      0.96341461    0.0034257579
      6883.49      0.97031371    0.0034203168
      6890.37      0.97738673    0.0033707392
      6897.27      0.98080446    0.0033658534
      6904.16      0.98350670    0.0033343273
      6911.07      0.98727260    0.0032954616
      6917.98      0.99214841    0.0032766813
      6924.89      0.99875983    0.0032621510
      6931.82       1.0042034    0.0032451310
      6938.75       1.0084496    0.0032029989
      6945.69       1.0114566    0.0032156696
      6952.64       1.0118492    0.0031861247
      6959.59       1.0110873    0.0031803469
      6966.55       1.0087508    0.0031759523
      6973.52       1.0040580    0.0031753848
      6980.49      0.99819531    0.0031750400
      6987.47      0.99128528    0.0031787405
      6994.46      0.98838726    0.0031802826
      7001.46      0.98407524    0.0031840341
      7008.46      0.97960132    0.0031840122
      7015.46      0.97587216    0.0031849709
      7022.48      0.97012184    0.0031828250
      7029.51      0.96354416    0.0031598631
      7036.53      0.95989848    0.0031813188
      7043.57      0.95952552    0.0031595195
      7050.62      0.96437405    0.0031594252
      7057.66      0.96848675    0.0031592389
      7064.72      0.97414651    0.0031593624
      7071.79      0.97583075    0.0031600439
      7078.86      0.97574783    0.0031613972
      7085.94      0.97761106    0.0031643852
      7093.03      0.98271192    0.0031696138
      7100.12      0.99097175    0.0031521914
      7107.22      0.99687342    0.0031806971
      7114.33      0.99937317    0.0031889880
      7121.44       1.0040946    0.0031980516
      7128.56       1.0126069    0.0032162351
      7135.69       1.0204408    0.0032195062
      7142.83       1.0265933    0.0032722292
      7149.97       1.0332424    0.0032889805
      7157.12       1.0386897    0.0033484705
      7164.28       1.0413442    0.0033551933
      7171.44       1.0429639    0.0033803822
      7178.62       1.0472135    0.0033913174
      7185.80       1.0539785    0.0033999235
      7192.98       1.0589923    0.0034014977
      7200.17       1.0603748    0.0033955402
      7207.38       1.0556776    0.0033872745
      7214.58       1.0515526    0.0033805302
      7221.80       1.0506798    0.0033780865
      7229.02       1.0541571    0.0033569553
      7236.25       1.0581576    0.0033842305
      7243.49       1.0600604    0.0033880363
      7250.73       1.0594760    0.0033624596
      7257.98       1.0639599    0.0033809092
      7265.24       1.0663779    0.0033465658
      7272.51       1.0639582    0.0033294682
      7279.78       1.0664663    0.0033375526
      7287.06       1.0704024    0.0033013737
      7294.35       1.0700895    0.0032842457
      7301.64       1.0702500    0.0032436725
      7308.94       1.0719326    0.0032474723
      7316.25       1.0761622    0.0032269195
      7323.57       1.0799120    0.0031889474
      7330.89       1.0844419    0.0031969520
      7338.22       1.0877858    0.0031825805
      7345.56       1.0921261    0.0031505841
      7352.91       1.0947218    0.0031636003
      7360.26       1.1002809    0.0031346067
      7367.62       1.1060954    0.0031272699
      7374.99       1.1097281    0.0031196062
      7382.37       1.1091554    0.0031121238
      7389.75       1.1030935    0.0031043291
      7397.14       1.0944397    0.0030975781
      7404.53       1.0817480    0.0030710753
      7411.94       1.0668646    0.0030861896
      7419.35       1.0538812    0.0030811764
      7426.77       1.0347772    0.0030560068
      7434.20       1.0093273    0.0030508322
      7441.63      0.98459920    0.0030668894
      7449.07      0.95775141    0.0030427737
      7456.52      0.92931572    0.0030381096
      7463.98      0.90070372    0.0030336069
      7471.45      0.87417011    0.0030498775
      7478.92      0.84887947    0.0030257498
      7486.40      0.82583518    0.0030211121
      7493.88      0.79839676    0.0030170563
      7501.38      0.77354831    0.0029990020
      7508.88      0.75526912    0.0030337504
      7516.39      0.73992602    0.0030695892
      7523.91      0.72973738    0.0030925178
      7531.43      0.72406876    0.0030475793
      7538.96      0.72207876    0.0030551062
      7546.50      0.72455225    0.0031202900
      7554.05      0.73046828    0.0032187283
      7561.60      0.74312585    0.0033356557
      7569.16      0.76118955    0.0035254600
      7576.73      0.78165047    0.0037498632
      7584.31      0.80174032    0.0039838602
      7591.89      0.82592670    0.0041662207
      7599.49      0.86017812    0.0043604182
      7607.09      0.89170185    0.0044660720
      7614.70      0.90848467    0.0044516075
      7622.31      0.91649821    0.0043035751
      7629.93      0.92058891    0.0041096841
      7637.56      0.92251176    0.0039242792
      7645.20      0.92498640    0.0036789237
      7652.85      0.93055639    0.0034623723
      7660.50      0.93585878    0.0032977574
      7668.16      0.94390010    0.0031607948
      7675.83      0.95394481    0.0030469435
      7683.50      0.96443247    0.0029665385
      7691.19      0.97688281    0.0029178054
      7698.88      0.99039712    0.0028873473
      7706.58       1.0084249    0.0028504990
      7714.29       1.0278324    0.0027867122
      7722.00       1.0449035    0.0027615530
      7729.73       1.0584896    0.0027089866
      7737.45       1.0727163    0.0026784019
      7745.19       1.0905368    0.0026325342
      7752.94       1.1052055    0.0026196046
      7760.69       1.1147237    0.0025775175
      7768.45       1.1210628    0.0025528480
      7776.22       1.1258554    0.0025132172
      7784.00       1.1300759    0.0025025265
      7791.78       1.1332428    0.0024645184
      7799.57       1.1346198    0.0024273842
      7807.37       1.1343442    0.0024048223
      7815.18       1.1324405    0.0023806801
      7822.99       1.1295415    0.0023590386
      7830.82       1.1251519    0.0023246331
      7838.65       1.1205124    0.0023043296
      7846.49       1.1150829    0.0022823123
      7854.34       1.1095365    0.0022502013
      7862.19       1.1028334    0.0022299082
      7870.05       1.0943048    0.0021976775
      7877.93       1.0854738    0.0021869437
      7885.80       1.0762124    0.0021554466
      7893.69       1.0665154    0.0021242748
      7901.58       1.0546086    0.0021042233
      7909.49       1.0413062    0.0020815096
      7917.40       1.0252718    0.0020507247
      7925.31       1.0063929    0.0020306380
      7933.24      0.98641700    0.0020077830
      7941.17      0.96367883    0.0019779061
      7949.11      0.93870217    0.0019583468
      7957.06      0.91199886    0.0019293276
      7965.02      0.88388281    0.0019072510
      7972.98      0.85520302    0.0018880815
      7980.96      0.82466796    0.0018598838
      7988.94      0.79296401    0.0018383528
      7996.93      0.76201155    0.0018202441
      8004.93      0.72989382    0.0017938853
      8012.93      0.69761152    0.0017678967
      8020.95      0.66483249    0.0017477568
      8028.97      0.63399279    0.0017461799
      8036.99      0.60410176    0.0017662589
      8045.03      0.57338225    0.0017948621
      8053.08      0.54367900    0.0018225227
      8061.13      0.51442511    0.0018667250
      8069.20      0.48585634    0.0019215588
      8077.26      0.45864442    0.0019810370
      8085.34      0.43275112    0.0020845217
      8093.43      0.40726261    0.0022064173
      8101.52      0.38378766    0.0023465064
      8109.62      0.36193152    0.0025935534
      8117.73      0.34175806    0.0028823745
      8125.85      0.32326678    0.0032123906
      8133.98      0.30565061    0.0037641855
      8142.11      0.28843431    0.0044061805
      8150.25      0.27150162    0.0051118837
      8158.41             NaN    0.0062298280
      8166.56             NaN    0.0075620497
      8174.73             NaN    0.0089957746
      8182.91             NaN     0.011183122
      8191.09             NaN     0.013924445
      8199.28             NaN     0.016852531
