# starting wavelength =        3466.0200
# ending wavelength =        7371.0000
# O2 telluric scale =        0
# O2 telluric shift =        0
# H2O telluric scale =        0
# H2O telluric shift =        0
      3467.51       1.6616798      0.11142278
      3470.98       1.6897304     0.094463966
      3474.45       1.7059725     0.080967394
      3477.92       1.7190405     0.070326920
      3481.40       1.7222870     0.063500045
      3484.88       1.7296906     0.056739676
      3488.37       1.7239109     0.051453683
      3491.86       1.7160166     0.047352779
      3495.35       1.6934579     0.043612447
      3498.84       1.6867121     0.041256202
      3502.34       1.6712698     0.039412421
      3505.84       1.6682827     0.037947078
      3509.35       1.6634678     0.036768955
      3512.86       1.6516596     0.035750408
      3516.37       1.6346511     0.034898177
      3519.89       1.6240988     0.034178816
      3523.41       1.6315242     0.033565156
      3526.93       1.6225283     0.032817948
      3530.46       1.6141597     0.032365116
      3533.99       1.5908674     0.032397514
      3537.53       1.5959377     0.032275068
      3541.06       1.5772119     0.032100697
      3544.60       1.5819450     0.032135878
      3548.15       1.5863084     0.032016430
      3551.70       1.6000824     0.032050351
      3555.25       1.5897804     0.031719364
      3558.80       1.6012482     0.031754448
      3562.36       1.6192437     0.031793980
      3565.92       1.6288303     0.031676546
      3569.49       1.6225645     0.031498428
      3573.06       1.6245563     0.031540241
      3576.64       1.6284664     0.031416160
      3580.21       1.6361903     0.031461110
      3583.79       1.6325288     0.031123332
      3587.38       1.6311327     0.031166404
      3590.96       1.6413402     0.031208132
      3594.55       1.6404151     0.030874007
      3598.15       1.6299401     0.030916157
      3601.75       1.6120651     0.030960625
      3605.35       1.6087527     0.030844596
      3608.96       1.5923912     0.030669090
      3612.56       1.5512612     0.030716951
      3616.18       1.5398628     0.030594008
      3619.79       1.5348478     0.030646275
      3623.41       1.5297277     0.030472580
      3627.04       1.5154512     0.030355593
      3630.66       1.4964397     0.030401417
      3634.29       1.4799329     0.030236677
      3637.93       1.4755586     0.030112595
      3641.57       1.4696159     0.030166411
      3645.21       1.4580955     0.030217317
      3648.86       1.4488545     0.029878497
      3652.50       1.4508633     0.029928756
      3656.16       1.4336482     0.029986152
      3659.81       1.4354586     0.029642539
      3663.47       1.4385882     0.029698968
      3667.14       1.4296368     0.029753314
      3670.80       1.4279800     0.029590900
      3674.48       1.4196797     0.029466857
      3678.15       1.4140125     0.029528147
      3681.83       1.4024961     0.029359040
      3685.51       1.4040338     0.029243410
      3689.20       1.4023707     0.029299663
      3692.88       1.4180412     0.029137834
      3696.58       1.4367239     0.029197074
      3700.27       1.4492145     0.029083371
      3703.98       1.4364084     0.029142185
      3707.68       1.4312464     0.028979134
      3711.39       1.4351007     0.029045014
      3715.10       1.4520137     0.028933495
      3718.81       1.4561916     0.028761568
      3722.53       1.4833590     0.028829872
      3726.26       1.4975516     0.028904251
      3729.98       1.4900120     0.028546431
      3733.71       1.4925917     0.028621560
      3737.45       1.4965310     0.028454531
      3741.18       1.5062505     0.028531282
      3744.93       1.5185442     0.028408718
      3748.67       1.5267390     0.028247688
      3752.42       1.5281984     0.028323251
      3756.17       1.5197985     0.028401624
      3759.93       1.4980521     0.028043444
      3763.69       1.4744586     0.028118889
      3767.45       1.4505037     0.028205820
      3771.22       1.4460126     0.028038842
      3774.99       1.4276572     0.028124147
      3778.77       1.4284772     0.028003710
      3782.54       1.4159792     0.027841169
      3786.33       1.4211351     0.027931873
      3790.11       1.4289378     0.027766502
      3793.90       1.4140502     0.027859032
      3797.70       1.4052268     0.027736979
      3801.50       1.4017790     0.027575971
      3805.30       1.3971663     0.027671906
      3809.10       1.3827063     0.027764500
      3812.91       1.3792028     0.027606098
      3816.73       1.3645089     0.027705027
      3820.54       1.3643077     0.027323239
      3824.36       1.3610032     0.027426760
      3828.19       1.3743108     0.027524814
      3832.02       1.3820652     0.027366003
      3835.85       1.3839032     0.027474340
      3839.68       1.3918884     0.027582029
      3843.52       1.4017833     0.027426405
      3847.37       1.4255738     0.027299644
      3851.22       1.4507320     0.027140426
      3855.07       1.4570329     0.027259238
      3858.92       1.4776522     0.027094741
      3862.78       1.4831920     0.026986187
      3866.64       1.5022275     0.026817949
      3870.51       1.5102291     0.026656553
      3874.38       1.5193203     0.026547666
      3878.26       1.5301700     0.026382314
      3882.13       1.5237941     0.026223687
      3886.02       1.5243900     0.026114957
      3889.90       1.5212740     0.025952387
      3893.79       1.5251378     0.025573657
      3897.69       1.5241889     0.025688373
      3901.59       1.5012753     0.025528685
      3905.49       1.5053813     0.025155008
      3909.39       1.4998653     0.025008861
      3913.30       1.4999216     0.025110196
      3917.22       1.4956719     0.024742754
      3921.13       1.4979688     0.024596925
      3925.06       1.5063309     0.024697973
      3928.98       1.5087301     0.024334760
      3932.91       1.5051789     0.024190498
      3936.84       1.4888886     0.024291099
      3940.78       1.4822590     0.023932743
      3944.72       1.4631389     0.023789554
      3948.67       1.4630777     0.023650265
      3952.61       1.4643832     0.023536558
      3956.57       1.4610269     0.023393164
      3960.52       1.4610432     0.023255204
      3964.48       1.4602220     0.022917398
      3968.45       1.4726354     0.023003497
      3972.42       1.4609868     0.022864787
      3976.39       1.4484105     0.022536926
      3980.37       1.4570482     0.022396048
      3984.35       1.4667596     0.022480699
      3988.33       1.4790082     0.022162712
      3992.32       1.4915588     0.022021800
      3996.31       1.4985348     0.021885276
      4000.31       1.5102178     0.021967871
      4004.31       1.5015793     0.021655115
      4008.31       1.5030041     0.021517319
      4012.32       1.4988882     0.021383538
      4016.33       1.5001873     0.021294429
      4020.35       1.4934221     0.021157271
      4024.37       1.4973303     0.021023038
      4028.40       1.5008803     0.020891604
      4032.42       1.4975471     0.020591895
      4036.46       1.4962641     0.020669943
      4040.50       1.4918185     0.020538791
      4044.54       1.4871039     0.020409341
      4048.58       1.4661987     0.020115667
      4052.63       1.4676120     0.020193029
      4056.68       1.4702114     0.020064171
      4060.74       1.4594408     0.019936963
      4064.80       1.4439927     0.019648780
      4068.86       1.4360467     0.019527434
      4072.93       1.4109060     0.019599158
      4077.01       1.4047166     0.019474033
      4081.08       1.3997112     0.019190746
      4085.17       1.3986840     0.019070906
      4089.25       1.3960115     0.018952723
      4093.34       1.3932881     0.018836826
      4097.43       1.3856635     0.018743300
      4101.53       1.3762768     0.018624825
      4105.63       1.3825610     0.018508405
      4109.74       1.3897512     0.018393280
      4113.85       1.3978369     0.018131981
      4117.96       1.4034543     0.018015653
      4122.08       1.4049720     0.018074435
      4126.20       1.4168674     0.017960054
      4130.33       1.4283428     0.017847664
      4134.46       1.4202522     0.017595593
      4138.59       1.4088894     0.017481787
      4142.73       1.4031219     0.017369444
      4146.88       1.4020391     0.017258375
      4151.02       1.3784630     0.017314820
      4155.18       1.3751661     0.017074059
      4159.33       1.3814538     0.016962688
      4163.49       1.3675774     0.016853168
      4167.65       1.3601187     0.016744765
      4171.82       1.3365658     0.016637858
      4175.99       1.3223292     0.016531599
      4180.17       1.3167601     0.016296808
      4184.35       1.3180138     0.016354082
      4188.54       1.3083151     0.016247800
      4192.72       1.3086342     0.016142307
      4196.92       1.2964718     0.016038087
      4201.11       1.2983938     0.015935159
      4205.31       1.2946345     0.015707619
      4209.52       1.2947243     0.015607201
      4213.73       1.2836126     0.015508059
      4217.94       1.2752133     0.015409737
      4222.16       1.2698153     0.015312610
      4226.38       1.2646213     0.015360611
      4230.61       1.2573092     0.015261643
      4234.84       1.2600482     0.015043260
      4239.08       1.2615626     0.014946590
      4243.32       1.2525451     0.014850691
      4247.56       1.2469442     0.014755678
      4251.81       1.2462649     0.014661710
      4256.06       1.2548985     0.014568351
      4260.32       1.2555253     0.014475622
      4264.58       1.2597918     0.014383879
      4268.84       1.2555454     0.014181731
      4273.11       1.2452171     0.014090464
      4277.38       1.2445761     0.013999502
      4281.66       1.2434957     0.013909490
      4285.94       1.2417603     0.013820339
      4290.23       1.2436636     0.013731522
      4294.52       1.2301591     0.013643870
      4298.81       1.2206440     0.013556413
      4303.11       1.2123807     0.013469858
      4307.42       1.2105399     0.013509804
      4311.72       1.1960313     0.013326356
      4316.04       1.1763488     0.013240628
      4320.35       1.1654084     0.013155138
      4324.67       1.1568688     0.013070791
      4329.00       1.1551141     0.012986719
      4333.33       1.1616197     0.012903444
      4337.66       1.1626715     0.012820988
      4342.00       1.1622190     0.012738775
      4346.34       1.1631833     0.012657625
      4350.69       1.1622271     0.012576697
      4355.04       1.1577043     0.012496546
      4359.39       1.1699819     0.012417147
      4363.75       1.1686887     0.012337987
      4368.12       1.1707632     0.012259844
      4372.48       1.1740930     0.012181895
      4376.86       1.1672150     0.012104707
      4381.23       1.1639498     0.012028232
      4385.61       1.1635563     0.011844643
      4390.00       1.1649784     0.011679795
      4394.39       1.1512812     0.011606051
      4398.79       1.1456884     0.011532946
      4403.18       1.1469954     0.011460555
      4407.59       1.1493188     0.011388424
      4412.00       1.1485908     0.011317152
      4416.41       1.1507656     0.011246216
      4420.82       1.1531553     0.011175912
      4425.25       1.1617931     0.011106330
      4429.67       1.1530792     0.011037008
      4434.10       1.1553936     0.010968542
      4438.54       1.1499865     0.010900437
      4442.97       1.1515455     0.010833127
      4447.42       1.1465410     0.010766289
      4451.86       1.1431853     0.010699861
      4456.32       1.1401723     0.010634117
      4460.77       1.1282133     0.010568837
      4465.24       1.1243953     0.010406020
      4469.70       1.1242161     0.010341900
      4474.17       1.1210791     0.010278353
      4478.65       1.1195141     0.010215545
      4483.12       1.1276114     0.010228516
      4487.61       1.1271680     0.010166166
      4492.09       1.1270689     0.010104651
      4496.59       1.1324348     0.010043286
      4501.08       1.1417419    0.0099827931
      4505.58       1.1548166    0.0099228252
      4510.09       1.1566548    0.0098631777
      4514.60       1.1575796    0.0097165655
      4519.12       1.1648760    0.0096577042
      4523.63       1.1683383    0.0095995048
      4528.16       1.1796847    0.0095420146
      4532.69       1.1865000    0.0094850565
      4537.22       1.1952378    0.0094288379
      4541.76       1.2030896    0.0093733004
      4546.30       1.2031659    0.0092372609
      4550.85       1.2137755    0.0091834292
      4555.40       1.2241458    0.0091302031
      4559.95       1.2279150    0.0091426334
      4564.51       1.2369380    0.0090889050
      4569.08       1.2414370    0.0090357503
      4573.65       1.2410252    0.0089833471
      4578.22       1.2438077    0.0088542323
      4582.80       1.2468114    0.0088036593
      4587.38       1.2444551    0.0087537336
      4591.97       1.2485075    0.0087046090
      4596.56       1.2420900    0.0086560854
      4601.16       1.2425361    0.0086084455
      4605.76       1.2394586    0.0085445643
      4610.37       1.2266392    0.0084966789
      4614.98       1.2209863    0.0084496315
      4619.59       1.2103609    0.0084032274
      4624.21       1.2019843    0.0083575555
      4628.84       1.1993661    0.0082393974
      4633.47       1.1888088    0.0081938168
      4638.10       1.1841057    0.0081491128
      4642.74       1.1742579    0.0081640921
      4647.38       1.1718754    0.0081205722
      4652.03       1.1776436    0.0080082506
      4656.68       1.1834190    0.0079649548
      4661.34       1.1873116    0.0079222540
      4666.00       1.1898664    0.0078806088
      4670.67       1.1912794    0.0078967993
      4675.33       1.1896054    0.0077893919
      4680.01       1.1937530    0.0077483148
      4684.69       1.1953366    0.0077078668
      4689.38       1.1937228    0.0076683837
      4694.07       1.1907502    0.0075663942
      4698.76       1.1785813    0.0075824264
      4703.46       1.1753410    0.0075435468
      4708.16       1.1648670    0.0075056225
      4712.87       1.1604886    0.0074064963
      4717.58       1.1573319    0.0073706907
      4722.30       1.1433271    0.0073357355
      4727.03       1.1355824    0.0073506710
      4731.75       1.1348129    0.0072547512
      4736.48       1.1377506    0.0072205444
      4741.22       1.1408140    0.0071872271
      4745.96       1.1401784    0.0072036520
      4750.71       1.1374680    0.0071106838
      4755.46       1.1402393    0.0070781457
      4760.22       1.1370697    0.0070467514
      4764.97       1.1353184    0.0069560452
      4769.74       1.1358292    0.0069741233
      4774.51       1.1321397    0.0069435547
      4779.29       1.1225532    0.0069137221
      4784.07       1.1185385    0.0068258660
      4788.85       1.1085113    0.0068451766
      4793.64       1.1015017    0.0068162269
      4798.43       1.0861653    0.0067317067
      4803.23       1.0796613    0.0067029930
      4808.03       1.0709904    0.0067233613
      4812.84       1.0589757    0.0066419104
      4817.66       1.0523230    0.0066140895
      4822.48       1.0404012    0.0065872815
      4827.30       1.0241414    0.0065562495
      4832.12       1.0118050    0.0065293833
      4836.96       1.0006547    0.0065034931
      4841.79      0.99094406    0.0064278300
      4846.63      0.98707464    0.0064487469
      4851.48      0.97706748    0.0064239213
      4856.33      0.97915044    0.0063502063
      4861.19      0.98086107    0.0063721644
      4866.05      0.98344217    0.0063484866
      4870.92      0.98934977    0.0062765466
      4875.79      0.99631592    0.0062554424
      4880.66      0.99950775    0.0062277737
      4885.55       1.0003182    0.0062066929
      4890.43      0.99677594    0.0061868372
      4895.32      0.99786103    0.0061606697
      4900.22      0.99825723    0.0061409217
      4905.12      0.99918650    0.0061223055
      4910.02      0.99840618    0.0060973844
      4914.94      0.98929799    0.0060789272
      4919.85      0.98900695    0.0060133906
      4924.77      0.98601266    0.0060380081
      4929.70      0.99416909    0.0060209469
      4934.62      0.99602624    0.0059565871
      4939.56      0.99794084    0.0059823125
      4944.50       1.0016999    0.0059202386
      4949.44       1.0101276    0.0059033597
      4954.39       1.0213562    0.0059303561
      4959.35       1.0361358    0.0058692473
      4964.31       1.0482043    0.0058539343
      4969.27       1.0601678    0.0058372214
      4974.24       1.0681681    0.0058220506
      4979.22       1.0761591    0.0057651688
      4984.20       1.0840729    0.0057921070
      4989.18       1.0874897    0.0057785199
      4994.17       1.0982146    0.0057640180
      4999.16       1.1027752    0.0057506872
      5004.16       1.1019683    0.0056964387
      5009.17       1.0995537    0.0057246341
      5014.18       1.0960948    0.0056710425
      5019.19       1.0888606    0.0057004049
      5024.21       1.0761044    0.0056472601
      5029.23       1.0569317    0.0056376633
      5034.26       1.0315334    0.0056253082
      5039.30       1.0109007    0.0056159375
      5044.34      0.99261403    0.0056049070
      5049.39      0.97597301    0.0055960187
      5054.43      0.95857684    0.0055462708
      5059.49      0.94149367    0.0055775953
      5064.55      0.92884042    0.0055291537
      5069.61      0.92229700    0.0055608084
      5074.68      0.92157436    0.0055133789
      5079.76      0.92156020    0.0055456141
      5084.84      0.92173764    0.0054991780
      5089.92      0.93191628    0.0054919900
      5095.01      0.94365632    0.0054863654
      5100.11      0.94845363    0.0054797133
      5105.21      0.96003561    0.0054749258
      5110.31      0.96941718    0.0054688360
      5115.42      0.98257109    0.0054649877
      5120.54      0.98794798    0.0054593349
      5125.66      0.99833526    0.0054562182
      5130.79      0.99912706    0.0054513352
      5135.92       1.0049467    0.0054488937
      5141.05       1.0110265    0.0054445329
      5146.20       1.0128240    0.0054428560
      5151.34       1.0171192    0.0054392001
      5156.49       1.0250501    0.0054380966
      5161.65       1.0298979    0.0053976525
      5166.81       1.0372010    0.0054347550
      5171.98       1.0419980    0.0053950726
      5177.15       1.0432205    0.0053948279
      5182.33       1.0430556    0.0053938490
      5187.51       1.0451961    0.0054316834
      5192.70       1.0433372    0.0053938486
      5197.89       1.0368610    0.0053949142
      5203.09       1.0402206    0.0053952794
      5208.29       1.0410319    0.0053967087
      5213.50       1.0363893    0.0053979301
      5218.72       1.0299367    0.0053998254
      5223.93       1.0243287    0.0053641520
      5229.16       1.0151101    0.0054041672
      5234.39       1.0131859    0.0053687382
      5239.62       1.0114576    0.0054099268
      5244.86       1.0145128    0.0053746103
      5250.11       1.0169502    0.0053797761
      5255.36       1.0229431    0.0053817221
      5260.61       1.0270975    0.0053870810
      5265.87       1.0349702    0.0053936818
      5271.14       1.0365770    0.0053957028
      5276.41       1.0421044    0.0054025335
      5281.69       1.0455507    0.0053703756
      5286.97       1.0462788    0.0054126306
      5292.26       1.0483174    0.0053817146
      5297.55       1.0538046    0.0053887311
      5302.85       1.0582197    0.0054321908
      5308.15       1.0592573    0.0054014964
      5313.46       1.0577073    0.0054450424
      5318.77       1.0609193    0.0054156091
      5324.09       1.0535780    0.0054238113
      5329.42       1.0575672    0.0054330582
      5334.75       1.0526378    0.0054393841
      5340.08       1.0499726    0.0054485571
      5345.42       1.0473548    0.0054195561
      5350.77       1.0433391    0.0054656078
      5356.12       1.0441919    0.0054758495
      5361.48       1.0451628    0.0054474286
      5366.83       1.0410603    0.0054943201
      5372.20       1.0362511    0.0055052609
      5377.58       1.0320834    0.0054772936
      5382.95       1.0254747    0.0054898695
      5388.34       1.0153731    0.0055368162
      5393.72       1.0100002    0.0055092334
      5399.12       1.0049211    0.0055224909
      5404.52      0.99653899    0.0055302144
      5409.92      0.98623160    0.0055432337
      5415.33      0.97851076    0.0055570463
      5420.75      0.96732426    0.0055311986
      5426.17      0.95542946    0.0055792714
      5431.60      0.95034829    0.0055935422
      5437.03      0.93851373    0.0055685042
      5442.47      0.93173962    0.0055825475
      5447.91      0.92692679    0.0056319915
      5453.36      0.92752247    0.0056473639
      5458.81      0.93147649    0.0056223082
      5464.27      0.93906229    0.0056373840
      5469.73      0.94536605    0.0056880775
      5475.20      0.96626555    0.0056640906
      5480.68      0.98576836    0.0056794632
      5486.16       1.0106848    0.0056954285
      5491.65       1.0302014    0.0056711244
      5497.14       1.0465709    0.0057235578
      5502.64       1.0663526    0.0057397378
      5508.14       1.0862642    0.0057564651
      5513.65       1.0987935    0.0057323540
      5519.16       1.1131196    0.0057498460
      5524.68       1.1212616    0.0058029782
      5530.20       1.1233651    0.0058203371
      5535.73       1.1198239    0.0057962818
      5541.27       1.1077934    0.0058143158
      5546.81       1.0902093    0.0058327922
      5552.36       1.0667318    0.0058516943
      5557.91       1.0482320    0.0058628296
      5563.47       1.0244252    0.0058813027
      5569.04       1.0025893    0.0059001840
      5574.60      0.97663871    0.0059194453
      5580.18      0.96375474    0.0058966639
      5585.76      0.94420950    0.0059153833
      5591.35      0.92626669    0.0059699925
      5596.94      0.90456397    0.0059895251
      5602.53      0.88707965    0.0060093244
      5608.14      0.88141546    0.0059870433
      5613.75      0.87906145    0.0060063693
      5619.36      0.87598995    0.0060259877
      5624.98      0.87479849    0.0060458313
      5630.60      0.87060792    0.0060659671
      5636.23      0.85894106    0.0060808970
      5641.87      0.85227650    0.0061006816
      5647.51      0.84244855    0.0061206581
      5653.16      0.83506616    0.0061409020
      5658.82      0.82611030    0.0061613222
      5664.47      0.81470515    0.0061386886
      5670.14      0.80105944    0.0061593533
      5675.81      0.78432262    0.0061802108
      5681.48      0.76725751    0.0062011961
      5687.17      0.75301992    0.0062223189
      5692.85      0.73200715    0.0062436275
      5698.55      0.71655647    0.0062650918
      5704.25      0.69855399    0.0062783270
      5709.95      0.69136305    0.0062994538
      5715.66      0.67695932    0.0063207529
      5721.38      0.66463197    0.0063421023
      5727.10      0.65621419    0.0063635962
      5732.83      0.64594230    0.0063851558
      5738.56      0.63634147    0.0064068347
      5744.30      0.62852077    0.0064286262
      5750.04      0.63053587    0.0064064497
      5755.79      0.63518665    0.0064278335
      5761.55      0.64181590    0.0064492532
      5767.31      0.64658373    0.0064707351
      5773.08      0.65451602    0.0064922075
      5778.85      0.65813875    0.0065138821
      5784.63      0.66792276    0.0065358003
      5790.41      0.67806976    0.0065581019
      5796.21      0.69185517    0.0065807692
      5802.00      0.71033095    0.0066032187
      5807.81      0.72513413    0.0066254617
      5813.61      0.73202855    0.0066025129
      5819.43      0.74091746    0.0066259810
      5825.25      0.75688469    0.0066514095
      5831.07      0.77995319    0.0066786124
      5836.90      0.80049391    0.0067062892
      5842.74      0.82316509    0.0067342701
      5848.58      0.84427843    0.0067631115
      5854.43      0.86272566    0.0067922359
      5860.29      0.88276344    0.0068194936
      5866.15      0.89621177    0.0068445728
      5872.01      0.90709524    0.0068684575
      5877.89      0.91280777    0.0068912099
      5883.76      0.92029489    0.0069127374
      5889.65      0.91590180    0.0068938364
      5895.54      0.91651368    0.0069137090
      5901.43      0.91499022    0.0069340191
      5907.34      0.91231663    0.0069545339
      5913.24      0.90441878    0.0069744654
      5919.16      0.89055216    0.0069933774
      5925.08      0.87474038    0.0070114512
      5931.00      0.86818287    0.0070288971
      5936.93      0.87408155    0.0070464239
      5942.87      0.87461457    0.0070636669
      5948.81      0.86521136    0.0070797187
      5954.76      0.86905535    0.0070541419
      5960.72      0.86384422    0.0070710292
      5966.68      0.85792047    0.0070889001
      5972.64      0.85364798    0.0071059065
      5978.62      0.84729057    0.0071223481
      5984.60      0.84407481    0.0071398145
      5990.58      0.84108299    0.0071582205
      5996.57      0.83917821    0.0071770345
      6002.57      0.83470599    0.0071559378
      6008.57      0.83855973    0.0072224783
      6014.58      0.84021050    0.0072414892
      6020.60      0.83935217    0.0072604394
      6026.62      0.83741578    0.0072793554
      6032.65      0.83465937    0.0072982407
      6038.68      0.82910516    0.0073172434
      6044.72      0.82241816    0.0072953139
      6050.76      0.81105340    0.0073141888
      6056.81      0.79866037    0.0073330689
      6062.87      0.78798684    0.0073518767
      6068.93      0.78478003    0.0073707216
      6075.00      0.78273411    0.0073463691
      6081.08      0.77808503    0.0074118526
      6087.16      0.77632612    0.0074297897
      6093.25      0.77680794    0.0074477207
      6099.34      0.77186847    0.0074655942
      6105.44      0.77112176    0.0074406400
      6111.54      0.76878792    0.0074574081
      6117.66      0.77366184    0.0074742243
      6123.78      0.77799284    0.0075393030
      6129.90      0.77425447    0.0075144653
      6136.03      0.77197756    0.0075301758
      6142.17      0.77475468    0.0075459514
      6148.31      0.77478883    0.0075617933
      6154.46      0.77182776    0.0075776413
      6160.61      0.77274923    0.0075517679
      6166.77      0.77251114    0.0076147142
      6172.94      0.78276232    0.0076301058
      6179.11      0.80760311    0.0076065954
      6185.29      0.83462933    0.0076248999
      6191.48      0.86553175    0.0076394441
      6197.67      0.89932208    0.0077007870
      6203.87      0.93359535    0.0076775183
      6210.07      0.96589082    0.0077001480
      6216.28      0.99486979    0.0077266783
      6222.50       1.0261722    0.0077565343
      6228.72       1.0610239    0.0077951021
      6234.95       1.0906926    0.0078255489
      6241.19       1.1128393    0.0078542696
      6247.42       1.1373427    0.0078352074
      6253.67       1.1578727    0.0078536263
      6259.93       1.1718974    0.0079164079
      6266.19       1.1738165    0.0078768284
      6272.46       1.1742743    0.0078773215
      6278.73       1.1718940    0.0078746287
      6285.01       1.1656222    0.0078718276
      6291.29       1.1661093    0.0078688425
      6297.58       1.1670058    0.0078706086
      6303.88       1.1571916    0.0078311398
      6310.19       1.1461485    0.0078780766
      6316.50       1.1329765    0.0078789249
      6322.81       1.1132906    0.0078385689
      6329.14       1.0924268    0.0078886705
      6335.47       1.0709433    0.0078481015
      6341.80       1.0511381    0.0078524223
      6348.14       1.0323578    0.0078576074
      6354.49       1.0115262    0.0078637510
      6360.85      0.99507750    0.0078690165
      6367.21      0.98186334    0.0078752522
      6373.57      0.96211358    0.0078826136
      6379.95      0.94391217    0.0078886879
      6386.33      0.92343524    0.0078498221
      6392.72      0.90694277    0.0079021062
      6399.11      0.89092381    0.0079090932
      6405.51      0.88220264    0.0078725877
      6411.92      0.87646054    0.0079293286
      6418.32      0.87373057    0.0078968463
      6424.74      0.86641759    0.0079052748
      6431.17      0.86516548    0.0079169880
      6437.60      0.86333829    0.0079228742
      6444.04      0.86565362    0.0078854543
      6450.48      0.86354986    0.0079356263
      6456.94      0.86275610    0.0079369192
      6463.39      0.86438954    0.0078932012
      6469.85      0.86291578    0.0079354690
      6476.33      0.86147335    0.0078886731
      6482.80      0.86478073    0.0079300782
      6489.28      0.86036548    0.0078831537
      6495.77      0.85451270    0.0078816547
      6502.27      0.85347174    0.0078791240
      6508.77      0.84191532    0.0078760895
      6515.28      0.82892518    0.0078705196
      6521.80      0.81453438    0.0078645567
      6528.32      0.80185657    0.0078129105
      6534.85      0.78825639    0.0078509860
      6541.38      0.77614226    0.0078000401
      6547.92      0.76227951    0.0078356593
      6554.47      0.74714863    0.0077820320
      6561.03      0.73758442    0.0078171244
      6567.59      0.72685539    0.0077650607
      6574.16      0.71837709    0.0077573872
      6580.73      0.71008539    0.0077491983
      6587.31      0.70977591    0.0076983328
      6593.90      0.70115770    0.0077322994
      6600.50      0.69741795    0.0076807429
      6607.10      0.69714896    0.0077133756
      6613.70      0.68946885    0.0076608646
      6620.32      0.69298930    0.0076922446
      6626.94      0.69706168    0.0076389785
      6633.57      0.69389586    0.0076691279
      6640.20      0.68968830    0.0076150610
      6646.84      0.68341688    0.0076009421
      6653.49      0.68428128    0.0075888091
      6660.14      0.67757586    0.0075731697
      6666.80      0.67274964    0.0075602791
      6673.47      0.66388518    0.0075430793
      6680.14      0.65628616    0.0074858234
      6686.82      0.64967365    0.0075106541
      6693.51      0.63986377    0.0074520143
      6700.20      0.63232503    0.0074335710
      6706.90      0.62612739    0.0074158650
      6713.61      0.62330750    0.0073956693
      6720.32      0.61321586    0.0073772824
      6727.05      0.60798357    0.0073553184
      6733.77      0.60313485    0.0073332876
      6740.51      0.59846487    0.0073125636
      6747.25      0.59816909    0.0072888386
      6754.00      0.59431043    0.0072302527
      6760.75      0.59420857    0.0072601172
      6767.51      0.59473119    0.0072304252
      6774.28      0.59014883    0.0072066344
      6781.05      0.58997354    0.0072093263
      6787.84      0.58099187    0.0071645425
      6794.62      0.57229284    0.0071871725
      6801.42      0.56623883    0.0072249707
      6808.22      0.55947884    0.0072930039
      6815.03      0.55318147    0.0073780199
      6821.85      0.54762704    0.0074206742
      6828.67      0.54306725    0.0075288147
      6835.50      0.54438839    0.0075357027
      6842.33      0.54633542    0.0075518542
      6849.17      0.54684804    0.0075737797
      6856.02      0.55340236    0.0074654296
      6862.88      0.55632274    0.0073610801
      6869.74      0.56005022    0.0072331380
      6876.61      0.56351726    0.0071230247
      6883.49      0.57024104    0.0069951077
      6890.37      0.57742259    0.0068930854
      6897.27      0.57870476    0.0067816219
      6904.16      0.57968595    0.0067337508
      6911.07      0.58045471    0.0066395155
      6917.98      0.58016721    0.0065364731
      6924.89      0.58239267    0.0064675910
      6931.82      0.58710951    0.0064008040
      6938.75      0.58876696    0.0063500939
      6945.69      0.59341063    0.0062906636
      6952.64      0.59658714    0.0062351851
      6959.59      0.59795610    0.0061541657
      6966.55      0.60129014    0.0061015189
      6973.52      0.60493724    0.0060842519
      6980.49      0.60816811    0.0060264359
      6987.47      0.61425770    0.0059031397
      6994.46      0.61800186    0.0057569079
      7001.46      0.62384071    0.0056716521
      7008.46      0.62754247    0.0055532197
      7015.46      0.63168936    0.0054381599
      7022.48      0.63398695    0.0053568578
      7029.51      0.63168109    0.0052456441
      7036.53      0.63121149    0.0051365676
      7043.57      0.62955168    0.0050324941
      7050.62      0.63236627    0.0049447336
      7057.66      0.62959071    0.0048489849
      7064.72      0.63390764    0.0047528554
      7071.79      0.63554034    0.0046560897
      7078.86      0.63582099    0.0045868693
      7085.94      0.63353946    0.0044964241
      7093.03      0.63219019    0.0044196460
      7100.12      0.63636790    0.0043565871
      7107.22      0.63779797    0.0043165587
      7114.33      0.64050446    0.0042502652
      7121.44      0.64157207    0.0041770171
      7128.56      0.64515553    0.0040867807
      7135.69      0.64234173    0.0040076737
      7142.83      0.64477905    0.0039235721
      7149.97      0.64689637    0.0038568878
      7157.12      0.64451732    0.0037659808
      7164.28      0.64666480    0.0036719383
      7171.44      0.65362779    0.0035740509
      7178.62      0.66637789    0.0034743166
      7185.80      0.67719378    0.0033779282
      7192.98      0.69222907    0.0032822138
      7200.17      0.70816764    0.0031863372
      7207.38      0.72140807    0.0030902986
      7214.58      0.73455594    0.0030133572
      7221.80      0.74882825    0.0029188164
      7229.02      0.76386873    0.0028242006
      7236.25      0.77935368    0.0027380415
      7243.49      0.79504855    0.0026572367
      7250.73      0.81143156    0.0025968991
      7257.98      0.82069383    0.0026101100
      7265.24      0.83071131    0.0026309148
      7272.51      0.83921532    0.0026607712
      7279.78      0.84620153    0.0027019797
      7287.06      0.85273674    0.0027579951
      7294.35      0.85694226    0.0028336623
      7301.64      0.86111791    0.0029369094
      7308.94      0.86471610    0.0030791781
      7316.25      0.86590973    0.0032742387
      7323.57      0.86470070    0.0035373354
      7330.89      0.85930654    0.0038810389
      7338.22      0.85032829    0.0043215028
      7345.56      0.83792082    0.0048793867
      7352.91      0.82170119    0.0055864511
      7360.26      0.80257978    0.0064752627
      7367.62      0.78137201    0.0075842220
