# starting wavelength =        3465.0100
# ending wavelength =        7400.7500
# O2 telluric scale =        0
# O2 telluric shift =        0
# H2O telluric scale =        0
# H2O telluric shift =        0
      3467.51      0.22241884    0.0087409814
      3470.98      0.22167282    0.0076888010
      3474.45      0.22160780    0.0066471698
      3477.92      0.22048701    0.0058225413
      3481.40      0.21899972    0.0051718181
      3484.88      0.21775673    0.0046629595
      3488.37      0.21768359    0.0041971270
      3491.86      0.21742035    0.0039094311
      3495.35      0.21811921    0.0036881182
      3498.84      0.21824308    0.0035179832
      3502.34      0.21919995    0.0033860546
      3505.84      0.22018863    0.0033002755
      3509.35      0.22094641    0.0032115586
      3512.86      0.22165753    0.0031407469
      3516.37      0.22305362    0.0030838629
      3519.89      0.22375425    0.0030233990
      3523.41      0.22484460    0.0029863243
      3526.93      0.22642514    0.0029556808
      3530.46      0.22733901    0.0029514546
      3533.99      0.22982581    0.0029919073
      3537.53      0.23192634    0.0029973463
      3541.06      0.23262116    0.0030376954
      3544.60      0.23385220    0.0030558859
      3548.15      0.23626034    0.0030963450
      3551.70      0.23890833    0.0031009475
      3555.25      0.24278806    0.0031416394
      3558.80      0.24317952    0.0031830588
      3562.36      0.24521016    0.0032011597
      3565.92      0.24810227    0.0032279218
      3569.49      0.25040231    0.0032700497
      3573.06      0.25180916    0.0032872445
      3576.64      0.25103032    0.0033298480
      3580.21      0.25085468    0.0033316819
      3583.79      0.25015997    0.0033742206
      3587.38      0.24975172    0.0034171582
      3590.96      0.24789238    0.0034343480
      3594.55      0.24434816    0.0034613688
      3598.15      0.24273006    0.0034782400
      3601.75      0.23848337    0.0035222253
      3605.35      0.23627209    0.0035485259
      3608.96      0.23700249    0.0035656939
      3612.56      0.23709072    0.0036096308
      3616.18      0.23602922    0.0036546352
      3619.79      0.23547459    0.0036528709
      3623.41      0.23699855    0.0036978564
      3627.04      0.23778746    0.0037432438
      3630.66      0.24293136    0.0037598839
      3634.29      0.24881659    0.0037862132
      3637.93      0.25577648    0.0038322743
      3641.57      0.26639472    0.0038494294
      3645.21      0.27909898    0.0038747649
      3648.86      0.29240563    0.0039218352
      3652.50      0.30922074    0.0039378576
      3656.16      0.32929579    0.0039861285
      3659.81      0.35618642    0.0040114089
      3663.47      0.37912134    0.0040281021
      3667.14      0.40179606    0.0040757605
      3670.80      0.42708997    0.0041018481
      3674.48      0.44749389    0.0041173827
      3678.15      0.46892220    0.0041672515
      3681.83      0.48781527    0.0041920971
      3685.51      0.50083683    0.0042423143
      3689.20      0.50820179    0.0042576883
      3692.88      0.51256385    0.0042833903
      3696.58      0.51184295    0.0043339448
      3700.27      0.50575988    0.0043504657
      3703.98      0.49723824    0.0044010857
      3707.68      0.47984327    0.0044264748
      3711.39      0.46282981    0.0044790031
      3715.10      0.44318241    0.0044957180
      3718.81      0.41558883    0.0045195932
      3722.53      0.38861073    0.0045728635
      3726.26      0.36114009    0.0046276776
      3729.98      0.33451328    0.0046129680
      3733.71      0.30777507    0.0046679932
      3737.45      0.28077435    0.0047228648
      3741.18      0.25649007    0.0047484236
      3744.93      0.23794583    0.0047625737
      3748.67      0.22141459    0.0048203661
      3752.42      0.21250444    0.0048440692
      3756.17      0.20776887    0.0049017142
      3759.93      0.20363346    0.0048833873
      3763.69      0.20205780    0.0049407394
      3767.45      0.20322107    0.0050002526
      3771.22      0.20496052    0.0050240955
      3774.99      0.20735346    0.0050845965
      3778.77      0.20902135    0.0050983131
      3782.54      0.21124003    0.0051228208
      3786.33      0.21388659    0.0051842252
      3790.11      0.21717094    0.0052463001
      3793.90      0.22224505    0.0052718516
      3797.70      0.22790638    0.0052845302
      3801.50      0.23384883    0.0053502075
      3805.30      0.24011358    0.0053730517
      3809.10      0.24784102    0.0054381080
      3812.91      0.25423009    0.0054637251
      3816.73      0.26258872    0.0054758009
      3820.54      0.27120229    0.0055444304
      3824.36      0.28179668    0.0055669871
      3828.19      0.29355549    0.0056351495
      3832.02      0.30753708    0.0057060350
      3835.85      0.32363977    0.0057291511
      3839.68      0.34325019    0.0057442663
      3843.52      0.36535409    0.0057664070
      3847.37      0.39059734    0.0058375560
      3851.22      0.41831401    0.0059125808
      3855.07      0.45188824    0.0059351099
      3858.92      0.48764699    0.0060104769
      3862.78      0.52696929    0.0059721860
      3866.64      0.56945594    0.0059948618
      3870.51      0.61164969    0.0060096041
      3874.38      0.65765196    0.0060308667
      3878.26      0.70217275    0.0060533916
      3882.13      0.74421920    0.0060671878
      3886.02      0.78932888    0.0060883087
      3889.90      0.83259100    0.0061106638
      3893.79      0.86771347    0.0061237313
      3897.69      0.90083985    0.0061446709
      3901.59      0.92345376    0.0061037828
      3905.49      0.94387909    0.0061793261
      3909.39      0.95888744    0.0061999989
      3913.30      0.96997365    0.0061583436
      3917.22      0.97828625    0.0062339847
      3921.13      0.98258192    0.0062542809
      3925.06      0.98605996    0.0062117219
      3928.98      0.98690391    0.0062876022
      3932.91      0.98499899    0.0063073588
      3936.84      0.97924698    0.0062637587
      3940.78      0.97512706    0.0062853195
      3944.72      0.97495223    0.0063591718
      3948.67      0.97717838    0.0063144596
      3952.61      0.98178915    0.0063355001
      3956.57      0.99218481    0.0064099939
      3960.52       1.0093045    0.0063641646
      3964.48       1.0293605    0.0063844519
      3968.45       1.0497811    0.0064056678
      3972.42       1.0761508    0.0064128693
      3976.39       1.1043612    0.0064323794
      3980.37       1.1427191    0.0064526226
      3984.35       1.1837860    0.0064064504
      3988.33       1.2250648    0.0064790641
      3992.32       1.2716450    0.0064983656
      3996.31       1.3116056    0.0064526816
      4000.31       1.3490018    0.0064701692
      4004.31       1.3759217    0.0065432046
      4008.31       1.3930618    0.0064983093
      4012.32       1.4005907    0.0065148762
      4016.33       1.4032124    0.0065320691
      4020.35       1.3965421    0.0066053603
      4024.37       1.3768411    0.0065590997
      4028.40       1.3456317    0.0065752710
      4032.42       1.3078133    0.0065919629
      4036.46       1.2676607    0.0066029141
      4040.50       1.2176372    0.0066179533
      4044.54       1.1647130    0.0066334304
      4048.58       1.1120431    0.0066494900
      4052.63       1.0627361    0.0066016351
      4056.68       1.0148804    0.0066747597
      4060.74      0.96993948    0.0066897744
      4064.80      0.92990285    0.0067051774
      4068.86      0.89528294    0.0066561573
      4072.93      0.86236941    0.0066723456
      4077.01      0.83318032    0.0067440166
      4081.08      0.80859288    0.0067588750
      4085.17      0.78419442    0.0067086212
      4089.25      0.76258047    0.0067239353
      4093.34      0.74328613    0.0067397148
      4097.43      0.72356501    0.0068107220
      4101.53      0.70093123    0.0067590680
      4105.63      0.67962648    0.0067734986
      4109.74      0.65928190    0.0067883577
      4113.85      0.64027533    0.0068034923
      4117.96      0.62521683    0.0067523241
      4122.08      0.61206095    0.0068215670
      4126.20      0.60244748    0.0068353542
      4130.33      0.59460512    0.0068493354
      4134.46      0.58842305    0.0068636324
      4138.59      0.58263517    0.0068118658
      4142.73      0.57758991    0.0068244922
      4146.88      0.57350185    0.0068939483
      4151.02      0.56864141    0.0069071112
      4155.18      0.56176955    0.0068572108
      4159.33      0.55579972    0.0068686183
      4163.49      0.54725461    0.0068802813
      4167.65      0.53775467    0.0068921799
      4171.82      0.52667960    0.0069042476
      4175.99      0.51746714    0.0069738714
      4180.17      0.50960644    0.0069230801
      4184.35      0.50418731    0.0069337848
      4188.54      0.50253800    0.0069445464
      4192.72      0.50590678    0.0069555068
      4196.92      0.51270526    0.0069664890
      4201.11      0.52279374    0.0069132450
      4205.31      0.53612380    0.0069244622
      4209.52      0.54994299    0.0069356699
      4213.73      0.56450167    0.0070048252
      4217.94      0.58015340    0.0070147952
      4222.16      0.59492059    0.0070249157
      4226.38      0.60748904    0.0070350112
      4230.61      0.61606617    0.0069803449
      4234.84      0.62339983    0.0069905400
      4239.08      0.63040465    0.0070006563
      4243.32      0.63389137    0.0070106487
      4247.56      0.63224277    0.0070206715
      4251.81      0.62854298    0.0070307161
      4256.06      0.62580477    0.0070407973
      4260.32      0.62299897    0.0070417110
      4264.58      0.61901040    0.0070505917
      4268.84      0.61509737    0.0070595267
      4273.11      0.61225632    0.0070684325
      4277.38      0.61044473    0.0070771999
      4281.66      0.61157843    0.0070859477
      4285.94      0.61449420    0.0070946153
      4290.23      0.61923321    0.0071032692
      4294.52      0.62558931    0.0071117593
      4298.81      0.63159740    0.0070569281
      4303.11      0.63820322    0.0070644954
      4307.42      0.64391009    0.0070719436
      4311.72      0.64818959    0.0070792585
      4316.04      0.65361159    0.0070867125
      4320.35      0.65810850    0.0070940275
      4324.67      0.66024546    0.0071012085
      4329.00      0.66081991    0.0071082271
      4333.33      0.66209524    0.0071153668
      4337.66      0.66356512    0.0071223310
      4342.00      0.66264672    0.0071291417
      4346.34      0.66111502    0.0070729300
      4350.69      0.65703166    0.0070795239
      4355.04      0.65272084    0.0070859171
      4359.39      0.64751921    0.0070922204
      4363.75      0.64094629    0.0070983696
      4368.12      0.63335763    0.0071046263
      4372.48      0.62398877    0.0071105159
      4376.86      0.61278294    0.0071163056
      4381.23      0.60058464    0.0071220365
      4385.61      0.58694038    0.0071276513
      4390.00      0.57182252    0.0071331555
      4394.39      0.55725562    0.0071384375
      4398.79      0.54447664    0.0071435236
      4403.18      0.53216743    0.0071485520
      4407.59      0.52240082    0.0071534953
      4412.00      0.51472050    0.0071582490
      4416.41      0.51117300    0.0071628421
      4420.82      0.50989050    0.0071673751
      4425.25      0.51092175    0.0071718522
      4429.67      0.51449456    0.0071761551
      4434.10      0.51992276    0.0071802781
      4438.54      0.52954245    0.0071843780
      4442.97      0.54302284    0.0071884027
      4447.42      0.56113367    0.0071922488
      4451.86      0.58295507    0.0071959027
      4456.32      0.60859279    0.0071994989
      4460.77      0.63711035    0.0072030093
      4465.24      0.67068691    0.0071494123
      4469.70      0.70683844    0.0071527419
      4474.17      0.74651141    0.0071557611
      4478.65      0.78883087    0.0071587679
      4483.12      0.83095420    0.0071617613
      4487.61      0.87152155    0.0071647224
      4492.09      0.91003817    0.0071675098
      4496.59      0.94922856    0.0071702817
      4501.08      0.98549297    0.0071729047
      4505.58       1.0189559    0.0071755287
      4510.09       1.0494753    0.0071780584
      4514.60       1.0748039    0.0071235193
      4519.12       1.1002035    0.0071252116
      4523.63       1.1245378    0.0071267960
      4528.16       1.1493890    0.0071283993
      4532.69       1.1764119    0.0071300187
      4537.22       1.2032786    0.0071315652
      4541.76       1.2328401    0.0071330104
      4546.30       1.2640458    0.0071345000
      4550.85       1.2978903    0.0071360001
      4555.40       1.3326197    0.0070826033
      4559.95       1.3703071    0.0071430447
      4564.51       1.4066543    0.0071433487
      4569.08       1.4411277    0.0071436887
      4573.65       1.4756341    0.0071440635
      4578.22       1.5090031    0.0071445312
      4582.80       1.5421998    0.0071449594
      4587.38       1.5721979    0.0070905001
      4591.97       1.5963434    0.0070909895
      4596.56       1.6144042    0.0070916857
      4601.16       1.6255787    0.0070923776
      4605.76       1.6303214    0.0070930886
      4610.37       1.6282134    0.0071491483
      4614.98       1.6170893    0.0070934637
      4619.59       1.5985283    0.0070932036
      4624.21       1.5736927    0.0070930077
      4628.84       1.5428701    0.0070928874
      4633.47       1.5082633    0.0070928612
      4638.10       1.4668147    0.0070365907
      4642.74       1.4260206    0.0070355589
      4647.38       1.3833635    0.0070919157
      4652.03       1.3461660    0.0070910462
      4656.68       1.3136461    0.0070903006
      4661.34       1.2845767    0.0070899129
      4666.00       1.2605557    0.0070329376
      4670.67       1.2412642    0.0070311723
      4675.33       1.2265727    0.0070295369
      4680.01       1.2170751    0.0070854358
      4684.69       1.2089464    0.0070300028
      4689.38       1.1996666    0.0070273623
      4694.07       1.1917884    0.0070249304
      4698.76       1.1827425    0.0070228258
      4703.46       1.1726799    0.0070209267
      4708.16       1.1628482    0.0070220695
      4712.87       1.1511879    0.0070188746
      4717.58       1.1372819    0.0070160258
      4722.30       1.1241246    0.0070134610
      4727.03       1.1093722    0.0069583636
      4731.75       1.0945006    0.0069565492
      4736.48       1.0791778    0.0070076956
      4741.22       1.0624659    0.0070045808
      4745.96       1.0442565    0.0069489713
      4750.71       1.0219743    0.0069465977
      4755.46      0.99684335    0.0069446937
      4760.22      0.96720735    0.0069412964
      4764.97      0.93833996    0.0069380238
      4769.74      0.90932472    0.0069352051
      4774.51      0.87816017    0.0069329046
      4779.29      0.84592224    0.0069291804
      4784.07      0.82305650    0.0069255799
      4788.85      0.80466485    0.0069224818
      4793.64      0.79537791    0.0068660800
      4798.43      0.79612165    0.0068617110
      4803.23      0.80241882    0.0069115971
      4808.03      0.82179731    0.0069082754
      4812.84      0.85614794    0.0068510364
      4817.66      0.89241148    0.0068465283
      4822.48      0.93545906    0.0068960644
      4827.30      0.97843877    0.0068395280
      4832.12       1.0142499    0.0068344307
      4836.96       1.0430426    0.0068300471
      4841.79       1.0638732    0.0068274234
      4846.63       1.0690612    0.0068217887
      4851.48       1.0623979    0.0068167619
      4856.33       1.0425733    0.0068143888
      4861.19       1.0176338    0.0068082313
      4866.05      0.98592813    0.0068028666
      4870.92      0.94848774    0.0067480082
      4875.79      0.91049095    0.0067937976
      4880.66      0.88046581    0.0067878390
      4885.55      0.85622087    0.0067326953
      4890.43      0.83918810    0.0067782886
      4895.32      0.83830742    0.0067220910
      4900.22      0.84962953    0.0067169128
      4905.12      0.87261101    0.0067125004
      4910.02      0.90844409    0.0067056684
      4914.94      0.94801620    0.0067001741
      4919.85      0.99344980    0.0066955327
      4924.77       1.0491020    0.0066881702
      4929.70       1.0998436    0.0066827213
      4934.62       1.1519609    0.0066267628
      4939.56       1.2019443    0.0066701983
      4944.50       1.2453572    0.0066647004
      4949.44       1.2872375    0.0066081424
      4954.39       1.3212166    0.0066514461
      4959.35       1.3452971    0.0065961149
      4964.31       1.3565630    0.0065889943
      4969.27       1.3574528    0.0066323337
      4974.24       1.3430900    0.0065761220
      4979.22       1.3170705    0.0065690693
      4984.20       1.2750958    0.0065630713
      4989.18       1.2253245    0.0065553007
      4994.17       1.1613705    0.0065501185
      4999.16       1.0972721    0.0065415468
      5004.16       1.0316391    0.0065341329
      5009.17      0.95958461    0.0065276141
      5014.18      0.89889957    0.0065194981
      5019.19      0.84359279    0.0064654817
      5024.21      0.79553710    0.0065046530
      5029.23      0.76158636    0.0064501504
      5034.26      0.73777526    0.0064896895
      5039.30      0.73013461    0.0064346179
      5044.34      0.73196767    0.0064278896
      5049.39      0.74740812    0.0064189689
      5054.43      0.76693792    0.0064116745
      5059.49      0.79521409    0.0064030813
      5064.55      0.82347802    0.0063953490
      5069.61      0.85292389    0.0063889585
      5074.68      0.88622973    0.0063787199
      5079.76      0.91492686    0.0063719426
      5084.84      0.94392690    0.0063618122
      5089.92      0.96822059    0.0063546683
      5095.01      0.98983408    0.0063447412
      5100.11       1.0094937    0.0063373065
      5105.21       1.0248053    0.0062818881
      5110.31       1.0384124    0.0062738025
      5115.42       1.0498388    0.0062642725
      5120.54       1.0589338    0.0062560778
      5125.66       1.0646708    0.0062462837
      5130.79       1.0678328    0.0062379721
      5135.92       1.0694761    0.0062280172
      5141.05       1.0689358    0.0062195725
      5146.20       1.0674810    0.0062095562
      5151.34       1.0644284    0.0062009336
      5156.49       1.0601628    0.0061908029
      5161.65       1.0554390    0.0061385520
      5166.81       1.0509261    0.0061717359
      5171.98       1.0473885    0.0061195884
      5177.15       1.0460023    0.0061087314
      5182.33       1.0489006    0.0061005118
      5187.51       1.0535908    0.0060893712
      5192.70       1.0638297    0.0060811500
      5197.89       1.0780797    0.0060695177
      5203.09       1.0948382    0.0060615511
      5208.29       1.1167845    0.0060496354
      5213.50       1.1397949    0.0059970312
      5218.72       1.1630481    0.0060294558
      5223.93       1.1868454    0.0060182846
      5229.16       1.2107138    0.0060090598
      5234.39       1.2368955    0.0059974142
      5239.62       1.2628683    0.0059454494
      5244.86       1.2887795    0.0059765673
      5250.11       1.3137845    0.0059242402
      5255.36       1.3365585    0.0059555983
      5260.61       1.3595484    0.0059028893
      5265.87       1.3816758    0.0058923799
      5271.14       1.4025506    0.0058814340
      5276.41       1.4228652    0.0058703085
      5281.69       1.4411036    0.0058599541
      5286.97       1.4581088    0.0058481874
      5292.26       1.4743815    0.0058374610
      5297.55       1.4880966    0.0058261973
      5302.85       1.4998980    0.0058146028
      5308.15       1.5100748    0.0057637175
      5313.46       1.5169236    0.0057919607
      5318.77       1.5227930    0.0057419264
      5324.09       1.5270361    0.0057291558
      5329.42       1.5310218    0.0057572571
      5334.75       1.5348765    0.0057068322
      5340.08       1.5371425    0.0056941274
      5345.42       1.5345306    0.0056847972
      5350.77       1.5293451    0.0056714187
      5356.12       1.5204013    0.0056587222
      5361.48       1.5075428    0.0056490001
      5366.83       1.4905297    0.0056356271
      5372.20       1.4682938    0.0056228698
      5377.58       1.4461612    0.0056129389
      5382.95       1.4211918    0.0055994542
      5388.34       1.3976162    0.0055492011
      5393.72       1.3743227    0.0055368625
      5399.12       1.3561601    0.0055628228
      5404.52       1.3425482    0.0055126780
      5409.92       1.3350080    0.0054999973
      5415.33       1.3328697    0.0055256554
      5420.75       1.3407777    0.0054755581
      5426.17       1.3552379    0.0054626988
      5431.60       1.3771555    0.0054502600
      5437.03       1.4008476    0.0054380528
      5442.47       1.4310067    0.0054248776
      5447.91       1.4626439    0.0054120936
      5453.36       1.4909220    0.0053633430
      5458.81       1.5175533    0.0053867004
      5464.27       1.5416657    0.0053735608
      5469.73       1.5590511    0.0053255211
      5475.20       1.5706797    0.0053117329
      5480.68       1.5758506    0.0053348016
      5486.16       1.5713740    0.0052876494
      5491.65       1.5590666    0.0052734560
      5497.14       1.5404317    0.0052595460
      5502.64       1.5171545    0.0052458883
      5508.14       1.4917448    0.0052350803
      5513.65       1.4619192    0.0052208025
      5519.16       1.4315067    0.0052066870
      5524.68       1.4051791    0.0051593984
      5530.20       1.3793249    0.0051458708
      5535.73       1.3587609    0.0051674235
      5541.27       1.3424119    0.0051531359
      5546.81       1.3320165    0.0051059605
      5552.36       1.3270846    0.0050921708
      5557.91       1.3257823    0.0050785755
      5563.47       1.3295286    0.0050991171
      5569.04       1.3356697    0.0050520705
      5574.60       1.3464920    0.0050380116
      5580.18       1.3574057    0.0050241035
      5585.76       1.3693258    0.0050103304
      5591.35       1.3791790    0.0049643904
      5596.94       1.3887536    0.0049835105
      5602.53       1.3978495    0.0049692267
      5608.14       1.4050331    0.0049550918
      5613.75       1.4084398    0.0049103164
      5619.36       1.4095290    0.0048956639
      5624.98       1.4080390    0.0048810998
      5630.60       1.4034539    0.0048666299
      5636.23       1.3954384    0.0048850935
      5641.87       1.3859607    0.0048412184
      5647.51       1.3723829    0.0048263213
      5653.16       1.3566890    0.0048115155
      5658.82       1.3392944    0.0047967928
      5664.47       1.3204158    0.0047821460
      5670.14       1.3001846    0.0047675718
      5675.81       1.2784840    0.0047234935
      5681.48       1.2558879    0.0047091276
      5687.17       1.2315758    0.0046948027
      5692.85       1.2076770    0.0047120786
      5698.55       1.1814375    0.0046972200
      5704.25       1.1551551    0.0046823916
      5709.95       1.1295860    0.0046386282
      5715.66       1.1041608    0.0046239374
      5721.38       1.0784360    0.0046092837
      5727.10       1.0543692    0.0045946406
      5732.83       1.0326314    0.0045800066
      5738.56       1.0138289    0.0045653926
      5744.30       1.0005619    0.0045507984
      5750.04      0.99376184    0.0045084585
      5755.79      0.99014620    0.0044936565
      5761.55      0.99366247    0.0044788776
      5767.31       1.0039904    0.0044641146
      5773.08       1.0201127    0.0044493645
      5778.85       1.0410317    0.0044346257
      5784.63       1.0662797    0.0044198935
      5790.41       1.0937285    0.0044051599
      5796.21       1.1235444    0.0043904296
      5802.00       1.1519152    0.0043494264
      5807.81       1.1796643    0.0043350101
      5813.61       1.2049116    0.0043208380
      5819.43       1.2275290    0.0043067586
      5825.25       1.2484948    0.0042924605
      5831.07       1.2576380    0.0042781345
      5836.90       1.2567720    0.0042641417
      5842.74       1.2543827    0.0042510612
      5848.58       1.2490557    0.0042393440
      5854.43       1.2421473    0.0042283989
      5860.29       1.2332767    0.0042173870
      5866.15       1.2236580    0.0042066371
      5872.01       1.2174236    0.0041964556
      5877.89       1.2141022    0.0041858526
      5883.76       1.2120228    0.0041736229
      5889.65       1.2104004    0.0041602278
      5895.54       1.2111679    0.0041462430
      5901.43       1.2135562    0.0041317293
      5907.34       1.2177969    0.0041164381
      5913.24       1.2226974    0.0041006280
      5919.16       1.2278774    0.0040848474
      5925.08       1.2335449    0.0040693919
      5931.00       1.2376186    0.0040539397
      5936.93       1.2394432    0.0040380092
      5942.87       1.2330469    0.0039951120
      5948.81       1.2264761    0.0039783769
      5954.76       1.2228648    0.0039615041
      5960.72       1.2161562    0.0039447636
      5966.68       1.2085706    0.0039277582
      5972.64       1.1999963    0.0039102722
      5978.62       1.1896460    0.0038931349
      5984.60       1.1787908    0.0038768896
      5990.58       1.1659450    0.0038609149
      5996.57       1.1503353    0.0038445318
      6002.57       1.1327527    0.0038032703
      6008.57       1.1177800    0.0037876250
      6014.58       1.1034609    0.0037723720
      6020.60       1.0916024    0.0037574159
      6026.62       1.0838766    0.0037425817
      6032.65       1.0791019    0.0037279553
      6038.68       1.0781458    0.0037135452
      6044.72       1.0812488    0.0036755673
      6050.76       1.0847375    0.0036613618
      6056.81       1.0897161    0.0036472550
      6062.87       1.0950365    0.0036332646
      6068.93       1.0997704    0.0036393159
      6075.00       1.1019461    0.0036250609
      6081.08       1.1011644    0.0035878181
      6087.16       1.0989494    0.0035738222
      6093.25       1.0937861    0.0035599141
      6099.34       1.0876523    0.0035460972
      6105.44       1.0815446    0.0035323781
      6111.54       1.0759954    0.0034955903
      6117.66       1.0724396    0.0034817263
      6123.78       1.0715731    0.0034875419
      6129.90       1.0761626    0.0034738162
      6136.03       1.0850355    0.0034601637
      6142.17       1.0989802    0.0034242712
      6148.31       1.1147000    0.0034104713
      6154.46       1.1326341    0.0033967940
      6160.61       1.1498171    0.0033832478
      6166.77       1.1658912    0.0033674999
      6172.94       1.1762623    0.0033537258
      6179.11       1.1813138    0.0033400996
      6185.29       1.1800584    0.0033266341
      6191.48       1.1715245    0.0032926705
      6197.67       1.1587274    0.0032801997
      6203.87       1.1421747    0.0032865370
      6210.07       1.1229530    0.0032745375
      6216.28       1.1008767    0.0032406375
      6222.50       1.0786690    0.0032282511
      6228.72       1.0577373    0.0032178740
      6234.95       1.0380490    0.0032071724
      6241.19       1.0238464    0.0032000413
      6247.42       1.0135870    0.0031940828
      6253.67       1.0050832    0.0031886747
      6259.93       1.0005073    0.0031632227
      6266.19      0.99937141    0.0031740255
      6272.46      0.99959737    0.0031652500
      6278.73      0.99886524    0.0031341070
      6285.01      0.99822429    0.0031205328
      6291.29      0.99714281    0.0031221876
      6297.58      0.99485835    0.0030845339
      6303.88      0.99378711    0.0030661621
      6310.19      0.99349038    0.0030480674
      6316.50      0.99477319    0.0030280588
      6322.81      0.99842456    0.0030128770
      6329.14       1.0045243    0.0029982076
      6335.47       1.0132058    0.0029642130
      6341.80       1.0226695    0.0029650406
      6348.14       1.0344736    0.0029509938
      6354.49       1.0475494    0.0029191371
      6360.85       1.0622599    0.0029212291
      6367.21       1.0779620    0.0028900287
      6373.57       1.0923058    0.0028773769
      6379.95       1.1061124    0.0028652359
      6386.33       1.1186684    0.0028502513
      6392.72       1.1291674    0.0028385994
      6399.11       1.1381034    0.0028097603
      6405.51       1.1457497    0.0028134313
      6411.92       1.1486423    0.0028023529
      6418.32       1.1488404    0.0027742255
      6424.74       1.1475847    0.0027787900
      6431.17       1.1446366    0.0027526002
      6437.60       1.1413016    0.0027437084
      6444.04       1.1399278    0.0027501875
      6450.48       1.1370759    0.0027245323
      6456.94       1.1333609    0.0027151686
      6463.39       1.1300895    0.0027042869
      6469.85       1.1274439    0.0026945515
      6476.33       1.1258903    0.0026686152
      6482.80       1.1250557    0.0026720366
      6489.28       1.1259317    0.0026449449
      6495.77       1.1282304    0.0026475369
      6502.27       1.1269510    0.0026202696
      6508.77       1.1281135    0.0026094617
      6515.28       1.1304032    0.0026122758
      6521.80       1.1291884    0.0025864221
      6528.32       1.1275184    0.0025767131
      6534.85       1.1221787    0.0025638357
      6541.38       1.1178958    0.0025535960
      6547.92       1.1127205    0.0025403804
      6554.47       1.1066461    0.0025300710
      6561.03       1.1020484    0.0025175730
      6567.59       1.0988822    0.0025076705
      6574.16       1.0943458    0.0024819662
      6580.73       1.0900585    0.0024699041
      6587.31       1.0859458    0.0024599301
      6593.90       1.0815973    0.0024490135
      6600.50       1.0780784    0.0024397232
      6607.10       1.0744546    0.0024293632
      6613.70       1.0706630    0.0024204156
      6620.32       1.0670339    0.0024104387
      6626.94       1.0589602    0.0024017258
      6633.57       1.0520578    0.0023919540
      6640.20       1.0435871    0.0023834496
      6646.84       1.0334589    0.0023616962
      6653.49       1.0232213    0.0023519544
      6660.14       1.0124342    0.0023443241
      6666.80       1.0022894    0.0023347821
      6673.47      0.99020902    0.0023274015
      6680.14      0.97795621    0.0023180787
      6686.82      0.96922388    0.0022972263
      6693.51      0.96146101    0.0023018509
      6700.20      0.95527104    0.0022812492
      6706.90      0.94889603    0.0022861164
      6713.61      0.94436085    0.0022657543
      6720.32      0.94325396    0.0022576790
      6727.05      0.94481251    0.0022625648
      6733.77      0.94646298    0.0022428921
      6740.51      0.94765703    0.0022353667
      6747.25      0.94782434    0.0022285957
      6754.00      0.94792529    0.0022212176
      6760.75      0.94782217    0.0022148079
      6767.51      0.94851848    0.0022075740
      6774.28      0.94760315    0.0021894020
      6781.05      0.94629333    0.0021959227
      6787.84      0.94243185    0.0021960166
      6794.62      0.93804639    0.0021869292
      6801.42      0.93026220    0.0021907154
      6808.22      0.92152296    0.0021723032
      6815.03      0.91401262    0.0021747360
      6821.85      0.90558987    0.0021965556
      6828.67      0.89678310    0.0022025544
      6835.50      0.88673281    0.0022288394
      6842.33      0.87794248    0.0022458125
      6849.17      0.87217229    0.0022851524
      6856.02      0.86735770    0.0023135387
      6862.88      0.86208532    0.0023186396
      6869.74      0.85590599    0.0023406699
      6876.61      0.85107719    0.0023234146
      6883.49      0.84838414    0.0023075625
      6890.37      0.84499893    0.0022809166
      6897.27      0.84073958    0.0022544653
      6904.16      0.83665220    0.0022208245
      6911.07      0.83283683    0.0021916451
      6917.98      0.82831700    0.0021620094
      6924.89      0.82554938    0.0021596044
      6931.82      0.82195835    0.0021390118
      6938.75      0.81927990    0.0021117499
      6945.69      0.81795651    0.0020996850
      6952.64      0.81616360    0.0020894821
      6959.59      0.81563553    0.0020820204
      6966.55      0.81571780    0.0020743092
      6973.52      0.81933390    0.0020686876
      6980.49      0.82492432    0.0020648126
      6987.47      0.83032797    0.0020624974
      6994.46      0.83608250    0.0020600568
      7001.46      0.84130016    0.0020574676
      7008.46      0.84627873    0.0020438161
      7015.46      0.85099634    0.0020194115
      7022.48      0.85457934    0.0020057406
      7029.51      0.85476266    0.0019820310
      7036.53      0.85526188    0.0019596854
      7043.57      0.85532747    0.0019386619
      7050.62      0.85494389    0.0019276502
      7057.66      0.85351737    0.0018995556
      7064.72      0.85321989    0.0018811503
      7071.79      0.85287545    0.0018726287
      7078.86      0.85334004    0.0018580992
      7085.94      0.85190386    0.0018442284
      7093.03      0.85105066    0.0018305306
      7100.12      0.84969287    0.0018246443
      7107.22      0.84791151    0.0018124511
      7114.33      0.84364334    0.0018031395
      7121.44      0.83942005    0.0017993589
      7128.56      0.83763789    0.0017924790
      7135.69      0.83739108    0.0017993471
      7142.83      0.83765542    0.0018003931
      7149.97      0.83874951    0.0018004554
      7157.12      0.84112022    0.0018000260
      7164.28      0.84321126    0.0017992271
      7171.44      0.84606666    0.0017969585
      7178.62      0.84963499    0.0017995201
      7185.80      0.85354005    0.0017952215
      7192.98      0.85793416    0.0017897363
      7200.17      0.86199459    0.0017827408
      7207.38      0.86503241    0.0017744116
      7214.58      0.86873538    0.0017655454
      7221.80      0.87062405    0.0017563019
      7229.02      0.87278367    0.0017409725
      7236.25      0.87485429    0.0017364600
      7243.49      0.87575811    0.0017263467
      7250.73      0.87692639    0.0017160760
      7257.98      0.87824492    0.0017061723
      7265.24      0.87812857    0.0016969504
      7272.51      0.87844426    0.0016883030
      7279.78      0.87920491    0.0016849015
      7287.06      0.87921951    0.0017089475
      7294.35      0.87888367    0.0017367721
      7301.64      0.87926358    0.0017691654
      7308.94      0.87737957    0.0018076891
      7316.25      0.87476678    0.0018547850
      7323.57      0.87162056    0.0019139677
      7330.89      0.86849219    0.0019908027
      7338.22      0.86701641    0.0020937076
      7345.56      0.86737128    0.0022316639
      7352.91      0.86787532    0.0024152327
      7360.26      0.86921842    0.0026542658
      7367.62      0.87078424    0.0029620276
      7374.99      0.87349841    0.0033566353
      7382.37      0.87714795    0.0038618628
      7389.75      0.88200331    0.0045020395
      7397.14      0.88735221    0.0053114898
