# starting wavelength =        3449.8300
# ending wavelength =        7346.5300
# O2 telluric scale =        0
# O2 telluric shift =        0
# H2O telluric scale =        0
# H2O telluric shift =        0
      3450.22      0.44149128     0.088632196
      3453.67      0.49447346     0.074770836
      3457.13      0.51467617     0.061585675
      3460.58      0.53410676     0.053343053
      3464.04      0.54238666     0.046859773
      3467.51      0.54580660     0.041785929
      3470.98      0.55429049     0.037842466
      3474.45      0.56300822     0.035366754
      3477.92      0.56637364     0.032857311
      3481.40      0.57438302     0.030901249
      3484.88      0.57653043     0.029379348
      3488.37      0.58628014     0.028181756
      3491.86      0.59520142     0.027000432
      3495.35      0.60690097     0.026247090
      3498.84      0.62023060     0.025625973
      3502.34      0.62037706     0.025104034
      3505.84      0.61225455     0.024545366
      3509.35      0.61847077     0.024140925
      3512.86      0.63060124     0.023790254
      3516.37      0.63110828     0.023710318
      3519.89      0.62974974     0.023602024
      3523.41      0.63543741     0.023521506
      3526.93      0.63910426     0.023562754
      3530.46      0.64718386     0.023487718
      3533.99      0.66068021     0.023374073
      3537.53      0.67113476     0.023417482
      3541.06      0.66710162     0.023337490
      3544.60      0.67515315     0.023382042
      3548.15      0.66714299     0.023150585
      3551.70      0.67307963     0.023193721
      3555.25      0.68500579     0.023237903
      3558.80      0.67938360     0.023159341
      3562.36      0.68516758     0.023051765
      3565.92      0.67679293     0.023095538
      3569.49      0.66606859     0.023019780
      3573.06      0.66416913     0.023064360
      3576.64      0.66684518     0.022833035
      3580.21      0.65591860     0.022878052
      3583.79      0.64944638     0.022926447
      3587.38      0.63938860     0.022853355
      3590.96      0.64637938     0.022740628
      3594.55      0.64727873     0.022789977
      3598.15      0.63332754     0.022711743
      3601.75      0.63990794     0.022605434
      3605.35      0.62681087     0.022654509
      3608.96      0.62897612     0.022580253
      3612.56      0.62320260     0.022628843
      3616.18      0.62976831     0.022523978
      3619.79      0.61306985     0.022444473
      3623.41      0.60492345     0.022500136
      3627.04      0.61068950     0.022390898
      3630.66      0.60771543     0.022315849
      3634.29      0.60212807     0.022368081
      3637.93      0.59881855     0.022427049
      3641.57      0.59691902     0.022184713
      3645.21      0.59425315     0.022242679
      3648.86      0.59109611     0.022298311
      3652.50      0.60069559     0.022059732
      3656.16      0.59284425     0.022114935
      3659.81      0.58215283     0.022176769
      3663.47      0.57822286     0.022068191
      3667.14      0.58782376     0.021993854
      3670.80      0.58492209     0.022052165
      3674.48      0.57752105     0.021949164
      3678.15      0.58079892     0.021869714
      3681.83      0.58426209     0.021935727
      3685.51      0.61048432     0.021827154
      3689.20      0.61168022     0.021893222
      3692.88      0.61966278     0.021814339
      3696.58      0.63906182     0.021886412
      3700.27      0.65720898     0.021776504
      3703.98      0.66352851     0.021844604
      3707.68      0.67265327     0.021767544
      3711.39      0.66986364     0.021661829
      3715.10      0.67659656     0.021733738
      3718.81      0.68131768     0.021627283
      3722.53      0.67708643     0.021552978
      3726.26      0.68382077     0.021621525
      3729.98      0.67725299     0.021519415
      3733.71      0.66332874     0.021592060
      3737.45      0.65251515     0.021669371
      3741.18      0.66338079     0.021411441
      3744.93      0.65636580     0.021486121
      3748.67      0.66487129     0.021567588
      3752.42      0.66489217     0.021461140
      3756.17      0.66802341     0.021387831
      3759.93      0.67037123     0.021464201
      3763.69      0.67244820     0.021361318
      3767.45      0.65855805     0.021445328
      3771.22      0.66883624     0.021530245
      3774.99      0.66806674     0.021265728
      3778.77      0.68848682     0.021347100
      3782.54      0.69116675     0.021245377
      3786.33      0.70305097     0.021333440
      3790.11      0.71183724     0.021423789
      3793.90      0.70797285     0.021325088
      3797.70      0.70563048     0.021241270
      3801.50      0.70080255     0.021343415
      3805.30      0.69433538     0.021233579
      3809.10      0.68669000     0.021329103
      3812.91      0.66692988     0.021230152
      3816.73      0.65448738     0.021327135
      3820.54      0.65259821     0.021256398
      3824.36      0.67390527     0.021145875
      3828.19      0.67577140     0.021246102
      3832.02      0.68289087     0.021145858
      3835.85      0.69844143     0.021251354
      3839.68      0.71037406     0.021360512
      3843.52      0.74139497     0.021071230
      3847.37      0.75516061     0.020964463
      3851.22      0.78395317     0.021073988
      3855.07      0.81183696     0.020786520
      3858.92      0.84370105     0.020681599
      3862.78      0.85421593     0.020612473
      3866.64      0.86163548     0.020504604
      3870.51      0.85545155     0.020401894
      3874.38      0.85618885     0.020332433
      3878.26      0.84530973     0.020226591
      3882.13      0.83548624     0.020125287
      3886.02      0.84144049     0.020056200
      3889.90      0.84860606     0.019951466
      3893.79      0.86294200     0.019676446
      3897.69      0.87593553     0.019581906
      3901.59      0.88485126     0.019680202
      3905.49      0.88367477     0.019408308
      3909.39      0.89640833     0.019314466
      3913.30      0.91688943     0.019412694
      3917.22      0.93740393     0.019143801
      3921.13      0.95138120     0.019050146
      3925.06      0.98707589     0.018960521
      3928.98       1.0033944     0.018882907
      3932.91       1.0050635     0.018789656
      3936.84      0.98662150     0.018699482
      3940.78      0.97753630     0.018624869
      3944.72      0.96282695     0.018531485
      3948.67      0.95616300     0.018441453
      3952.61      0.94397610     0.018192356
      3956.57      0.94196409     0.018277004
      3960.52      0.93637104     0.018186748
      3964.48      0.93201846     0.017944470
      3968.45      0.94083731     0.017851675
      3972.42      0.94849362     0.017935864
      3976.39      0.93795939     0.017848188
      3980.37      0.94096964     0.017607843
      3984.35      0.93483266     0.017517569
      3988.33      0.95133378     0.017600793
      3992.32      0.96975490     0.017368230
      3996.31      0.99097834     0.017277606
      4000.31       1.0177190     0.017189272
      4004.31       1.0284882     0.017271005
      4008.31       1.0301514     0.017042229
      4012.32       1.0317772     0.016953431
      4016.33       1.0344148     0.016866613
      4020.35       1.0479255     0.016640544
      4024.37       1.0580638     0.016722287
      4028.40       1.0647313     0.016634988
      4032.42       1.0810226     0.016549516
      4036.46       1.0860477     0.016327324
      4040.50       1.0930206     0.016246731
      4044.54       1.0973383     0.016322772
      4048.58       1.0862848     0.016238414
      4052.63       1.0788687     0.016019811
      4056.68       1.0707359     0.015940011
      4060.74       1.0453359     0.015861864
      4064.80       1.0366098     0.015933848
      4068.86       1.0239264     0.015718293
      4072.93       1.0041394     0.015638886
      4077.01      0.98036598     0.015560983
      4081.08      0.95557993     0.015484346
      4085.17      0.92131152     0.015277967
      4089.25      0.89988822     0.015343711
      4093.34      0.88168955     0.015266291
      4097.43      0.87136919     0.015190157
      4101.53      0.87114131     0.015115265
      4105.63      0.86937990     0.014914358
      4109.74      0.87659801     0.014837900
      4113.85      0.86833243     0.014902320
      4117.96      0.85785118     0.014827479
      4122.08      0.85500907     0.014753814
      4126.20      0.85208749     0.014559935
      4130.33      0.86066330     0.014484859
      4134.46      0.86211941     0.014410806
      4138.59      0.86122079     0.014337833
      4142.73      0.87459215     0.014400674
      4146.88      0.87626589     0.014215237
      4151.02      0.88465762     0.014141445
      4155.18      0.88971314     0.014068891
      4159.33      0.89366319     0.013996934
      4163.49      0.89297219     0.013925532
      4167.65      0.89875504     0.013742610
      4171.82      0.90533971     0.013673911
      4175.99      0.90701487     0.013736543
      4180.17      0.91307104     0.013665436
      4184.35      0.91700306     0.013595276
      4188.54      0.92295640     0.013525915
      4192.72      0.91192893     0.013457278
      4196.92      0.90524141     0.013280558
      4201.11      0.90517711     0.013213925
      4205.31      0.90079610     0.013147668
      4209.52      0.90208341     0.013082260
      4213.73      0.90211991     0.013017538
      4217.94      0.89961995     0.012953434
      4222.16      0.89780793     0.013006637
      4226.38      0.89877594     0.012835491
      4230.61      0.90793881     0.012770680
      4234.84      0.90191652     0.012706495
      4239.08      0.89287666     0.012642850
      4243.32      0.88607227     0.012579745
      4247.56      0.88088392     0.012516839
      4251.81      0.87258028     0.012454657
      4256.06      0.86983757     0.012393023
      4260.32      0.86999689     0.012234233
      4264.58      0.86551233     0.012172226
      4268.84      0.86275763     0.012110674
      4273.11      0.85361509     0.012049940
      4277.38      0.84724854     0.011989668
      4281.66      0.84673508     0.011929623
      4285.94      0.85339466     0.011870031
      4290.23      0.85400656     0.011810935
      4294.52      0.84809384     0.011752251
      4298.81      0.84931525     0.011693968
      4303.11      0.85409512     0.011636208
      4307.42      0.85528069     0.011487731
      4311.72      0.84868861     0.011430937
      4316.04      0.83677497     0.011374491
      4320.35      0.82778592     0.011318344
      4324.67      0.83106644     0.011262571
      4329.00      0.82890701     0.011207179
      4333.33      0.83204077     0.011152189
      4337.66      0.83571505     0.011097511
      4342.00      0.84130280     0.011042941
      4346.34      0.84312349     0.010988972
      4350.69      0.84984885     0.010935327
      4355.04      0.85440546     0.010881840
      4359.39      0.86342986     0.010828634
      4363.75      0.87371599     0.010775988
      4368.12      0.88647548     0.010723448
      4372.48      0.89059321     0.010671190
      4376.86      0.89108701     0.010619360
      4381.23      0.89812245     0.010567666
      4385.61      0.90499988     0.010516247
      4390.00      0.90302245     0.010465383
      4394.39      0.89797266     0.010414612
      4398.79      0.89510379     0.010364171
      4403.18      0.88893053     0.010314093
      4407.59      0.88285558     0.010186777
      4412.00      0.88312518     0.010138026
      4416.41      0.87472979     0.010089478
      4420.82      0.87512337     0.010041524
      4425.25      0.86746685    0.0099939623
      4429.67      0.86686363    0.0099467725
      4434.10      0.86434191    0.0099725643
      4438.54      0.86627621    0.0099251569
      4442.97      0.87731785    0.0097914584
      4447.42      0.87685373    0.0097450240
      4451.86      0.88550051    0.0096988840
      4456.32      0.88993272    0.0096531316
      4460.77      0.89252920    0.0096077508
      4465.24      0.90304231    0.0095629455
      4469.70      0.91334506    0.0095183583
      4474.17      0.91812558    0.0094739671
      4478.65      0.92400709    0.0094301750
      4483.12      0.93349633    0.0093868052
      4487.61      0.93812223    0.0093438388
      4492.09      0.95388829    0.0092197139
      4496.59      0.96762582    0.0091769307
      4501.08      0.98054713    0.0091343759
      4505.58      0.99884000    0.0090920519
      4510.09       1.0171164    0.0090502954
      4514.60       1.0324966    0.0090090970
      4519.12       1.0481660    0.0089681583
      4523.63       1.0630595    0.0089277954
      4528.16       1.0851263    0.0088124588
      4532.69       1.0997662    0.0087730600
      4537.22       1.1190394    0.0087995474
      4541.76       1.1314441    0.0087594238
      4546.30       1.1360449    0.0087199288
      4550.85       1.1411836    0.0086807680
      4555.40       1.1434948    0.0086422466
      4559.95       1.1497621    0.0085314046
      4564.51       1.1566623    0.0084939711
      4569.08       1.1602287    0.0084571812
      4573.65       1.1581085    0.0084208863
      4578.22       1.1627073    0.0083851458
      4582.80       1.1669195    0.0084091588
      4587.38       1.1748707    0.0083020139
      4591.97       1.1796751    0.0082662685
      4596.56       1.1806828    0.0082309202
      4601.16       1.1846245    0.0081962225
      4605.76       1.1878476    0.0081620403
      4610.37       1.1902644    0.0080581941
      4614.98       1.1984138    0.0080238336
      4619.59       1.2039793    0.0080497181
      4624.21       1.2109109    0.0080161663
      4628.84       1.2084031    0.0079833072
      4633.47       1.2060081    0.0078839002
      4638.10       1.2123083    0.0078506092
      4642.74       1.2182462    0.0078179491
      4647.38       1.2243460    0.0077858936
      4652.03       1.2245134    0.0078125744
      4656.68       1.2312833    0.0077167251
      4661.34       1.2283909    0.0076848057
      4666.00       1.2277992    0.0076534230
      4670.67       1.2285579    0.0076228420
      4675.33       1.2206598    0.0075310596
      4680.01       1.2115050    0.0075569027
      4684.69       1.2059485    0.0075263346
      4689.38       1.1991591    0.0074963350
      4694.07       1.1854545    0.0074065005
      4698.76       1.1743819    0.0073783013
      4703.46       1.1615732    0.0073509345
      4708.16       1.1484578    0.0073748424
      4712.87       1.1392466    0.0072870340
      4717.58       1.1309299    0.0072597918
      4722.30       1.1216948    0.0072333255
      4727.03       1.1155904    0.0072582228
      4731.75       1.1083055    0.0071723752
      4736.48       1.1008828    0.0071460680
      4741.22       1.0939632    0.0071206082
      4745.96       1.0854707    0.0070367738
      4750.71       1.0741741    0.0070621821
      4755.46       1.0652221    0.0070370449
      4760.22       1.0573302    0.0070127706
      4764.97       1.0503143    0.0069307202
      4769.74       1.0396807    0.0069566569
      4774.51       1.0329513    0.0069327296
      4779.29       1.0241060    0.0068533702
      4784.07       1.0168210    0.0068290380
      4788.85       1.0079885    0.0068057484
      4793.64      0.99870334    0.0067787188
      4798.43      0.99519606    0.0067549505
      4803.23      0.99616153    0.0067321096
      4808.03      0.99139919    0.0067067807
      4812.84      0.98124478    0.0066833651
      4817.66      0.97215657    0.0066609391
      4822.48      0.96485763    0.0065878188
      4827.30      0.95580905    0.0066142543
      4832.12      0.94892539    0.0065923622
      4836.96      0.93756296    0.0065204505
      4841.79      0.93948665    0.0065008263
      4846.63      0.93993311    0.0065263402
      4851.48      0.93680510    0.0064556878
      4856.33      0.93887004    0.0064368172
      4861.19      0.94309068    0.0064628603
      4866.05      0.95410039    0.0063934670
      4870.92      0.96417893    0.0063752896
      4875.79      0.97839183    0.0064015504
      4880.66      0.98803685    0.0063335444
      4885.55      0.99653412    0.0063161595
      4890.43       1.0091510    0.0062936464
      4895.32       1.0172898    0.0062760459
      4900.22       1.0254361    0.0062596058
      4905.12       1.0259655    0.0061931555
      4910.02       1.0298630    0.0062210744
      4914.94       1.0279755    0.0061565968
      4919.85       1.0263754    0.0061841994
      4924.77       1.0289529    0.0061685087
      4929.70       1.0241406    0.0061046401
      4934.62       1.0299234    0.0061329695
      4939.56       1.0288257    0.0060709163
      4944.50       1.0261167    0.0060549593
      4949.44       1.0321111    0.0060385405
      4954.39       1.0386834    0.0060225111
      4959.35       1.0421047    0.0060078131
      4964.31       1.0506472    0.0059915490
      4969.27       1.0644898    0.0059767031
      4974.24       1.0714765    0.0059188930
      4979.22       1.0806554    0.0059467797
      4984.20       1.0923249    0.0058892620
      4989.18       1.1020428    0.0059179800
      4994.17       1.1129402    0.0058607731
      4999.16       1.1104844    0.0058486834
      5004.16       1.1075660    0.0058768798
      5009.17       1.1006058    0.0058214460
      5014.18       1.0932591    0.0058504527
      5019.19       1.0826662    0.0057953707
      5024.21       1.0644684    0.0057849969
      5029.23       1.0513405    0.0057704590
      5034.26       1.0300197    0.0057601595
      5039.30       1.0031412    0.0057465592
      5044.34      0.98129485    0.0057364421
      5049.39      0.96108389    0.0057235650
      5054.43      0.94145664    0.0057136636
      5059.49      0.92929819    0.0056611249
      5064.55      0.91704974    0.0056918833
      5069.61      0.90816834    0.0056402181
      5074.68      0.90722089    0.0056711409
      5079.76      0.90314328    0.0056202388
      5084.84      0.90451360    0.0056514116
      5089.92      0.90548603    0.0056011046
      5095.01      0.90827089    0.0056325725
      5100.11      0.91893201    0.0055829277
      5105.21      0.92381664    0.0055744857
      5110.31      0.93446234    0.0055655889
      5115.42      0.94401907    0.0055183111
      5120.54      0.95342403    0.0055491225
      5125.66      0.97766340    0.0055024322
      5130.79      0.99085353    0.0055335077
      5135.92       1.0065263    0.0054874131
      5141.05       1.0217392    0.0055187546
      5146.20       1.0323608    0.0054734062
      5151.34       1.0436850    0.0055048788
      5156.49       1.0583957    0.0054602184
      5161.65       1.0681550    0.0054532582
      5166.81       1.0793383    0.0054479178
      5171.98       1.0860678    0.0054411774
      5177.15       1.0878692    0.0054365070
      5182.33       1.0906913    0.0054300125
      5187.51       1.0906280    0.0053868075
      5192.70       1.0963846    0.0054197065
      5197.89       1.0981836    0.0053766326
      5203.09       1.0955353    0.0054102989
      5208.29       1.0983203    0.0053673390
      5213.50       1.1076535    0.0053637578
      5218.72       1.1164644    0.0053970419
      5223.93       1.1301270    0.0053554131
      5229.16       1.1357818    0.0053895082
      5234.39       1.1411365    0.0053479727
      5239.62       1.1434568    0.0053456416
      5244.86       1.1456327    0.0053414199
      5250.11       1.1520567    0.0053391129
      5255.36       1.1636143    0.0052998177
      5260.61       1.1673041    0.0053333858
      5265.87       1.1713086    0.0053321319
      5271.14       1.1786626    0.0053287367
      5276.41       1.1860837    0.0053273210
      5281.69       1.1919389    0.0052892244
      5286.97       1.1973260    0.0053234679
      5292.26       1.2059000    0.0052866215
      5297.55       1.2139649    0.0052850246
      5302.85       1.2230615    0.0053199944
      5308.15       1.2340263    0.0052833621
      5313.46       1.2465887    0.0052825425
      5318.77       1.2509784    0.0052825612
      5324.09       1.2538448    0.0052818195
      5329.42       1.2567316    0.0052816947
      5334.75       1.2557220    0.0052456017
      5340.08       1.2534280    0.0052819157
      5345.42       1.2476988    0.0052823573
      5350.77       1.2446785    0.0052468143
      5356.12       1.2429674    0.0052836304
      5361.48       1.2366114    0.0052846396
      5366.83       1.2283536    0.0052494351
      5372.20       1.2187997    0.0052518599
      5377.58       1.2087637    0.0052512872
      5382.95       1.1965749    0.0052534987
      5388.34       1.1807501    0.0052563182
      5393.72       1.1676962    0.0052563706
      5399.12       1.1524015    0.0052589702
      5404.52       1.1391423    0.0052621795
      5409.92       1.1275345    0.0052290933
      5415.33       1.1159705    0.0052658361
      5420.75       1.1054737    0.0052692880
      5426.17       1.0994013    0.0052370652
      5431.60       1.0939956    0.0052401427
      5437.03       1.0872291    0.0052776835
      5442.47       1.0893470    0.0052818931
      5447.91       1.0913598    0.0052498356
      5453.36       1.0991778    0.0052536577
      5458.81       1.1104326    0.0052580073
      5464.27       1.1228171    0.0052611031
      5469.73       1.1342537    0.0052650556
      5475.20       1.1573136    0.0052695103
      5480.68       1.1770099    0.0052744298
      5486.16       1.1977129    0.0052433898
      5491.65       1.2170160    0.0052825027
      5497.14       1.2394333    0.0052874833
      5502.64       1.2623107    0.0052563527
      5508.14       1.2830583    0.0052620408
      5513.65       1.3014634    0.0052681737
      5519.16       1.3196012    0.0053075573
      5524.68       1.3308392    0.0052766264
      5530.20       1.3404879    0.0052827243
      5535.73       1.3404955    0.0052891360
      5541.27       1.3326614    0.0052959008
      5546.81       1.3270547    0.0052660937
      5552.36       1.3111681    0.0053053279
      5557.91       1.2911163    0.0053119887
      5563.47       1.2683733    0.0053189548
      5569.04       1.2435566    0.0053261993
      5574.60       1.2158298    0.0052969302
      5580.18       1.1918555    0.0053037657
      5585.76       1.1604770    0.0053108590
      5591.35       1.1409771    0.0053513156
      5596.94       1.1219744    0.0053235130
      5602.53       1.1008674    0.0053305206
      5608.14       1.0899994    0.0053377825
      5613.75       1.0827216    0.0053452648
      5619.36       1.0727363    0.0053528939
      5624.98       1.0690963    0.0053608034
      5630.60       1.0592091    0.0053324858
      5636.23       1.0534340    0.0053406923
      5641.87       1.0437133    0.0053822459
      5647.51       1.0328030    0.0053902226
      5653.16       1.0226732    0.0053983725
      5658.82       1.0053744    0.0054066921
      5664.47      0.98374976    0.0053783993
      5670.14      0.96005057    0.0053869206
      5675.81      0.93263985    0.0053955840
      5681.48      0.90475989    0.0054043914
      5687.17      0.87652944    0.0054132861
      5692.85      0.85099950    0.0054222860
      5698.55      0.82723060    0.0054314207
      5704.25      0.80471188    0.0054036794
      5709.95      0.78614109    0.0054124889
      5715.66      0.76987644    0.0054214640
      5721.38      0.75807228    0.0054304737
      5727.10      0.74791620    0.0054396045
      5732.83      0.74129582    0.0054816170
      5738.56      0.73745368    0.0054909886
      5744.30      0.73757746    0.0055004282
      5750.04      0.74334355    0.0055099306
      5755.79      0.75317218    0.0054836112
      5761.55      0.76072926    0.0054929796
      5767.31      0.76834920    0.0055025130
      5773.08      0.78077198    0.0055125304
      5778.85      0.79570505    0.0055228316
      5784.63      0.81188878    0.0055329224
      5790.41      0.83281384    0.0055430099
      5796.21      0.85635772    0.0055534481
      5802.00      0.87938106    0.0055648731
      5807.81      0.90283726    0.0055781967
      5813.61      0.92781996    0.0055928736
      5819.43      0.94433837    0.0055757984
      5825.25      0.97006532    0.0055910602
      5831.07      0.99845995    0.0056071813
      5836.90       1.0219837    0.0056227788
      5842.74       1.0497489    0.0055983454
      5848.58       1.0765660    0.0056106653
      5854.43       1.1034666    0.0056221742
      5860.29       1.1326326    0.0056328285
      5866.15       1.1560276    0.0056425067
      5872.01       1.1775173    0.0056513143
      5877.89       1.1989133    0.0056600976
      5883.76       1.2162771    0.0056692344
      5889.65       1.2296436    0.0056786104
      5895.54       1.2410957    0.0056874423
      5901.43       1.2528671    0.0056954536
      5907.34       1.2563269    0.0057029129
      5913.24       1.2528325    0.0056751499
      5919.16       1.2472255    0.0056819974
      5925.08       1.2330038    0.0056886507
      5931.00       1.2199498    0.0056943466
      5936.93       1.2183436    0.0057001616
      5942.87       1.2087076    0.0057444859
      5948.81       1.2041873    0.0057522117
      5954.76       1.2097362    0.0057591505
      5960.72       1.2044216    0.0057662831
      5966.68       1.2008057    0.0057410575
      5972.64       1.1963755    0.0057493844
      5978.62       1.1915407    0.0057579246
      5984.60       1.1829250    0.0057667406
      5990.58       1.1761432    0.0057758128
      5996.57       1.1642168    0.0057851844
      6002.57       1.1562000    0.0057944884
      6008.57       1.1424124    0.0057708272
      6014.58       1.1277006    0.0057802395
      6020.60       1.1112474    0.0057897189
      6026.62       1.0955955    0.0057993839
      6032.65       1.0783781    0.0058090668
      6038.68       1.0590937    0.0058543525
      6044.72       1.0519606    0.0058301015
      6050.76       1.0435991    0.0058392422
      6056.81       1.0359655    0.0058485164
      6062.87       1.0339387    0.0058578069
      6068.93       1.0291757    0.0058671737
      6075.00       1.0247453    0.0058419897
      6081.08       1.0212377    0.0058506511
      6087.16       1.0192718    0.0058965843
      6093.25       1.0188920    0.0059054387
      6099.34       1.0188706    0.0058808659
      6105.44       1.0224152    0.0058890094
      6111.54       1.0237260    0.0058971959
      6117.66       1.0282425    0.0059055396
      6123.78       1.0314120    0.0059139455
      6129.90       1.0352108    0.0059263143
      6136.03       1.0432580    0.0059340024
      6142.17       1.0509570    0.0059418408
      6148.31       1.0591448    0.0059499088
      6154.46       1.0666509    0.0059257240
      6160.61       1.0773755    0.0059367985
      6166.77       1.0840544    0.0059829047
      6172.94       1.0944167    0.0059564016
      6179.11       1.1106791    0.0059650534
      6185.29       1.1309178    0.0059770820
      6191.48       1.1546047    0.0059923415
      6197.67       1.1802493    0.0060148267
      6203.87       1.2083710    0.0060348904
      6210.07       1.2400469    0.0060560668
      6216.28       1.2706209    0.0060439011
      6222.50       1.3044031    0.0060616117
      6228.72       1.3351363    0.0061152228
      6234.95       1.3607998    0.0061263993
      6241.19       1.3859785    0.0060965080
      6247.42       1.4106384    0.0060977089
      6253.67       1.4384978    0.0061325678
      6259.93       1.4587306    0.0060908845
      6266.19       1.4710691    0.0060852373
      6272.46       1.4752292    0.0060819005
      6278.73       1.4743086    0.0060839003
      6285.01       1.4719040    0.0060842191
      6291.29       1.4576189    0.0060483606
      6297.58       1.4447475    0.0060483679
      6303.88       1.4316612    0.0060847779
      6310.19       1.4117151    0.0060518260
      6316.50       1.3946780    0.0060537486
      6322.81       1.3755690    0.0060910593
      6329.14       1.3568494    0.0060591502
      6335.47       1.3340236    0.0060620483
      6341.80       1.3131394    0.0060665921
      6348.14       1.2864713    0.0060698346
      6354.49       1.2647606    0.0060739168
      6360.85       1.2464689    0.0060432131
      6367.21       1.2348562    0.0060827947
      6373.57       1.2221216    0.0060531671
      6379.95       1.2069991    0.0060575955
      6386.33       1.1945578    0.0060998014
      6392.72       1.1819555    0.0060740592
      6399.11       1.1757885    0.0060818343
      6405.51       1.1653741    0.0060916427
      6411.92       1.1553751    0.0060968735
      6418.32       1.1530711    0.0061056777
      6424.74       1.1524852    0.0061093799
      6431.17       1.1544534    0.0061125156
      6437.60       1.1616651    0.0061159908
      6444.04       1.1626851    0.0061154461
      6450.48       1.1683442    0.0060810736
      6456.94       1.1736006    0.0061139195
      6463.39       1.1837225    0.0060788738
      6469.85       1.1893239    0.0061129136
      6476.33       1.1981398    0.0060784634
      6482.80       1.2013768    0.0060785171
      6489.28       1.2066763    0.0060771497
      6495.77       1.2089625    0.0060751236
      6502.27       1.2116130    0.0060718421
      6508.77       1.2142574    0.0060688307
      6515.28       1.2121378    0.0060318205
      6521.80       1.2117380    0.0060632868
      6528.32       1.2042581    0.0060247887
      6534.85       1.2011921    0.0060542311
      6541.38       1.1959847    0.0060165347
      6547.92       1.1880224    0.0060473184
      6554.47       1.1807181    0.0060105750
      6561.03       1.1690881    0.0059746889
      6567.59       1.1556226    0.0060047648
      6574.16       1.1451168    0.0059687432
      6580.73       1.1332459    0.0059982991
      6587.31       1.1220729    0.0059618144
      6593.90       1.1104516    0.0059906468
      6600.50       1.0937692    0.0059538123
      6607.10       1.0772931    0.0059821120
      6613.70       1.0608097    0.0059449941
      6620.32       1.0464165    0.0059397859
      6626.94       1.0325711    0.0059350581
      6633.57       1.0175039    0.0059290083
      6640.20       1.0039916    0.0059240095
      6646.84      0.99233075    0.0059171727
      6653.49      0.98006900    0.0058783668
      6660.14      0.97115950    0.0059040347
      6666.80      0.95963125    0.0058644961
      6673.47      0.94807698    0.0058897946
      6680.14      0.93520319    0.0058494575
      6686.82      0.92330227    0.0058414340
      6693.51      0.91080331    0.0058332387
      6700.20      0.89369876    0.0058242911
      6706.90      0.88124484    0.0058154467
      6713.61      0.86829342    0.0058058391
      6720.32      0.85665471    0.0057960502
      6727.05      0.84232764    0.0057550399
      6733.77      0.82981394    0.0057792724
      6740.51      0.81941043    0.0057568267
      6747.25      0.81061929    0.0057665295
      6754.00      0.80472445    0.0057811747
      6760.75      0.80037673    0.0057365099
      6767.51      0.79904054    0.0057474822
      6774.28      0.79716432    0.0057738214
      6781.05      0.79539928    0.0058260296
      6787.84      0.79526499    0.0058972883
      6794.62      0.79321389    0.0059625734
      6801.42      0.79384879    0.0060458327
      6808.22      0.79087222    0.0060792513
      6815.03      0.78974045    0.0061295449
      6821.85      0.78778451    0.0061833081
      6828.67      0.78371379    0.0061325561
      6835.50      0.78362606    0.0060844173
      6842.33      0.78058020    0.0060516129
      6849.17      0.77468604    0.0059311341
      6856.02      0.76974677    0.0058350803
      6862.88      0.76520606    0.0057502957
      6869.74      0.76152071    0.0056984321
      6876.61      0.75374355    0.0056470709
      6883.49      0.75179104    0.0055819631
      6890.37      0.74907586    0.0054996910
      6897.27      0.74895363    0.0054556121
      6904.16      0.74693839    0.0054474933
      6911.07      0.74605214    0.0053838373
      6917.98      0.74843091    0.0053486422
      6924.89      0.74928242    0.0053177850
      6931.82      0.75005641    0.0052953963
      6938.75      0.75858856    0.0052687609
      6945.69      0.76487385    0.0052428142
      6952.64      0.77003228    0.0051903655
      6959.59      0.77900295    0.0051610359
      6966.55      0.79230577    0.0050766521
      6973.52      0.80306043    0.0050206866
      6980.49      0.81237535    0.0049371755
      6987.47      0.82255533    0.0048354634
      6994.46      0.83328728    0.0047582497
      7001.46      0.84176836    0.0047081649
      7008.46      0.84803623    0.0046335746
      7015.46      0.85280851    0.0045610737
      7022.48      0.85571160    0.0045153712
      7029.51      0.85790466    0.0044521274
      7036.53      0.85723629    0.0043897909
      7043.57      0.85773225    0.0043271102
      7050.62      0.85534667    0.0042691189
      7057.66      0.85043832    0.0042093906
      7064.72      0.84554012    0.0041560340
      7071.79      0.84391099    0.0041157011
      7078.86      0.84248202    0.0040858524
      7085.94      0.84025858    0.0040712711
      7093.03      0.84094793    0.0040376954
      7100.12      0.84581086    0.0039997908
      7107.22      0.84433083    0.0039593712
      7114.33      0.84019719    0.0039170641
      7121.44      0.84403655    0.0038701601
      7128.56      0.84863556    0.0038248893
      7135.69      0.85413477    0.0037730998
      7142.83      0.85988867    0.0037183782
      7149.97      0.86762848    0.0036598561
      7157.12      0.87589414    0.0035981687
      7164.28      0.88381788    0.0035354920
      7171.44      0.89467502    0.0034720590
      7178.62      0.90495126    0.0034079342
      7185.80      0.91227345    0.0033578560
      7192.98      0.91903334    0.0032912531
      7200.17      0.92755185    0.0032236494
      7207.38      0.93763371    0.0031561425
      7214.58      0.94659672    0.0030890981
      7221.80      0.96130135    0.0030223273
      7229.02      0.97327251    0.0030002065
      7236.25      0.98241804    0.0030270834
      7243.49      0.99251710    0.0030612998
      7250.73       1.0013596    0.0030978625
      7257.98       1.0099933    0.0031517976
      7265.24       1.0186460    0.0032212296
      7272.51       1.0290586    0.0033117685
      7279.78       1.0379439    0.0034330483
      7287.06       1.0475635    0.0035984653
      7294.35       1.0574378    0.0038251861
      7301.64       1.0653882    0.0041296337
      7308.94       1.0713946    0.0045292758
      7316.25       1.0783605    0.0050417876
      7323.57       1.0840453    0.0056971161
      7330.89       1.0873222    0.0065288806
      7338.22       1.0926460    0.0075811098
      7345.56       1.0987547    0.0089018072
