# starting wavelength =        3236.0900
# ending wavelength =        9060.4100
# O2 telluric scale =        0
# O2 telluric shift =        0
# H2O telluric scale =        0
# H2O telluric shift =        0
      3236.42     0.042127811    0.0052452752
      3239.66     0.045741157    0.0044579683
      3242.90     0.046785488    0.0038322382
      3246.14     0.048469441    0.0033344926
      3249.39     0.050936441    0.0029434486
      3252.64     0.053889113    0.0026358549
      3255.89     0.052956391    0.0023493886
      3259.14     0.052773348    0.0021753261
      3262.40     0.054364831    0.0020412791
      3265.67     0.055716691    0.0019377863
      3268.93     0.056176875    0.0018574576
      3272.20     0.059190559    0.0017951589
      3275.47     0.062056340    0.0017461314
      3278.75     0.064946577    0.0017074429
      3282.03     0.067334792    0.0016763519
      3285.31     0.070334488    0.0016512630
      3288.60     0.072370126    0.0016297029
      3291.88     0.073507611    0.0016110760
      3295.18     0.074901595    0.0015957712
      3298.47     0.076342482    0.0015832632
      3301.77     0.080955634    0.0016160233
      3305.07     0.086672396    0.0016340684
      3308.38     0.084626763    0.0016521312
      3311.69     0.082974612    0.0016850933
      3315.00     0.084532665    0.0016968747
      3318.31     0.083839645    0.0017146595
      3321.63     0.074189894    0.0017481531
      3324.95     0.071711806    0.0017657368
      3328.28     0.074350497    0.0017833396
      3331.61     0.076695061    0.0018009790
      3334.94     0.079708681    0.0018348913
      3338.27     0.084642282    0.0018453836
      3341.61     0.082875422    0.0018627347
      3344.95     0.085427916    0.0018966980
      3348.30     0.091946034    0.0019141941
      3351.65     0.094317123    0.0019317471
      3355.00     0.089494785    0.0019659763
      3358.35     0.090212423    0.0019833076
      3361.71     0.094186998    0.0019925409
      3365.07     0.099273176    0.0020272667
      3368.44      0.10105625    0.0020443089
      3371.81      0.10455998    0.0020614115
      3375.18      0.10551181    0.0020966427
      3378.56      0.11269646    0.0021139778
      3381.94      0.12149456    0.0021216538
      3385.32      0.12880915    0.0021569464
      3388.70      0.13536458    0.0021739961
      3392.09      0.14480714    0.0022098305
      3395.48      0.14989595    0.0022266284
      3398.88      0.15595842    0.0022435340
      3402.28      0.16093999    0.0022698360
      3405.68      0.16473298    0.0022863546
      3409.09      0.16938567    0.0023029932
      3412.49      0.17512649    0.0023396448
      3415.91      0.17883769    0.0023566023
      3419.32      0.18129688    0.0023619553
      3422.74      0.18368201    0.0023986971
      3426.17      0.18581541    0.0024154097
      3429.59      0.18712028    0.0024526021
      3433.02      0.18789473    0.0024690207
      3436.45      0.18736438    0.0024736693
      3439.89      0.18806370    0.0025112023
      3443.33      0.18797194    0.0025273963
      3446.78      0.18726538    0.0025654358
      3450.22      0.18566357    0.0025820413
      3453.67      0.18383786    0.0025851864
      3457.13      0.18116365    0.0026233423
      3460.58      0.18128668    0.0026397321
      3464.04      0.17820634    0.0026783722
      3467.51      0.17506402    0.0026944232
      3470.98      0.17510428    0.0026968961
      3474.45      0.17527778    0.0027357999
      3477.92      0.17407464    0.0027516478
      3481.40      0.17396521    0.0027914763
      3484.88      0.17334984    0.0028079301
      3488.37      0.16979535    0.0028322938
      3491.86      0.16644429    0.0028483496
      3495.35      0.16264432    0.0028646580
      3498.84      0.15830278    0.0029044373
      3502.34      0.15480756    0.0029046735
      3505.84      0.15255950    0.0029452196
      3509.35      0.15002253    0.0029607487
      3512.86      0.15104572    0.0030022725
      3516.37      0.15236711    0.0030011004
      3519.89      0.15162988    0.0030424413
      3523.41      0.15052356    0.0030582637
      3526.93      0.14960707    0.0031001054
      3530.46      0.14743882    0.0030979625
      3533.99      0.14717232    0.0031136997
      3537.53      0.14526045    0.0031555318
      3541.06      0.14500233    0.0031709629
      3544.60      0.14441718    0.0031954927
      3548.15      0.14469842    0.0032104514
      3551.70      0.14636009    0.0032539549
      3555.25      0.14847264    0.0032698941
      3558.80      0.15097171    0.0032932169
      3562.36      0.15335952    0.0033087236
      3565.92      0.15612071    0.0033523998
      3569.49      0.15845337    0.0033675800
      3573.06      0.16275101    0.0033918554
      3576.64      0.16585039    0.0034065278
      3580.21      0.16922322    0.0034520214
      3583.79      0.17261955    0.0034454237
      3587.38      0.17590596    0.0034906781
      3590.96      0.17809457    0.0035062038
      3594.55      0.18089959    0.0035514270
      3598.15      0.18080114    0.0035443091
      3601.75      0.18274935    0.0035902081
      3605.35      0.18305847    0.0036049046
      3608.96      0.18443984    0.0036288761
      3612.56      0.18429482    0.0036758328
      3616.18      0.18100745    0.0036909085
      3619.79      0.17737490    0.0037385164
      3623.41      0.17342388    0.0037287739
      3627.04      0.16722216    0.0037769874
      3630.66      0.16252395    0.0037912678
      3634.29      0.15744094    0.0038152663
      3637.93      0.15480468    0.0038291094
      3641.57      0.15220876    0.0038790521
      3645.21      0.15314963    0.0038667452
      3648.86      0.15592871    0.0039166328
      3652.50      0.16041120    0.0039669776
      3656.16      0.16741324    0.0039539237
      3659.81      0.17517739    0.0040048656
      3663.47      0.18582970    0.0040184878
      3667.14      0.20044821    0.0040424084
      3670.80      0.21386714    0.0040557369
      3674.48      0.22861393    0.0041081775
      3678.15      0.24488662    0.0041309859
      3681.83      0.25883707    0.0041451132
      3685.51      0.27347828    0.0041978525
      3689.20      0.28678712    0.0041817732
      3692.88      0.30110669    0.0042349378
      3696.58      0.31124589    0.0042484519
      3700.27      0.31995083    0.0042717011
      3703.98      0.32681555    0.0043260680
      3707.68      0.33190187    0.0043408129
      3711.39      0.33445087    0.0043625355
      3715.10      0.33258638    0.0044188914
      3718.81      0.32971259    0.0044316873
      3722.53      0.32463472    0.0044553433
      3726.26      0.31700372    0.0044679406
      3729.98      0.30723743    0.0045264152
      3733.71      0.29350664    0.0045482367
      3737.45      0.28026022    0.0045624758
      3741.18      0.26496819    0.0045841719
      3744.93      0.24939023    0.0045982387
      3748.67      0.23371435    0.0046560110
      3752.42      0.21772739    0.0046795872
      3756.17      0.20289255    0.0046915976
      3759.93      0.18781945    0.0047535458
      3763.69      0.17273584    0.0047749062
      3767.45      0.15974398    0.0047891070
      3771.22      0.14730175    0.0048103007
      3774.99      0.13624874    0.0048728603
      3778.77      0.12655824    0.0048849825
      3782.54      0.11926519    0.0049079078
      3786.33      0.11555937    0.0049715906
      3790.11      0.11148780    0.0049865159
      3793.90      0.10886496    0.0050067754
      3797.70      0.10775962    0.0050720259
      3801.50      0.10665882    0.0050416840
      3805.30      0.10608490    0.0051067427
      3809.10      0.10596564    0.0051753078
      3812.91      0.10742017    0.0051411706
      3816.73      0.11058664    0.0052104608
      3820.54      0.11429083    0.0052314063
      3824.36      0.11925829    0.0052454411
      3828.19      0.12522247    0.0052658241
      3832.02      0.13239192    0.0052315199
      3835.85      0.14097734    0.0053000463
      3839.68      0.15083988    0.0052646997
      3843.52      0.16250558    0.0053341064
      3847.37      0.17691004    0.0052976671
      3851.22      0.19511103    0.0053200450
      3855.07      0.21538187    0.0053879570
      3858.92      0.23851449    0.0053520055
      3862.78      0.26518445    0.0054210814
      3866.64      0.29601024    0.0053839844
      3870.51      0.32960773    0.0054064166
      3874.38      0.36490889    0.0054158733
      3878.26      0.40508098    0.0054373356
      3882.13      0.44579525    0.0054478452
      3886.02      0.49175453    0.0054682238
      3889.90      0.54004356    0.0054902819
      3893.79      0.58281917    0.0054992657
      3897.69      0.62518543    0.0055202655
      3901.59      0.66158022    0.0054829456
      3905.49      0.69467653    0.0055503019
      3909.39      0.72226357    0.0055718696
      3913.30      0.74264908    0.0055805918
      3917.22      0.75742395    0.0056009006
      3921.13      0.76926832    0.0055628545
      3925.06      0.77758073    0.0056302751
      3928.98      0.77926091    0.0055935092
      3932.91      0.77392897    0.0056112148
      3936.84      0.76823003    0.0056793459
      3940.78      0.76073961    0.0056410952
      3944.72      0.74885408    0.0056590493
      3948.67      0.73669146    0.0057277770
      3952.61      0.72548649    0.0056881641
      3956.57      0.71409152    0.0057062480
      3960.52      0.70451370    0.0057179848
      3964.48      0.69378189    0.0057346550
      3968.45      0.68114487    0.0057526382
      3972.42      0.67011653    0.0057638677
      3976.39      0.65849499    0.0057805340
      3980.37      0.64905493    0.0057395525
      3984.35      0.64083321    0.0058091827
      3988.33      0.63662817    0.0058257592
      3992.32      0.64048686    0.0057841455
      3996.31      0.64970081    0.0058539481
      4000.31      0.66338847    0.0058701798
      4004.31      0.68377572    0.0058278449
      4008.31      0.70929901    0.0058461520
      4012.32      0.73652225    0.0059140817
      4016.33      0.76540072    0.0058709808
      4020.35      0.79598505    0.0058887808
      4024.37      0.82186903    0.0059572112
      4028.40      0.84287384    0.0059132669
      4032.42      0.86196927    0.0059306160
      4036.46      0.87491187    0.0059487758
      4040.50      0.88088253    0.0059550854
      4044.54      0.88110685    0.0059717471
      4048.58      0.87453692    0.0059892224
      4052.63      0.86280109    0.0059459265
      4056.68      0.84568660    0.0060121091
      4060.74      0.82295329    0.0060291161
      4064.80      0.80122570    0.0059860913
      4068.86      0.77673064    0.0060521141
      4072.93      0.75074923    0.0060682812
      4077.01      0.72578784    0.0060259157
      4081.08      0.70182347    0.0060403731
      4085.17      0.67928602    0.0061069527
      4089.25      0.65542121    0.0061230220
      4093.34      0.63220068    0.0060792663
      4097.43      0.60956944    0.0060935133
      4101.53      0.58586528    0.0061085790
      4105.63      0.56438128    0.0061180727
      4109.74      0.54333785    0.0061314853
      4113.85      0.52373802    0.0061456889
      4117.96      0.50602412    0.0061602995
      4122.08      0.49096700    0.0061694029
      4126.20      0.47715432    0.0061826507
      4130.33      0.46535348    0.0061963795
      4134.46      0.45660569    0.0061506917
      4138.59      0.45090467    0.0061653490
      4142.73      0.44661777    0.0062326861
      4146.88      0.44540620    0.0062460334
      4151.02      0.44589746    0.0061993893
      4155.18      0.44769173    0.0062135085
      4159.33      0.44989953    0.0062280431
      4163.49      0.45193335    0.0062944965
      4167.65      0.45302301    0.0062469304
      4171.82      0.45454324    0.0062604539
      4175.99      0.45414597    0.0062743956
      4180.17      0.45037824    0.0062885377
      4184.35      0.44753673    0.0063545857
      4188.54      0.44280503    0.0063061930
      4192.72      0.43697946    0.0063193512
      4196.92      0.43110147    0.0063329015
      4201.11      0.42612526    0.0063466204
      4205.31      0.42326857    0.0062992334
      4209.52      0.42226329    0.0063635519
      4213.73      0.42576186    0.0063762232
      4217.94      0.43172121    0.0063892626
      4222.16      0.43914636    0.0064023235
      4226.38      0.44918499    0.0063548297
      4230.61      0.46134652    0.0063665882
      4234.84      0.47452166    0.0063784634
      4239.08      0.48770645    0.0064436354
      4243.32      0.50194877    0.0064559338
      4247.56      0.51376163    0.0064089422
      4251.81      0.52595094    0.0064199073
      4256.06      0.53371248    0.0064310865
      4260.32      0.53834691    0.0064424591
      4264.58      0.54161942    0.0064540768
      4268.84      0.54224972    0.0064060037
      4273.11      0.54037351    0.0064721690
      4277.38      0.53560737    0.0064826079
      4281.66      0.53005746    0.0064932027
      4285.94      0.52522903    0.0065040284
      4290.23      0.52171185    0.0065149969
      4294.52      0.51965744    0.0064655666
      4298.81      0.51804966    0.0064766126
      4303.11      0.51616751    0.0064876213
      4307.42      0.51509517    0.0064985922
      4311.72      0.51568556    0.0065632541
      4316.04      0.51800321    0.0065733398
      4320.35      0.52221038    0.0065835422
      4324.67      0.52613912    0.0065330165
      4329.00      0.53057212    0.0065430919
      4333.33      0.53551955    0.0065533715
      4337.66      0.53860340    0.0065636256
      4342.00      0.54140962    0.0065738789
      4346.34      0.54377452    0.0065840985
      4350.69      0.54493370    0.0065944538
      4355.04      0.54520914    0.0065446467
      4359.39      0.54388560    0.0065538697
      4363.75      0.54329337    0.0065630891
      4368.12      0.54323270    0.0065723874
      4372.48      0.54304987    0.0066347806
      4376.86      0.54224272    0.0066440997
      4381.23      0.54079302    0.0066533064
      4385.61      0.53688553    0.0066626405
      4390.00      0.53200421    0.0066718894
      4394.39      0.52658554    0.0066810776
      4398.79      0.51988686    0.0066321460
      4403.18      0.51237875    0.0066405520
      4407.59      0.50342231    0.0066489676
      4412.00      0.49402628    0.0066572980
      4416.41      0.48588851    0.0066655705
      4420.82      0.47665524    0.0066738850
      4425.25      0.46807266    0.0066821553
      4429.67      0.46103552    0.0066903111
      4434.10      0.45501124    0.0066984334
      4438.54      0.45117616    0.0067065336
      4442.97      0.44873674    0.0067144994
      4447.42      0.45038728    0.0067224081
      4451.86      0.45606294    0.0067303335
      4456.32      0.46455894    0.0067381767
      4460.77      0.47651958    0.0066862438
      4465.24      0.49212817    0.0066938901
      4469.70      0.51218118    0.0067013615
      4474.17      0.53589669    0.0067088612
      4478.65      0.56221667    0.0067162499
      4483.12      0.59353388    0.0067236351
      4487.61      0.62905117    0.0067308596
      4492.09      0.66877389    0.0067380333
      4496.59      0.71157139    0.0067451641
      4501.08      0.75812698    0.0067521165
      4505.58      0.80511983    0.0067590896
      4510.09      0.85196610    0.0067659656
      4514.60      0.89659984    0.0067728354
      4519.12      0.93851507    0.0067265836
      4523.63      0.97689175    0.0067332929
      4528.16       1.0115549    0.0067398401
      4532.69       1.0442276    0.0067462346
      4537.22       1.0748945    0.0067527351
      4541.76       1.1012699    0.0067590728
      4546.30       1.1256603    0.0067654180
      4550.85       1.1462507    0.0067715970
      4555.40       1.1642898    0.0067779052
      4559.95       1.1802710    0.0067840746
      4564.51       1.1935568    0.0067901149
      4569.08       1.2046166    0.0067963069
      4573.65       1.2146415    0.0068023411
      4578.22       1.2256114    0.0068084166
      4582.80       1.2358574    0.0067594715
      4587.38       1.2506881    0.0067648802
      4591.97       1.2661605    0.0067701586
      4596.56       1.2812161    0.0067754253
      4601.16       1.2933452    0.0067807052
      4605.76       1.3034167    0.0067858788
      4610.37       1.3116555    0.0067912341
      4614.98       1.3172764    0.0068545853
      4619.59       1.3230258    0.0068598716
      4624.21       1.3272015    0.0068650542
      4628.84       1.3249178    0.0068170656
      4633.47       1.3204253    0.0068213767
      4638.10       1.3117057    0.0068257350
      4642.74       1.3003756    0.0068300620
      4647.38       1.2852759    0.0068344666
      4652.03       1.2631491    0.0068390625
      4656.68       1.2339571    0.0068434473
      4661.34       1.2006184    0.0067959107
      4666.00       1.1645692    0.0068004577
      4670.67       1.1269128    0.0068050884
      4675.33       1.0913981    0.0068098164
      4680.01       1.0557129    0.0068696429
      4684.69       1.0209823    0.0068733745
      4689.38      0.98694663    0.0068770972
      4694.07      0.95461238    0.0068286608
      4698.76      0.92827535    0.0068324993
      4703.46      0.90644037    0.0068367116
      4708.16      0.89081530    0.0068408628
      4712.87      0.88053843    0.0068452103
      4717.58      0.87625379    0.0067950302
      4722.30      0.87726575    0.0068544333
      4727.03      0.88235759    0.0068579098
      4731.75      0.88946748    0.0068616072
      4736.48      0.89692555    0.0068653925
      4741.22      0.90370406    0.0068692772
      4745.96      0.90887923    0.0068188907
      4750.71      0.91058591    0.0068216821
      4755.46      0.90779339    0.0068810373
      4760.22      0.90240680    0.0068842446
      4764.97      0.89257185    0.0068354850
      4769.74      0.88012052    0.0068375318
      4774.51      0.86308178    0.0068398488
      4779.29      0.84253830    0.0068424496
      4784.07      0.81927587    0.0068452459
      4788.85      0.79106985    0.0068526680
      4793.64      0.76470174    0.0068542875
      4798.43      0.73947994    0.0068563428
      4803.23      0.71791353    0.0068585266
      4808.03      0.69972403    0.0068101686
      4812.84      0.68728596    0.0068678412
      4817.66      0.68496340    0.0068691458
      4822.48      0.69011420    0.0068708991
      4827.30      0.70684786    0.0068219352
      4832.12      0.73135433    0.0068244670
      4836.96      0.76224293    0.0068272958
      4841.79      0.80039770    0.0068822765
      4846.63      0.84275405    0.0068327762
      4851.48      0.88157478    0.0068348758
      4856.33      0.91444228    0.0068374712
      4861.19      0.94572106    0.0068411690
      4866.05      0.96197017    0.0068425771
      4870.92      0.96803571    0.0068444604
      4875.79      0.96418550    0.0068467944
      4880.66      0.94518322    0.0067961075
      4885.55      0.92013644    0.0068512180
      4890.43      0.89240563    0.0068530282
      4895.32      0.85872526    0.0068033536
      4900.22      0.83018270    0.0068038530
      4905.12      0.80309684    0.0068590694
      4910.02      0.78716215    0.0068607979
      4914.94      0.78193633    0.0068101530
      4919.85      0.78700865    0.0068107748
      4924.77      0.80200088    0.0068661017
      4929.70      0.82926529    0.0068160711
      4934.62      0.86111023    0.0068161336
      4939.56      0.89901161    0.0068168807
      4944.50      0.94829618    0.0068212987
      4949.44      0.99311936    0.0068209160
      4954.39       1.0390124    0.0068212863
      4959.35       1.0825205    0.0067729903
      4964.31       1.1211774    0.0068250913
      4969.27       1.1514774    0.0068251894
      4974.24       1.1732676    0.0067765399
      4979.22       1.1863240    0.0068287247
      4984.20       1.1904494    0.0067789401
      4989.18       1.1833117    0.0067796420
      4994.17       1.1672120    0.0068317106
      4999.16       1.1405948    0.0067817672
      5004.16       1.1068981    0.0067822675
      5009.17       1.0655215    0.0067837459
      5014.18       1.0119068    0.0067839163
      5019.19      0.95599736    0.0067844091
      5024.21      0.89411853    0.0067343931
      5029.23      0.83267990    0.0067857344
      5034.26      0.77943469    0.0067862615
      5039.30      0.73194908    0.0067356742
      5044.34      0.69023178    0.0067869724
      5049.39      0.66168323    0.0067375304
      5054.43      0.64452405    0.0067363686
      5059.49      0.63715195    0.0067878729
      5064.55      0.64563751    0.0067376086
      5069.61      0.66120671    0.0067366274
      5074.68      0.68981623    0.0067389912
      5079.76      0.72240949    0.0067372161
      5084.84      0.76544940    0.0067404564
      5089.92      0.80798499    0.0067379188
      5095.01      0.85216348    0.0067367125
      5100.11      0.89932242    0.0067386354
      5105.21      0.93989294    0.0067367242
      5110.31      0.97684306    0.0066883698
      5115.42       1.0094198    0.0067367279
      5120.54       1.0372039    0.0066877081
      5125.66       1.0620629    0.0067366903
      5130.79       1.0833046    0.0066870302
      5135.92       1.1020683    0.0066865556
      5141.05       1.1177673    0.0067339674
      5146.20       1.1312297    0.0066852754
      5151.34       1.1425514    0.0067331218
      5156.49       1.1503192    0.0066839148
      5161.65       1.1577758    0.0066837088
      5166.81       1.1629539    0.0066824315
      5171.98       1.1683667    0.0066818134
      5177.15       1.1730237    0.0066808049
      5182.33       1.1792581    0.0066798238
      5187.51       1.1833404    0.0066298709
      5192.70       1.1867544    0.0066777045
      5197.89       1.1884686    0.0066279017
      5203.09       1.1906546    0.0066754309
      5208.29       1.1932490    0.0066257370
      5213.50       1.1965605    0.0066729933
      5218.72       1.2049148    0.0066233440
      5223.93       1.2160341    0.0066703866
      5229.16       1.2326515    0.0066207353
      5234.39       1.2526263    0.0066216938
      5239.62       1.2729470    0.0066178853
      5244.86       1.2963518    0.0065700169
      5250.11       1.3180063    0.0066148270
      5255.36       1.3389235    0.0065669240
      5260.61       1.3592378    0.0066115388
      5265.87       1.3769515    0.0065636634
      5271.14       1.3947491    0.0066080378
      5276.41       1.4102109    0.0065602414
      5281.69       1.4241536    0.0066043352
      5286.97       1.4338537    0.0065566775
      5292.26       1.4417543    0.0065548087
      5297.55       1.4470314    0.0065529952
      5302.85       1.4500177    0.0065507867
      5308.15       1.4522466    0.0065491737
      5313.46       1.4536384    0.0065466404
      5318.77       1.4579186    0.0065453820
      5324.09       1.4638593    0.0065423907
      5329.42       1.4737610    0.0064940107
      5334.75       1.4853156    0.0065380041
      5340.08       1.5002356    0.0064892454
      5345.42       1.5164491    0.0065337242
      5350.77       1.5337181    0.0065309111
      5356.12       1.5492104    0.0064828490
      5361.48       1.5604871    0.0065260351
      5366.83       1.5685692    0.0064775282
      5372.20       1.5734828    0.0064764529
      5377.58       1.5720236    0.0064721599
      5382.95       1.5633915    0.0064704567
      5388.34       1.5469632    0.0064668180
      5393.72       1.5213322    0.0064644690
      5399.12       1.4837872    0.0064631929
      5404.52       1.4467648    0.0064585925
      5409.92       1.4006970    0.0064566455
      5415.33       1.3581215    0.0064093997
      5420.75       1.3193756    0.0064502836
      5426.17       1.2903101    0.0064040051
      5431.60       1.2698786    0.0064006646
      5437.03       1.2617142    0.0064417171
      5442.47       1.2719493    0.0063948586
      5447.91       1.2993700    0.0063916272
      5453.36       1.3421162    0.0063894444
      5458.81       1.4035853    0.0063855241
      5464.27       1.4797402    0.0063822112
      5469.73       1.5549682    0.0063797328
      5475.20       1.6429810    0.0063757226
      5480.68       1.7279424    0.0063723732
      5486.16       1.7994322    0.0063258649
      5491.65       1.8641937    0.0063656875
      5497.14       1.9139006    0.0063184576
      5502.64       1.9494712    0.0063156564
      5508.14       1.9668228    0.0063554081
      5513.65       1.9611055    0.0063080117
      5519.16       1.9339468    0.0063050368
      5524.68       1.8853793    0.0063026279
      5530.20       1.8276467    0.0062973039
      5535.73       1.7491166    0.0062940718
      5541.27       1.6617984    0.0062912759
      5546.81       1.5817437    0.0062863200
      5552.36       1.4979558    0.0062827278
      5557.91       1.4214478    0.0062796435
      5563.47       1.3580535    0.0062336742
      5569.04       1.3035785    0.0062711396
      5574.60       1.2605085    0.0062675291
      5580.18       1.2330321    0.0062223863
      5585.76       1.2168384    0.0062180874
      5591.35       1.2155080    0.0062140427
      5596.94       1.2205340    0.0062110258
      5602.53       1.2390218    0.0062063109
      5608.14       1.2627780    0.0062020100
      5613.75       1.2850037    0.0061980553
      5619.36       1.2979617    0.0061948516
      5624.98       1.3080775    0.0061900221
      5630.60       1.3070107    0.0061855482
      5636.23       1.2934990    0.0061399850
      5641.87       1.2693685    0.0061361034
      5647.51       1.2338448    0.0061732202
      5653.16       1.1838469    0.0061685554
      5658.82       1.1223051    0.0061228422
      5664.47       1.0500085    0.0061186998
      5670.14      0.97006220    0.0061147345
      5675.81      0.88626039    0.0061110163
      5681.48      0.80746359    0.0061054464
      5687.17      0.72453378    0.0061009098
      5692.85      0.64607498    0.0060966486
      5698.55      0.57434833    0.0060925213
      5704.25      0.51200563    0.0060885858
      5709.95      0.46298499    0.0060437359
      5715.66      0.42451897    0.0060782475
      5721.38      0.39784406    0.0060736732
      5727.10      0.38273171    0.0060693332
      5732.83      0.37789515    0.0060258118
      5738.56      0.38151135    0.0060208035
      5744.30      0.39422414    0.0060159417
      5750.04      0.41286575    0.0060110790
      5755.79      0.43848040    0.0060064780
      5761.55      0.47004499    0.0060028586
      5767.31      0.50841741    0.0059976580
      5773.08      0.55523065    0.0059924253
      5778.85      0.61040567    0.0059873161
      5784.63      0.67379693    0.0059823060
      5790.41      0.74438388    0.0059773823
      5796.21      0.81962772    0.0059337326
      5802.00      0.89846222    0.0059289812
      5807.81      0.98152077    0.0059245569
      5813.61       1.0656017    0.0059204625
      5819.43       1.1534736    0.0059166862
      5825.25       1.2389075    0.0059501817
      5831.07       1.3170457    0.0059067481
      5836.90       1.3861816    0.0059025342
      5842.74       1.4454380    0.0058994993
      5848.58       1.4940957    0.0058984326
      5854.43       1.5346624    0.0058987184
      5860.29       1.5653802    0.0058991662
      5866.15       1.5878193    0.0058998403
      5872.01       1.6053234    0.0059014388
      5877.89       1.6181271    0.0058644555
      5883.76       1.6252350    0.0058632127
      5889.65       1.6288580    0.0058602444
      5895.54       1.6289658    0.0058563727
      5901.43       1.6248109    0.0058517216
      5907.34       1.6191434    0.0058459453
      5913.24       1.6134892    0.0058393338
      5919.16       1.6089641    0.0058326283
      5925.08       1.6044106    0.0058264205
      5931.00       1.6039280    0.0058202017
      5936.93       1.6022637    0.0058132585
      5942.87       1.5968066    0.0057692611
      5948.81       1.5878835    0.0057610566
      5954.76       1.5788036    0.0057524493
      5960.72       1.5704897    0.0057440467
      5966.68       1.5618878    0.0057353308
      5972.64       1.5497810    0.0057256661
      5978.62       1.5363538    0.0057162918
      5984.60       1.5232457    0.0057082970
      5990.58       1.5072074    0.0057007474
      5996.57       1.4886176    0.0056923904
      6002.57       1.4668418    0.0056841785
      6008.57       1.4412648    0.0056769115
      6014.58       1.4119299    0.0056702729
      6020.60       1.3823702    0.0056639225
      6026.62       1.3526145    0.0056577160
      6032.65       1.3215189    0.0056169906
      6038.68       1.2959431    0.0056113982
      6044.72       1.2753844    0.0056058100
      6050.76       1.2606165    0.0056001699
      6056.81       1.2527695    0.0055946046
      6062.87       1.2488947    0.0055891343
      6068.93       1.2497556    0.0055836607
      6075.00       1.2554692    0.0055782344
      6081.08       1.2632568    0.0055728287
      6087.16       1.2727421    0.0055674655
      6093.25       1.2813914    0.0055620753
      6099.34       1.2875828    0.0055220851
      6105.44       1.2896989    0.0055165051
      6111.54       1.2891554    0.0055109021
      6117.66       1.2861642    0.0055053362
      6123.78       1.2816390    0.0054997678
      6129.90       1.2759827    0.0054943181
      6136.03       1.2711988    0.0054888706
      6142.17       1.2687386    0.0054834145
      6148.31       1.2718839    0.0054450903
      6154.46       1.2867963    0.0054728677
      6160.61       1.3152398    0.0054671546
      6166.77       1.3546308    0.0054614494
      6172.94       1.4019457    0.0054557206
      6179.11       1.4548377    0.0054502027
      6185.29       1.5149952    0.0054119422
      6191.48       1.5724804    0.0054067168
      6197.67       1.6291800    0.0054023515
      6203.87       1.6835515    0.0053999313
      6210.07       1.7322145    0.0053972022
      6216.28       1.7713450    0.0053575182
      6222.50       1.8014868    0.0053857869
      6228.72       1.8224260    0.0053846571
      6234.95       1.8328270    0.0053864587
      6241.19       1.8364321    0.0053910320
      6247.42       1.8303620    0.0053670097
      6253.67       1.8187898    0.0053737946
      6259.93       1.8028178    0.0053800143
      6266.19       1.7869795    0.0053846233
      6272.46       1.7720907    0.0054202891
      6278.73       1.7547593    0.0053854294
      6285.01       1.7341545    0.0053785636
      6291.29       1.7095861    0.0053681295
      6297.58       1.6841754    0.0053547390
      6303.88       1.6544981    0.0053076393
      6310.19       1.6228794    0.0053218979
      6316.50       1.5928618    0.0053084721
      6322.81       1.5637643    0.0052984423
      6329.14       1.5335521    0.0052572180
      6335.47       1.5035860    0.0052463072
      6341.80       1.4741973    0.0052662670
      6348.14       1.4463890    0.0052260588
      6354.49       1.4208849    0.0052177311
      6360.85       1.4011434    0.0052100431
      6367.21       1.3845925    0.0052030576
      6373.57       1.3722381    0.0051944752
      6379.95       1.3643650    0.0051878769
      6386.33       1.3641613    0.0051820627
      6392.72       1.3693436    0.0051456027
      6399.11       1.3784455    0.0051402460
      6405.51       1.3922332    0.0051655874
      6411.92       1.4091823    0.0051304501
      6418.32       1.4266961    0.0051257390
      6424.74       1.4432373    0.0051220928
      6431.17       1.4614343    0.0051209024
      6437.60       1.4762451    0.0051197258
      6444.04       1.4904108    0.0051192234
      6450.48       1.5002546    0.0050888709
      6456.94       1.5064952    0.0051168016
      6463.39       1.5060613    0.0051144279
      6469.85       1.4987754    0.0050827587
      6476.33       1.4888896    0.0051087678
      6482.80       1.4748175    0.0050741590
      6489.28       1.4598540    0.0050683869
      6495.77       1.4460371    0.0050623823
      6502.27       1.4295085    0.0050543897
      6508.77       1.4171687    0.0050481379
      6515.28       1.4072888    0.0050428955
      6521.80       1.4022850    0.0050366041
      6528.32       1.3966723    0.0050316772
      6534.85       1.3917646    0.0049967955
      6541.38       1.3861630    0.0050188590
      6547.92       1.3792571    0.0050124861
      6554.47       1.3729872    0.0049763827
      6561.03       1.3660615    0.0049991158
      6567.59       1.3556428    0.0049642813
      6574.16       1.3403799    0.0049571829
      6580.73       1.3215674    0.0049503994
      6587.31       1.3021108    0.0049439885
      6593.90       1.2808161    0.0049110036
      6600.50       1.2598507    0.0049339246
      6607.10       1.2396279    0.0049290681
      6613.70       1.2205423    0.0048974011
      6620.32       1.2029328    0.0049203817
      6626.94       1.1872062    0.0048887086
      6633.57       1.1732099    0.0049119359
      6640.20       1.1632008    0.0048801963
      6646.84       1.1524169    0.0048766576
      6653.49       1.1399820    0.0048721044
      6660.14       1.1253932    0.0048685884
      6666.80       1.1108823    0.0048642977
      6673.47       1.0948106    0.0048607468
      6680.14       1.0778541    0.0048294230
      6686.82       1.0606119    0.0048530836
      6693.51       1.0420308    0.0048220099
      6700.20       1.0231490    0.0048455855
      6706.90       1.0050508    0.0048147457
      6713.61      0.98928715    0.0048383174
      6720.32      0.97723790    0.0048076074
      6727.05      0.96851804    0.0048041128
      6733.77      0.96013736    0.0048007041
      6740.51      0.95709802    0.0047710216
      6747.25      0.95769872    0.0047939739
      6754.00      0.96285937    0.0047644073
      6760.75      0.96863930    0.0047873472
      6767.51      0.97496305    0.0047580120
      6774.28      0.98034986    0.0047811018
      6781.05      0.98189530    0.0047556188
      6787.84      0.98104726    0.0047901492
      6794.62      0.98353664    0.0047809550
      6801.42      0.98154703    0.0047750193
      6808.22      0.97633872    0.0047699793
      6815.03      0.97071791    0.0047860151
      6821.85      0.96176800    0.0048148549
      6828.67      0.94998304    0.0048679219
      6835.50      0.93837440    0.0049071953
      6842.33      0.92660870    0.0050024904
      6849.17      0.91363945    0.0050505451
      6856.02      0.89737949    0.0051241641
      6862.88      0.88226570    0.0051683998
      6869.74      0.86921483    0.0052002435
      6876.61      0.85972936    0.0052020102
      6883.49      0.85130724    0.0051765313
      6890.37      0.84812931    0.0051248311
      6897.27      0.85132305    0.0050705959
      6904.16      0.86090422    0.0050013486
      6911.07      0.87519665    0.0049229846
      6917.98      0.89403833    0.0049118492
      6924.89      0.92015575    0.0048596246
      6931.82      0.94256334    0.0048194135
      6938.75      0.96339239    0.0048121512
      6945.69      0.98341062    0.0047669031
      6952.64      0.99828490    0.0047482102
      6959.59       1.0089356    0.0047349408
      6966.55       1.0167945    0.0047214942
      6973.52       1.0197986    0.0047128157
      6980.49       1.0170114    0.0046832788
      6987.47       1.0105936    0.0047053251
      6994.46       1.0018421    0.0046780686
      7001.46      0.99230453    0.0046753692
      7008.46      0.98324922    0.0046963143
      7015.46      0.97774216    0.0046651240
      7022.48      0.97466931    0.0046575752
      7029.51      0.97458450    0.0046509899
      7036.53      0.97726095    0.0046454656
      7043.57      0.98253286    0.0046406791
      7050.62      0.98720230    0.0046358508
      7057.66      0.98839072    0.0046068405
      7064.72      0.99003383    0.0046270685
      7071.79      0.98852579    0.0046241960
      7078.86      0.98281875    0.0045988776
      7085.94      0.97277208    0.0046008557
      7093.03      0.96677519    0.0046055052
      7100.12      0.97309941    0.0046095083
      7107.22      0.98934710    0.0046154395
      7114.33       1.0098948    0.0046241636
      7121.44       1.0373437    0.0046400320
      7128.56       1.0757425    0.0046389686
      7135.69       1.1198578    0.0046946942
      7142.83       1.1671755    0.0047445862
      7149.97       1.2045588    0.0047733620
      7157.12       1.2395525    0.0048276501
      7164.28       1.2771727    0.0048704615
      7171.44       1.3203427    0.0049003643
      7178.62       1.3576927    0.0049140237
      7185.80       1.3843308    0.0049231520
      7192.98       1.4016726    0.0049231184
      7200.17       1.4172604    0.0049141369
      7207.38       1.4377514    0.0048795479
      7214.58       1.4538169    0.0048703508
      7221.80       1.4617251    0.0048687080
      7229.02       1.4713916    0.0048990214
      7236.25       1.4947645    0.0049068101
      7243.49       1.5288595    0.0048847835
      7250.73       1.5636739    0.0048854024
      7257.98       1.5987328    0.0048781408
      7265.24       1.6289797    0.0048617101
      7272.51       1.6459030    0.0048414788
      7279.78       1.6447482    0.0047985686
      7287.06       1.6256967    0.0047814072
      7294.35       1.5995200    0.0047619062
      7301.64       1.5740283    0.0047647686
      7308.94       1.5389883    0.0047398464
      7316.25       1.4928697    0.0046943017
      7323.57       1.4402748    0.0046746806
      7330.89       1.3891926    0.0046589510
      7338.22       1.3461433    0.0046452043
      7345.56       1.3076408    0.0046352223
      7352.91       1.2687820    0.0046288622
      7360.26       1.2300009    0.0046244238
      7367.62       1.2050439    0.0045973711
      7374.99       1.1937245    0.0045929628
      7382.37       1.1926481    0.0045884602
      7389.75       1.1941234    0.0045853180
      7397.14       1.1951274    0.0045833304
      7404.53       1.1960778    0.0045827328
      7411.94       1.1972178    0.0045833297
      7419.35       1.1961665    0.0045848157
      7426.77       1.1910418    0.0045866585
      7434.20       1.1819330    0.0045890622
      7441.63       1.1724313    0.0045687057
      7449.07       1.1604849    0.0045725842
      7456.52       1.1484525    0.0045766401
      7463.98       1.1373993    0.0045810436
      7471.45       1.1251409    0.0045859429
      7478.92       1.1113318    0.0045911353
      7486.40       1.0973296    0.0045965623
      7493.88       1.0821140    0.0046030607
      7501.38       1.0648787    0.0046182107
      7508.88       1.0449919    0.0046585725
      7516.39       1.0147965    0.0047176422
      7523.91      0.99112009    0.0047395014
      7531.43      0.95450715    0.0047244323
      7538.96      0.92417407    0.0047568820
      7546.50      0.89070725    0.0048609877
      7554.05      0.85647019    0.0050305728
      7561.60      0.81540555    0.0052689203
      7569.16      0.77625398    0.0055711959
      7576.73      0.73801600    0.0059243355
      7584.31      0.70042486    0.0063070872
      7591.89      0.66017512    0.0066831908
      7599.49      0.61615996    0.0069718871
      7607.09      0.59746744    0.0071389783
      7614.70      0.59060251    0.0071388462
      7622.31      0.60966092    0.0069747080
      7629.93      0.65123855    0.0066909964
      7637.56      0.70164782    0.0063481454
      7645.20      0.75778667    0.0060003928
      7652.85      0.82015447    0.0056517580
      7660.50      0.88543190    0.0054234007
      7668.16      0.96400003    0.0052398947
      7675.83       1.0325022    0.0050857589
      7683.50       1.1115806    0.0050002285
      7691.19       1.1838274    0.0049503374
      7698.88       1.2480821    0.0048800290
      7706.58       1.2999280    0.0048459542
      7714.29       1.3454000    0.0048214770
      7722.00       1.3799031    0.0048068284
      7729.73       1.3990429    0.0047788665
      7737.45       1.4074624    0.0047781102
      7745.19       1.4103066    0.0047817682
      7752.94       1.4134225    0.0048121742
      7760.69       1.4028733    0.0048205460
      7768.45       1.3876302    0.0048081641
      7776.22       1.3685220    0.0048182758
      7784.00       1.3423786    0.0048289464
      7791.78       1.3127649    0.0048398827
      7799.57       1.2813888    0.0048298534
      7807.37       1.2516270    0.0048660741
      7815.18       1.2264794    0.0048776244
      7822.99       1.2011879    0.0048898645
      7830.82       1.1788617    0.0048818097
      7838.65       1.1586636    0.0048962628
      7846.49       1.1391732    0.0049115342
      7854.34       1.1216531    0.0049309274
      7862.19       1.1055301    0.0049481269
      7870.05       1.0916999    0.0049656185
      7877.93       1.0778200    0.0049593409
      7885.80       1.0620648    0.0049732116
      7893.69       1.0475724    0.0050124607
      7901.58       1.0305928    0.0050036595
      7909.49       1.0124874    0.0050165953
      7917.40      0.99383526    0.0050296188
      7925.31      0.97466122    0.0050463921
      7933.24      0.95622826    0.0050594503
      7941.17      0.93784628    0.0050734902
      7949.11      0.92067592    0.0050669475
      7957.06      0.90362675    0.0051086584
      7965.02      0.88824159    0.0051241439
      7972.98      0.87559013    0.0051180187
      7980.96      0.86476032    0.0051342356
      7988.94      0.85610557    0.0051527464
      7996.93      0.84845676    0.0051670165
      8004.93      0.84012902    0.0051815858
      8012.93      0.83330900    0.0051998903
      8020.95      0.82454253    0.0052154511
      8028.97      0.81408386    0.0052076528
      8036.99      0.80476977    0.0052495593
      8045.03      0.79644876    0.0052678894
      8053.08      0.78768984    0.0052656636
      8061.13      0.77808744    0.0053173062
      8069.20      0.76816577    0.0053248926
      8077.26      0.75669787    0.0053571705
      8085.34      0.74545159    0.0054059437
      8093.43      0.73219165    0.0054544495
      8101.52      0.71810932    0.0054923904
      8109.62      0.69977029    0.0055889715
      8117.73      0.67546270    0.0056368679
      8125.85      0.64751371    0.0057113984
      8133.98      0.61752314    0.0058210698
      8142.11      0.57944538    0.0058546714
      8150.25      0.53400162    0.0059208556
      8158.41      0.48262309    0.0059204396
      8166.56      0.43075151    0.0059434923
      8174.73      0.37568629    0.0059638501
      8182.91      0.32479736    0.0059504072
      8191.09      0.27759632    0.0059873234
      8199.28      0.23494205    0.0059637203
      8207.48      0.19741299    0.0059673876
      8215.69      0.16471219    0.0059784893
      8223.91      0.13961323    0.0059906342
      8232.13      0.12337824    0.0060033232
      8240.36      0.11496102    0.0060092010
      8248.60      0.11459079    0.0060160464
      8256.85      0.11741410    0.0060186922
      8265.11      0.12364925    0.0060219332
      8273.37      0.13316207    0.0060017295
      8281.65      0.14822747    0.0060184114
      8289.93      0.16584956    0.0060450121
      8298.22      0.17910828    0.0060518146
      8306.52      0.19242687    0.0060429729
      8314.83      0.20821710    0.0060110376
      8323.14      0.22747057    0.0060382947
      8331.46      0.24765842    0.0060123191
      8339.80      0.26841040    0.0060469977
      8348.13      0.28629136    0.0060266896
      8356.48      0.30193996    0.0060342088
      8364.84      0.32082357    0.0060700427
      8373.21      0.34385039    0.0060561826
      8381.58      0.36865075    0.0060756074
      8389.96      0.39602414    0.0060910712
      8398.35      0.42549842    0.0061114333
      8406.75      0.46434871    0.0061042701
      8415.16      0.51151872    0.0061525979
      8423.57      0.56652167    0.0061491727
      8432.00      0.62799597    0.0061756383
      8440.43      0.69948126    0.0062285173
      8448.87      0.77921862    0.0062275893
      8457.32      0.87319319    0.0062571922
      8465.78      0.98405167    0.0062578859
      8474.25       1.1089602    0.0063149045
      8482.72       1.2513545    0.0063161226
      8491.20       1.4192726    0.0062935865
      8499.69       1.6144428    0.0062722723
      8508.19       1.8192996    0.0062449143
      8516.70       2.0346940    0.0062240491
      8525.22       2.2531831    0.0062263112
      8533.75       2.4895572    0.0062061247
      8542.28       2.7403640    0.0061871404
      8550.82       2.9808644    0.0061640522
      8559.37       3.2155380    0.0061467821
      8567.93       3.4272067    0.0061508241
      8576.50       3.6186084    0.0061357010
      8585.08       3.7893358    0.0061217181
      8593.66       3.9407131    0.0061278706
      8602.26       4.0606111    0.0060907154
      8610.86       4.1484229    0.0060799005
      8619.47       4.2023753    0.0060885917
      8628.09       4.2191284    0.0060792240
      8636.72       4.2113246    0.0060701815
      8645.36       4.1912759    0.0060789967
      8654.00       4.1537774    0.0060476968
      8662.66       4.0961938    0.0060400601
      8671.32       4.0269238    0.0060331371
      8679.99       3.9596156    0.0060430929
      8688.67       3.8922482    0.0060369022
      8697.36       3.8168352    0.0060313322
      8706.06       3.7303437    0.0060263737
      8714.76       3.6352780    0.0060160505
      8723.48       3.5327583    0.0060124762
      8732.21       3.4283294    0.0060095296
      8740.93       3.3216642    0.0060073238
      8749.68       3.2082066    0.0060058018
      8758.43       3.0826178    0.0060194317
      8767.19       2.9436149    0.0060192491
      8775.96       2.7906771    0.0060200590
      8784.73       2.6308292    0.0060219562
      8793.52       2.4680428    0.0060052803
      8802.31       2.3010078    0.0060111083
      8811.11       2.1451367    0.0060318525
      8819.92       1.9927085    0.0060386962
      8828.75       1.8416611    0.0060466479
      8837.57       1.6884712    0.0060571196
      8846.41       1.5350705    0.0060656105
      8855.26       1.3882689    0.0060772388
      8864.12       1.2562882    0.0060936597
      8872.98       1.1387864    0.0061144335
      8881.85       1.0409345    0.0061444203
      8890.73      0.97099522    0.0061656344
      8899.63      0.91410346    0.0062147240
      8908.52      0.86674282    0.0062829499
      8917.43      0.82155400    0.0064008371
      8926.35      0.79086840    0.0065348041
      8935.28      0.77975958    0.0066962058
      8944.22      0.79104241    0.0068755042
      8953.16      0.82235017    0.0071055450
      8962.11      0.87017547    0.0073605913
      8971.08      0.92943320    0.0077103057
      8980.05       1.0009270    0.0081015051
      8989.03       1.0850571    0.0086680379
      8998.02       1.1789307    0.0093038453
      9007.02       1.2792172     0.010252730
      9016.02       1.3794688     0.011312322
      9025.04       1.4752433     0.012897834
      9034.07       1.5651180     0.014654362
      9043.10       1.6507475     0.017245392
      9052.14       1.7327674     0.020093971
