# starting wavelength =        3194.4800
# ending wavelength =        7697.3100
# O2 telluric scale =        0
# O2 telluric shift =        0
# H2O telluric scale =        0
# H2O telluric shift =        0
      3194.64       1.5250860     0.014592055
      3197.83       1.5462419     0.012342565
      3201.03       1.5624969     0.010544470
      3204.23       1.5730962    0.0093709030
      3207.44       1.5745067    0.0082180258
      3210.64       1.5733703    0.0073096456
      3213.85       1.5712424    0.0065978795
      3217.07       1.5650582    0.0059537781
      3220.28       1.5610807    0.0055491643
      3223.51       1.5595963    0.0052359697
      3226.73       1.5600264    0.0050284062
      3229.96       1.5567407    0.0048226088
      3233.19       1.5517152    0.0046595211
      3236.42       1.5449849    0.0044960000
      3239.66       1.5420215    0.0043918004
      3242.90       1.5399719    0.0043054457
      3246.14       1.5379756    0.0042327717
      3249.39       1.5393864    0.0041518282
      3252.64       1.5418074    0.0040954702
      3255.89       1.5459254    0.0040687342
      3259.14       1.5506620    0.0040632376
      3262.40       1.5530025    0.0040594160
      3265.67       1.5513160    0.0040769647
      3268.93       1.5536881    0.0040501075
      3272.20       1.5557310    0.0040677066
      3275.47       1.5660941    0.0040859713
      3278.75       1.5725799    0.0040584254
      3282.03       1.5751731    0.0040765170
      3285.31       1.5774880    0.0040729704
      3288.60       1.5858850    0.0040670379
      3291.88       1.6043651    0.0040853805
      3295.18       1.6199895    0.0040809771
      3298.47       1.6351411    0.0040758632
      3301.77       1.6457274    0.0040713742
      3305.07       1.6564149    0.0040904822
      3308.38       1.6666451    0.0040846068
      3311.69       1.6756729    0.0040807420
      3315.00       1.6803307    0.0040748641
      3318.31       1.6848156    0.0040937844
      3321.63       1.6894050    0.0040891052
      3324.95       1.6959054    0.0040839274
      3328.28       1.7043855    0.0041027158
      3331.61       1.7095066    0.0040988042
      3334.94       1.7155921    0.0040927273
      3338.27       1.7225952    0.0041121896
      3341.61       1.7254474    0.0041073895
      3344.95       1.7240314    0.0041020102
      3348.30       1.7271000    0.0041214959
      3351.65       1.7330159    0.0040918293
      3355.00       1.7389681    0.0041112690
      3358.35       1.7439854    0.0041310664
      3361.71       1.7504260    0.0041010327
      3365.07       1.7562561    0.0041206687
      3368.44       1.7620474    0.0041409948
      3371.81       1.7674660    0.0041102131
      3375.18       1.7709990    0.0041305745
      3378.56       1.7705725    0.0041245447
      3381.94       1.7709229    0.0041201255
      3385.32       1.7721247    0.0041398154
      3388.70       1.7736638    0.0041344539
      3392.09       1.7760018    0.0041293755
      3395.48       1.7826528    0.0041236135
      3398.88       1.7910975    0.0041442884
      3402.28       1.7957510    0.0041651506
      3405.68       1.7972408    0.0041335315
      3409.09       1.7978410    0.0041541962
      3412.49       1.8002672    0.0041486547
      3415.91       1.8032427    0.0041432408
      3419.32       1.8049333    0.0041653886
      3422.74       1.8086654    0.0041586211
      3426.17       1.8088142    0.0041801796
      3429.59       1.8099142    0.0041475914
      3433.02       1.8106155    0.0041688394
      3436.45       1.8096389    0.0041631103
      3439.89       1.8062671    0.0041848384
      3443.33       1.8009539    0.0041806140
      3446.78       1.7956303    0.0041735264
      3450.22       1.7907031    0.0041956181
      3453.67       1.7824570    0.0041897984
      3457.13       1.7725170    0.0041840763
      3460.58       1.7596180    0.0041778651
      3464.04       1.7480956    0.0042007284
      3467.51       1.7339969    0.0041941626
      3470.98       1.7195396    0.0042176471
      3474.45       1.7054009    0.0042117692
      3477.92       1.6887483    0.0042053934
      3481.40       1.6744045    0.0042292576
      3484.88       1.6612926    0.0042224629
      3488.37       1.6485585    0.0042177388
      3491.86       1.6361844    0.0042105536
      3495.35       1.6252882    0.0042341219
      3498.84       1.6150714    0.0042280762
      3502.34       1.6069119    0.0042521507
      3505.84       1.6011412    0.0042153600
      3509.35       1.5961631    0.0042401818
      3512.86       1.5921966    0.0042644160
      3516.37       1.5881537    0.0042578732
      3519.89       1.5831160    0.0042835550
      3523.41       1.5773491    0.0042764043
      3526.93       1.5724051    0.0042716432
      3530.46       1.5680752    0.0042639631
      3533.99       1.5647603    0.0042892549
      3537.53       1.5627485    0.0042827277
      3541.06       1.5579268    0.0043091040
      3544.60       1.5511499    0.0043019228
      3548.15       1.5433206    0.0042969269
      3551.70       1.5378903    0.0042891645
      3555.25       1.5334287    0.0043154823
      3558.80       1.5278336    0.0043087499
      3562.36       1.5226206    0.0043363969
      3565.92       1.5174504    0.0043289309
      3569.49       1.5110020    0.0043569810
      3573.06       1.5052460    0.0043160011
      3576.64       1.4980340    0.0043431723
      3580.21       1.4931478    0.0043361105
      3583.79       1.4892572    0.0043654226
      3587.38       1.4848811    0.0043574530
      3590.96       1.4810112    0.0043864258
      3594.55       1.4780089    0.0043795372
      3598.15       1.4729265    0.0044095177
      3601.75       1.4695561    0.0043649293
      3605.35       1.4667036    0.0043966955
      3608.96       1.4654649    0.0043881309
      3612.56       1.4632830    0.0043801482
      3616.18       1.4583885    0.0044103438
      3619.79       1.4503009    0.0044033262
      3623.41       1.4411270    0.0044345130
      3627.04       1.4327611    0.0044265244
      3630.66       1.4223602    0.0044584008
      3634.29       1.4073247    0.0044513384
      3637.93       1.3922315    0.0044839186
      3641.57       1.3725198    0.0044757511
      3645.21       1.3540091    0.0044705955
      3648.86       1.3355572    0.0044615300
      3652.50       1.3159878    0.0044529911
      3656.16       1.2992223    0.0044450035
      3659.81       1.2829755    0.0044396680
      3663.47       1.2680697    0.0044307746
      3667.14       1.2536704    0.0044220936
      3670.80       1.2391100    0.0044139817
      3674.48       1.2275013    0.0043667042
      3678.15       1.2168919    0.0043997838
      3681.83       1.2077001    0.0043912062
      3685.51       1.1995452    0.0043827778
      3689.20       1.1912234    0.0043355947
      3692.88       1.1831231    0.0043280830
      3696.58       1.1760085    0.0043599912
      3700.27       1.1688740    0.0043514913
      3703.98       1.1606983    0.0043042310
      3707.68       1.1548449    0.0042965096
      3711.39       1.1497346    0.0042890349
      3715.10       1.1456904    0.0042817596
      3718.81       1.1418923    0.0042730891
      3722.53       1.1389218    0.0042649052
      3726.26       1.1346410    0.0042571685
      3729.98       1.1265178    0.0042495002
      3733.71       1.1187898    0.0042044586
      3737.45       1.1106149    0.0041960805
      3741.18       1.1020649    0.0042251810
      3744.93       1.0930772    0.0042172283
      3748.67       1.0818212    0.0042094118
      3752.42       1.0679848    0.0041651708
      3756.17       1.0534915    0.0041566738
      3759.93       1.0383643    0.0041482088
      3763.69       1.0231502    0.0041401702
      3767.45       1.0103889    0.0041691010
      3771.22      0.99862766    0.0041260645
      3774.99      0.98836165    0.0041172952
      3778.77      0.98433994    0.0041085927
      3782.54      0.98633171    0.0041002764
      3786.33      0.99371788    0.0040920184
      3790.11       1.0060552    0.0040838274
      3793.90       1.0220612    0.0040781192
      3797.70       1.0424430    0.0040691566
      3801.50       1.0682479    0.0040605739
      3805.30       1.0982750    0.0040519678
      3809.10       1.1310457    0.0040435211
      3812.91       1.1688715    0.0040352666
      3816.73       1.2067526    0.0039922902
      3820.54       1.2463644    0.0039841664
      3824.36       1.2864660    0.0039761705
      3828.19       1.3270500    0.0039682784
      3832.02       1.3655615    0.0039952730
      3835.85       1.4017411    0.0039865995
      3839.68       1.4349814    0.0039438296
      3843.52       1.4663766    0.0039354654
      3847.37       1.4973153    0.0039271099
      3851.22       1.5264860    0.0039188989
      3855.07       1.5537595    0.0039106896
      3858.92       1.5799506    0.0039025019
      3862.78       1.6041062    0.0038944642
      3866.64       1.6253416    0.0038863397
      3870.51       1.6444403    0.0038454233
      3874.38       1.6612228    0.0038369821
      3878.26       1.6763105    0.0038285863
      3882.13       1.6933125    0.0038201325
      3886.02       1.7100261    0.0038117331
      3889.90       1.7223005    0.0038034648
      3893.79       1.7307776    0.0038280538
      3897.69       1.7358243    0.0038196777
      3901.59       1.7396931    0.0038112828
      3905.49       1.7416962    0.0038029479
      3909.39       1.7442129    0.0037640889
      3913.30       1.7480150    0.0037555520
      3917.22       1.7522635    0.0037470621
      3921.13       1.7579047    0.0037384871
      3925.06       1.7611873    0.0037299612
      3928.98       1.7619854    0.0037214520
      3932.91       1.7619240    0.0037129581
      3936.84       1.7595663    0.0037044937
      3940.78       1.7562722    0.0036960394
      3944.72       1.7528687    0.0036875059
      3948.67       1.7500262    0.0036790021
      3952.61       1.7472344    0.0036705191
      3956.57       1.7433172    0.0036620655
      3960.52       1.7343019    0.0036536315
      3964.48       1.7202308    0.0036451018
      3968.45       1.7052831    0.0036065552
      3972.42       1.6878830    0.0035982030
      3976.39       1.6720037    0.0035897622
      3980.37       1.6549730    0.0035814313
      3984.35       1.6397243    0.0035730041
      3988.33       1.6250431    0.0035645258
      3992.32       1.6086662    0.0035561374
      3996.31       1.5913652    0.0035477259
      4000.31       1.5732912    0.0035392632
      4004.31       1.5535057    0.0035013609
      4008.31       1.5351391    0.0034929456
      4012.32       1.5176018    0.0034845360
      4016.33       1.5034806    0.0034762793
      4020.35       1.4908088    0.0034679045
      4024.37       1.4797308    0.0034595476
      4028.40       1.4697877    0.0034512174
      4032.42       1.4609259    0.0034427711
      4036.46       1.4529068    0.0034344863
      4040.50       1.4441731    0.0034262155
      4044.54       1.4364197    0.0034178321
      4048.58       1.4277706    0.0034096108
      4052.63       1.4191705    0.0034012724
      4056.68       1.4102464    0.0033929642
      4060.74       1.4031163    0.0033847763
      4064.80       1.3968811    0.0033472754
      4068.86       1.3905051    0.0033388129
      4072.93       1.3841879    0.0033304265
      4077.01       1.3788429    0.0033219904
      4081.08       1.3731792    0.0033136125
      4085.17       1.3670884    0.0033052755
      4089.25       1.3591494    0.0033233480
      4093.34       1.3498890    0.0033149415
      4097.43       1.3378599    0.0033066592
      4101.53       1.3243211    0.0032983519
      4105.63       1.3098168    0.0032626327
      4109.74       1.2967769    0.0032540790
      4113.85       1.2835822    0.0032454574
      4117.96       1.2712737    0.0032369323
      4122.08       1.2636496    0.0032284715
      4126.20       1.2598422    0.0032200304
      4130.33       1.2608132    0.0032117019
      4134.46       1.2680799    0.0031772741
      4138.59       1.2776783    0.0031690551
      4142.73       1.2895824    0.0031608947
      4146.88       1.3046043    0.0031772238
      4151.02       1.3215792    0.0031685789
      4155.18       1.3399861    0.0031600687
      4159.33       1.3572623    0.0031515825
      4163.49       1.3715040    0.0031175249
      4167.65       1.3808274    0.0031092416
      4171.82       1.3851850    0.0031011000
      4175.99       1.3857704    0.0030930000
      4180.17       1.3846366    0.0030849853
      4184.35       1.3806135    0.0030770800
      4188.54       1.3721572    0.0030661102
      4192.72       1.3631820    0.0030578121
      4196.92       1.3544998    0.0030496249
      4201.11       1.3469050    0.0030414964
      4205.31       1.3393502    0.0030334743
      4209.52       1.3321910    0.0030001110
      4213.73       1.3244644    0.0029917401
      4217.94       1.3170299    0.0029834415
      4222.16       1.3101100    0.0029982270
      4226.38       1.3058635    0.0029900985
      4230.61       1.3043221    0.0029575258
      4234.84       1.3029456    0.0029490609
      4239.08       1.3014207    0.0029407561
      4243.32       1.3002395    0.0029325493
      4247.56       1.2995665    0.0029235312
      4251.81       1.2982112    0.0029149217
      4256.06       1.2975726    0.0029064685
      4260.32       1.2966388    0.0028981336
      4264.58       1.2940303    0.0028899807
      4268.84       1.2919558    0.0028590734
      4273.11       1.2897401    0.0028722395
      4277.38       1.2866090    0.0028638021
      4281.66       1.2827020    0.0028555625
      4285.94       1.2776746    0.0028247910
      4290.23       1.2699462    0.0028169745
      4294.52       1.2598205    0.0028295954
      4298.81       1.2487356    0.0027988199
      4303.11       1.2369592    0.0027907370
      4307.42       1.2241857    0.0027829223
      4311.72       1.2105255    0.0027752796
      4316.04       1.1951138    0.0027647871
      4320.35       1.1809456    0.0027567703
      4324.67       1.1677535    0.0027489321
      4329.00       1.1564172    0.0027412878
      4333.33       1.1464988    0.0027308326
      4337.66       1.1384267    0.0027228854
      4342.00       1.1324044    0.0027150990
      4346.34       1.1289378    0.0026852600
      4350.69       1.1276313    0.0026771815
      4355.04       1.1281005    0.0026891423
      4359.39       1.1304750    0.0026598812
      4363.75       1.1341858    0.0026516995
      4368.12       1.1385645    0.0026437153
      4372.48       1.1438239    0.0026346330
      4376.86       1.1485652    0.0026262832
      4381.23       1.1534183    0.0026182365
      4385.61       1.1578230    0.0025901630
      4390.00       1.1613527    0.0026009440
      4394.39       1.1654107    0.0025927951
      4398.79       1.1697257    0.0025649115
      4403.18       1.1742551    0.0025756629
      4407.59       1.1797250    0.0025675237
      4412.00       1.1865668    0.0025397666
      4416.41       1.1953719    0.0025322946
      4420.82       1.2049358    0.0025422555
      4425.25       1.2160175    0.0025147113
      4429.67       1.2265723    0.0025072097
      4434.10       1.2377937    0.0025170363
      4438.54       1.2480416    0.0024896855
      4442.97       1.2589832    0.0024822762
      4447.42       1.2705237    0.0024725066
      4451.86       1.2818926    0.0024648051
      4456.32       1.2936811    0.0024574410
      4460.77       1.3062664    0.0024476121
      4465.24       1.3194672    0.0024399889
      4469.70       1.3330739    0.0024132033
      4474.17       1.3450406    0.0024228699
      4478.65       1.3569685    0.0024153791
      4483.12       1.3687901    0.0023888404
      4487.61       1.3797977    0.0023982032
      4492.09       1.3912551    0.0023722209
      4496.59       1.4041590    0.0023642830
      4501.08       1.4187315    0.0023736255
      4505.58       1.4328955    0.0023476390
      4510.09       1.4477965    0.0023399268
      4514.60       1.4625486    0.0023311284
      4519.12       1.4764833    0.0023232177
      4523.63       1.4901548    0.0022981958
      4528.16       1.5021699    0.0023066649
      4532.69       1.5123668    0.0022990103
      4537.22       1.5215722    0.0022902377
      4541.76       1.5293611    0.0022824062
      4546.30       1.5344091    0.0022577977
      4550.85       1.5388011    0.0022659086
      4555.40       1.5402280    0.0022412516
      4559.95       1.5399196    0.0022342969
      4564.51       1.5366849    0.0022248150
      4569.08       1.5336195    0.0022177532
      4573.65       1.5285000    0.0022085280
      4578.22       1.5244506    0.0022013701
      4582.80       1.5214942    0.0021923345
      4587.38       1.5186294    0.0021850393
      4591.97       1.5159990    0.0021612254
      4596.56       1.5142583    0.0021688028
      4601.16       1.5118401    0.0021619643
      4605.76       1.5092651    0.0021525959
      4610.37       1.5055410    0.0021457493
      4614.98       1.5004361    0.0021218916
      4619.59       1.4934081    0.0021133749
      4624.21       1.4844555    0.0021059871
      4628.84       1.4736124    0.0020975854
      4633.47       1.4599740    0.0020901403
      4638.10       1.4445842    0.0020817615
      4642.74       1.4280434    0.0020743648
      4647.38       1.4085888    0.0020660511
      4652.03       1.3885329    0.0020586460
      4656.68       1.3676010    0.0020503255
      4661.34       1.3466328    0.0020429819
      4666.00       1.3249682    0.0020346981
      4670.67       1.3043320    0.0020273384
      4675.33       1.2829109    0.0020190692
      4680.01       1.2621324    0.0020118548
      4684.69       1.2414351    0.0019903431
      4689.38       1.2216214    0.0019815959
      4694.07       1.2013746    0.0019750856
      4698.76       1.1822019    0.0019663003
      4703.46       1.1634673    0.0019599258
      4708.16       1.1445146    0.0019510984
      4712.87       1.1256789    0.0019448368
      4717.58       1.1061395    0.0019359988
      4722.30       1.0863917    0.0019276053
      4727.03       1.0689172    0.0019210090
      4731.75       1.0524820    0.0019125489
      4736.48       1.0387238    0.0019061499
      4741.22       1.0273651    0.0018976139
      4745.96       1.0197624    0.0018769638
      4750.71       1.0138774    0.0018827543
      4755.46       1.0108859    0.0018621576
      4760.22       1.0098220    0.0018681027
      4764.97       1.0105569    0.0018474696
      4769.74       1.0122820    0.0018395515
      4774.51       1.0125467    0.0018329036
      4779.29       1.0137740    0.0018248958
      4784.07       1.0131750    0.0018172348
      4788.85       1.0114274    0.0018103939
      4793.64       1.0090195    0.0018026267
      4798.43       1.0051385    0.0017830372
      4803.23       1.0004229    0.0017881601
      4808.03      0.99450351    0.0017689510
      4812.84      0.98830480    0.0017609758
      4817.66      0.98369508    0.0017660985
      4822.48      0.98118836    0.0017469803
      4827.30      0.98073926    0.0017518830
      4832.12      0.98407977    0.0017331994
      4836.96      0.98941467    0.0017252540
      4841.79      0.99732651    0.0017175751
      4846.63       1.0059463    0.0017115920
      4851.48       1.0164795    0.0017037832
      4856.33       1.0264827    0.0016853500
      4861.19       1.0366629    0.0016902447
      4866.05       1.0462549    0.0016825475
      4870.92       1.0546396    0.0016643268
      4875.79       1.0625397    0.0016691196
      4880.66       1.0694183    0.0016614804
      4885.55       1.0748157    0.0016434604
      4890.43       1.0789556    0.0016362917
      4895.32       1.0806403    0.0016406813
      4900.22       1.0802244    0.0016228843
      4905.12       1.0779573    0.0016157446
      4910.02       1.0741378    0.0016097429
      4914.94       1.0690350    0.0016024615
      4919.85       1.0623033    0.0015953712
      4924.77       1.0542884    0.0015783072
      4929.70       1.0446662    0.0015823243
      4934.62       1.0334813    0.0015752442
      4939.56       1.0210967    0.0015585235
      4944.50       1.0071651    0.0015513721
      4949.44      0.99376611    0.0015553964
      4954.39      0.98010923    0.0015484708
      4959.35      0.96856244    0.0015319163
      4964.31      0.95882075    0.0015249410
      4969.27      0.95202892    0.0015289394
      4974.24      0.94889706    0.0015128168
      4979.22      0.94942069    0.0015058101
      4984.20      0.95352826    0.0014989494
      4989.18      0.96118859    0.0014829433
      4994.17      0.97078170    0.0014870442
      4999.16      0.98389428    0.0014801941
      5004.16      0.99894863    0.0014734639
      5009.17       1.0133575    0.0014577113
      5014.18       1.0275282    0.0014512343
      5019.19       1.0407461    0.0014550796
      5024.21       1.0526281    0.0014484400
      5029.23       1.0620427    0.0014329431
      5034.26       1.0699599    0.0014265467
      5039.30       1.0760853    0.0014202479
      5044.34       1.0800081    0.0014140219
      5049.39       1.0827646    0.0014086879
      5054.43       1.0832824    0.0014023747
      5059.49       1.0826261    0.0013961452
      5064.55       1.0815242    0.0013899966
      5069.61       1.0815223    0.0013754465
      5074.68       1.0818042    0.0013692647
      5079.76       1.0826543    0.0013631451
      5084.84       1.0845840    0.0013665414
      5089.92       1.0865688    0.0013605252
      5095.01       1.0887415    0.0013464334
      5100.11       1.0911326    0.0013403938
      5105.21       1.0945098    0.0013344247
      5110.31       1.0983933    0.0013285280
      5115.42       1.1039621    0.0013226972
      5120.54       1.1112310    0.0013089354
      5125.66       1.1191939    0.0013124574
      5130.79       1.1287431    0.0013066262
      5135.92       1.1387644    0.0013008641
      5141.05       1.1489357    0.0012951657
      5146.20       1.1591213    0.0012895142
      5151.34       1.1691165    0.0012761411
      5156.49       1.1788214    0.0012706409
      5161.65       1.1887946    0.0012651989
      5166.81       1.1987919    0.0012598112
      5171.98       1.2080222    0.0012544582
      5177.15       1.2169798    0.0012491763
      5182.33       1.2246984    0.0012363532
      5187.51       1.2311996    0.0012394150
      5192.70       1.2370626    0.0012341512
      5197.89       1.2419774    0.0012289214
      5203.09       1.2464953    0.0012237557
      5208.29       1.2496761    0.0012186251
      5213.50       1.2523550    0.0012135578
      5218.72       1.2548281    0.0012085295
      5223.93       1.2568188    0.0012035508
      5229.16       1.2581980    0.0011915842
      5234.39       1.2593137    0.0011866370
      5239.62       1.2600038    0.0011817570
      5244.86       1.2592146    0.0011769116
      5250.11       1.2577171    0.0011721169
      5255.36       1.2549232    0.0011673711
      5260.61       1.2520216    0.0011626593
      5265.87       1.2485453    0.0011580105
      5271.14       1.2442719    0.0011533931
      5276.41       1.2397031    0.0011488085
      5281.69       1.2344095    0.0011442862
      5286.97       1.2287312    0.0011330415
      5292.26       1.2229052    0.0011286338
      5297.55       1.2160258    0.0011242565
      5302.85       1.2092838    0.0011199293
      5308.15       1.2025630    0.0011156429
      5313.46       1.1964784    0.0011113911
      5318.77       1.1911187    0.0011072000
      5324.09       1.1868452    0.0011030441
      5329.42       1.1838449    0.0010989469
      5334.75       1.1817138    0.0010948846
      5340.08       1.1800148    0.0010837738
      5345.42       1.1783802    0.0010798369
      5350.77       1.1778614    0.0010759361
      5356.12       1.1775008    0.0010720849
      5361.48       1.1777336    0.0010682841
      5366.83       1.1780662    0.0010645233
      5372.20       1.1785840    0.0010608213
      5377.58       1.1791049    0.0010571587
      5382.95       1.1788501    0.0010535348
      5388.34       1.1777832    0.0010499731
      5393.72       1.1761936    0.0010464621
      5399.12       1.1732080    0.0010430057
      5404.52       1.1693481    0.0010327798
      5409.92       1.1646306    0.0010294003
      5415.33       1.1589727    0.0010260618
      5420.75       1.1522304    0.0010227688
      5426.17       1.1444448    0.0010195318
      5431.60       1.1355105    0.0010163487
      5437.03       1.1249969    0.0010132201
      5442.47       1.1139454    0.0010101502
      5447.91       1.1019419    0.0010008167
      5453.36       1.0900002    0.0010037409
      5458.81       1.0784513    0.0010007663
      5464.27       1.0678513   0.00099784135
      5469.73       1.0582181   0.00099497836
      5475.20       1.0498028   0.00099217475
      5480.68       1.0423644   0.00098943192
      5486.16       1.0359271   0.00098060636
      5491.65       1.0313216   0.00097800633
      5497.14       1.0284121   0.00097547867
      5502.64       1.0260858   0.00097300856
      5508.14       1.0251184   0.00097060714
      5513.65       1.0254048   0.00096204521
      5519.16       1.0263006   0.00096530103
      5524.68       1.0269075   0.00096300011
      5530.20       1.0270646   0.00096076222
      5535.73       1.0264875   0.00095859976
      5541.27       1.0254295   0.00095053772
      5546.81       1.0234859   0.00094841844
      5552.36       1.0209155   0.00094637334
      5557.91       1.0174852   0.00094996345
      5563.47       1.0136434   0.00094806844
      5569.04       1.0092368   0.00094043040
      5574.60       1.0041600   0.00093856110
      5580.18      0.99814862   0.00093677185
      5585.76      0.99156618   0.00093506179
      5591.35      0.98398148   0.00092786480
      5596.94      0.97640835   0.00093168353
      5602.53      0.96837249   0.00093009332
      5608.14      0.95944823   0.00092859047
      5613.75      0.95080728   0.00092166640
      5619.36      0.94174120   0.00092034901
      5624.98      0.93197165   0.00092437836
      5630.60      0.92124133   0.00091761951
      5636.23      0.90987063   0.00091642167
      5641.87      0.89773434   0.00091531978
      5647.51      0.88537689   0.00091431145
      5653.16      0.87214120   0.00091310803
      5658.82      0.86087919   0.00091214975
      5664.47      0.85084312   0.00091128835
      5670.14      0.84240613   0.00090509037
      5675.81      0.83635520   0.00090426731
      5681.48      0.83233397   0.00090887689
      5687.17      0.83101151   0.00090297578
      5692.85      0.83239524   0.00090229608
      5698.55      0.83655661   0.00090171795
      5704.25      0.84465443   0.00090143201
      5709.95      0.85395546   0.00090090400
      5715.66      0.86460443   0.00090048969
      5721.38      0.87629925   0.00089510736
      5727.10      0.88798585   0.00090010927
      5732.83      0.89819009   0.00089985949
      5738.56      0.90725037   0.00089466261
      5744.30      0.91470947   0.00089465676
      5750.04      0.92059649   0.00089981371
      5755.79      0.92469672   0.00089481755
      5761.55      0.92795169   0.00089499432
      5767.31      0.93009248   0.00090036487
      5773.08      0.93118678   0.00089557634
      5778.85      0.93172068   0.00089595376
      5784.63      0.93158415   0.00089651292
      5790.41      0.93125234   0.00089695598
      5796.21      0.93064436   0.00089752880
      5802.00      0.93046322   0.00089300088
      5807.81      0.93023325   0.00089899338
      5813.61      0.93030461   0.00089479199
      5819.43      0.93067185   0.00089561359
      5825.25      0.93078602   0.00089698688
      5831.07      0.92763532   0.00089783905
      5836.90      0.92164125   0.00090431326
      5842.74      0.91353539   0.00090070541
      5848.58      0.90507021   0.00090226714
      5854.43      0.89601309   0.00090486026
      5860.29      0.88746008   0.00090669260
      5866.15      0.87943182   0.00090398800
      5872.01      0.87208123   0.00091172239
      5877.89      0.86538998   0.00090917660
      5883.76      0.85875002   0.00091127762
      5889.65      0.85259627   0.00091371786
      5895.54      0.84668438   0.00091558191
      5901.43      0.84158200   0.00091792774
      5907.34      0.83781604   0.00091961053
      5913.24      0.83492411   0.00092137557
      5919.16      0.83344638   0.00092350611
      5925.08      0.83326494   0.00092544096
      5931.00      0.83467423   0.00092786703
      5936.93      0.83459783   0.00092491422
      5942.87      0.83274076   0.00093221606
      5948.81      0.83043274   0.00092918398
      5954.76      0.82934535   0.00093091963
      5960.72      0.82961872   0.00093357483
      5966.68      0.83044128   0.00093540728
      5972.64      0.83188857   0.00093799575
      5978.62      0.83303595   0.00093987155
      5984.60      0.83444220   0.00094295264
      5990.58      0.83455932   0.00094523657
      5996.57      0.83404601   0.00094840520
      6002.57      0.83326335   0.00095072208
      6008.57      0.83210026   0.00094862080
      6014.58      0.83128475   0.00095219100
      6020.60      0.83034946   0.00095517902
      6026.62      0.82892469   0.00095900585
      6032.65      0.82806682   0.00096223809
      6038.68      0.82799848   0.00096631066
      6044.72      0.82809697   0.00096975546
      6050.76      0.82827316   0.00097399643
      6056.81      0.82768074   0.00097258603
      6062.87      0.82619191   0.00098204999
      6068.93      0.82390160   0.00098075121
      6075.00      0.82031368   0.00098558285
      6081.08      0.81465271   0.00099527590
      6087.16      0.80636985   0.00099424286
      6093.25      0.79623449    0.0010042058
      6099.34      0.78449430    0.0010032435
      6105.44      0.77082287    0.0010085871
      6111.54      0.75700098    0.0010126079
      6117.66      0.74203646    0.0010180734
      6123.78      0.72782787    0.0010174856
      6129.90      0.71401160    0.0010279343
      6136.03      0.70068130    0.0010337384
      6142.17      0.68970054    0.0010332562
      6148.31      0.68038462    0.0010440978
      6154.46      0.67340418    0.0010438336
      6160.61      0.66840806    0.0010498726
      6166.77      0.66504956    0.0010547992
      6172.94      0.66403463    0.0010609729
      6179.11      0.66474797    0.0010673309
      6185.29      0.66575538    0.0010724788
      6191.48      0.66740497    0.0010789932
      6197.67      0.67009541    0.0010792512
      6203.87      0.67426207    0.0010865875
      6210.07      0.67878046    0.0010989255
      6216.28      0.68248392    0.0010990045
      6222.50      0.68574293    0.0011063538
      6228.72      0.68869903    0.0011194888
      6234.95      0.69166379    0.0011213753
      6241.19      0.69384195    0.0011309961
      6247.42      0.69519313    0.0011413309
      6253.67      0.69587788    0.0011494864
      6259.93      0.69584558    0.0011601345
      6266.19      0.69471972    0.0011705823
      6272.46      0.69248398    0.0011729368
      6278.73      0.69036154    0.0011873694
      6285.01      0.68805385    0.0011955668
      6291.29      0.68525194    0.0011957013
      6297.58      0.68111266    0.0012021643
      6303.88      0.67657358    0.0012081659
      6310.19      0.67261845    0.0012129223
      6316.50      0.66918660    0.0012193668
      6322.81      0.66562578    0.0012268711
      6329.14      0.66196514    0.0012273258
      6335.47      0.65868330    0.0012346499
      6341.80      0.65714354    0.0012480276
      6348.14      0.65715585    0.0012561843
      6354.49      0.65918297    0.0012569937
      6360.85      0.66304347    0.0012655458
      6367.21      0.66910341    0.0012743674
      6373.57      0.67716476    0.0012834207
      6379.95      0.68571512    0.0012904434
      6386.33      0.69603025    0.0012998388
      6392.72      0.70744442    0.0013094992
      6399.11      0.71940419    0.0013194215
      6405.51      0.73032572    0.0013215638
      6411.92      0.74050929    0.0013316410
      6418.32      0.74936752    0.0013420124
      6424.74      0.75593852    0.0013527791
      6431.17      0.76034906    0.0013698739
      6437.60      0.76250274    0.0013733963
      6444.04      0.76379260    0.0013853710
      6450.48      0.76452526    0.0013972625
      6456.94      0.76423346    0.0014091674
      6463.39      0.76271804    0.0014211618
      6469.85      0.76170947    0.0014244436
      6476.33      0.76175027    0.0014361817
      6482.80      0.76210064    0.0014476380
      6489.28      0.76120354    0.0014588739
      6495.77      0.76012573    0.0014699952
      6502.27      0.75963776    0.0014811633
      6508.77      0.76034552    0.0014898096
      6515.28      0.76008524    0.0015013921
      6521.80      0.75812610    0.0015133044
      6528.32      0.75553480    0.0015253515
      6534.85      0.75201503    0.0015372801
      6541.38      0.74642599    0.0015491053
      6547.92      0.73885700    0.0015608834
      6554.47      0.73225389    0.0015637060
      6561.03      0.72598834    0.0015758946
      6567.59      0.71927609    0.0015882134
      6574.16      0.71229525    0.0016002476
      6580.73      0.70598655    0.0016123845
      6587.31      0.69967699    0.0016249307
      6593.90      0.69519060    0.0016378353
      6600.50      0.69130312    0.0016510354
      6607.10      0.68654707    0.0016644041
      6613.70      0.68254909    0.0016779948
      6620.32      0.67945080    0.0016917484
      6626.94      0.67760446    0.0017056183
      6633.57      0.67665931    0.0017093863
      6640.20      0.67472702    0.0017234126
      6646.84      0.67154094    0.0017375796
      6653.49      0.66820229    0.0017447847
      6660.14      0.66559362    0.0017592087
      6666.80      0.66100613    0.0017737494
      6673.47      0.65653981    0.0017884034
      6680.14      0.65351062    0.0018031822
      6686.82      0.65013562    0.0018181024
      6693.51      0.64545548    0.0018331421
      6700.20      0.64205397    0.0018483202
      6706.90      0.63936012    0.0018636269
      6713.61      0.63574289    0.0018790673
      6720.32      0.63166995    0.0018946429
      6727.05      0.62683697    0.0019103384
      6733.77      0.62297034    0.0019181934
      6740.51      0.61976034    0.0019340335
      6747.25      0.61393437    0.0019500084
      6754.00      0.60902814    0.0019661121
      6760.75      0.60588095    0.0019823430
      6767.51      0.60041042    0.0019987305
      6774.28      0.59305969    0.0020153148
      6781.05      0.58813469    0.0020254014
      6787.84      0.58540352    0.0020474376
      6794.62      0.57903718    0.0020814237
      6801.42      0.57251894    0.0020976846
      6808.22      0.56934113    0.0021144612
      6815.03      0.56673888    0.0021390942
      6821.85      0.56203527    0.0021648145
      6828.67      0.55770570    0.0022045063
      6835.50      0.55551124    0.0022508766
      6842.33      0.55398691    0.0023023469
      6849.17      0.55213012    0.0023563296
      6856.02      0.55054760    0.0024025808
      6862.88      0.55093115    0.0024489832
      6869.74      0.55144064    0.0025035649
      6876.61      0.54967772    0.0025291135
      6883.49      0.54771710    0.0025419785
      6890.37      0.54442276    0.0025288929
      6897.27      0.54102217    0.0025217345
      6904.16      0.53917495    0.0025117399
      6911.07      0.53968225    0.0025048333
      6917.98      0.53814033    0.0025101138
      6924.89      0.53110923    0.0025188288
      6931.82      0.52540135    0.0025196528
      6938.75      0.52307315    0.0025119639
      6945.69      0.51894124    0.0025225134
      6952.64      0.51203686    0.0025345571
      6959.59      0.50604323    0.0025604760
      6966.55      0.50443276    0.0025645625
      6973.52      0.50435394    0.0025812344
      6980.49      0.50232960    0.0025998564
      6987.47      0.49923678    0.0026095328
      6994.46      0.50087087    0.0026448145
      7001.46      0.50434325    0.0026651372
      7008.46      0.50525473    0.0026741873
      7015.46      0.50619896    0.0026926480
      7022.48      0.51221700    0.0027104061
      7029.51      0.52289664    0.0027329108
      7036.53      0.53114585    0.0027518874
      7043.57      0.53815297    0.0027714162
      7050.62      0.54474353    0.0027800102
      7057.66      0.55032332    0.0028148599
      7064.72      0.55573157    0.0028348980
      7071.79      0.56261311    0.0028446276
      7078.86      0.57030595    0.0028663472
      7085.94      0.57681364    0.0029049164
      7093.03      0.58421379    0.0029190623
      7100.12      0.58995344    0.0029443729
      7107.22      0.59296769    0.0029758731
      7114.33      0.59393467    0.0030037493
      7121.44      0.59524690    0.0030355393
      7128.56      0.59492617    0.0030801093
      7135.69      0.59055444    0.0031249361
      7142.83      0.58689009    0.0031697425
      7149.97      0.58506801    0.0032270495
      7157.12      0.58260475    0.0032960874
      7164.28      0.57560848    0.0033478526
      7171.44      0.56633315    0.0033938726
      7178.62      0.56008084    0.0034413694
      7185.80      0.55559498    0.0034739403
      7192.98      0.54751189    0.0035062907
      7200.17      0.53916466    0.0035262990
      7207.38      0.53766396    0.0035310476
      7214.58      0.54039216    0.0035680160
      7221.80      0.53804054    0.0035793893
      7229.02      0.53242857    0.0036090123
      7236.25      0.52705511    0.0036465124
      7243.49      0.52428423    0.0036774332
      7250.73      0.52013559    0.0036908542
      7257.98      0.51081321    0.0036838563
      7265.24      0.50240509    0.0036665345
      7272.51      0.49786445    0.0036633175
      7279.78      0.49692138    0.0036274292
      7287.06      0.49674385    0.0036257325
      7294.35      0.49220817    0.0035940152
      7301.64      0.48796502    0.0035937803
      7308.94      0.48653325    0.0035618967
      7316.25      0.48347614    0.0035590630
      7323.57      0.48203967    0.0035449379
      7330.89      0.48176060    0.0035305807
      7338.22      0.47946206    0.0035217761
      7345.56      0.47450306    0.0035119827
      7352.91      0.46791624    0.0035068928
      7360.26      0.46240528    0.0034995935
      7367.62      0.45874847    0.0034984006
      7374.99      0.45296793    0.0034943835
      7382.37      0.44242969    0.0034952392
      7389.75      0.43222871    0.0035064645
      7397.14      0.42445774    0.0034936997
      7404.53      0.41608518    0.0035046239
      7411.94      0.40427175    0.0034935221
      7419.35      0.39011735    0.0035063058
      7426.77      0.37690041    0.0035111928
      7434.20      0.36750807    0.0035034087
      7441.63      0.36126696    0.0035186577
      7449.07      0.35485624    0.0035124011
      7456.52      0.34584828    0.0035283352
      7463.98      0.33928544    0.0035262981
      7471.45      0.33469557    0.0035539198
      7478.92      0.33035581    0.0035968798
      7486.40      0.32744939    0.0036133088
      7493.88      0.32760267    0.0036138617
      7501.38      0.32781551    0.0036257430
      7508.88      0.32714249    0.0036302176
      7516.39      0.32889210    0.0036569482
      7523.91      0.33522935    0.0036937450
      7531.43      0.34228888    0.0037655509
      7538.96      0.34782715    0.0038585850
      7546.50      0.35491968    0.0039494636
      7554.05      0.36312780    0.0040588934
      7561.60      0.37091493    0.0041783009
      7569.16      0.37895410    0.0042739375
      7576.73      0.39006439    0.0044063594
      7584.31      0.40259916    0.0045500848
      7591.89      0.41395256    0.0046875215
      7599.49      0.42370720    0.0048718301
      7607.09      0.43258893    0.0050534503
      7614.70      0.44362322    0.0053029551
      7622.31      0.45769153    0.0055824152
      7629.93      0.47068681    0.0058946025
      7637.56      0.48150896    0.0063362541
      7645.20      0.49042635    0.0068319913
      7652.85      0.50008237    0.0074558067
      7660.50      0.51117317    0.0083537380
      7668.16      0.52342394    0.0093533587
      7675.83      0.53438163     0.010670525
      7683.50      0.54263974     0.012516987
      7691.19      0.54782736     0.014517832
