# starting wavelength =        3503.5350
# ending wavelength =        7384.7500
# O2 telluric scale =        0
# O2 telluric shift =        0
# H2O telluric scale =        0
# H2O telluric shift =        0
      3505.84       1.2287102     0.026523918
      3509.35       1.2311688     0.025228295
      3512.86       1.2348879     0.023920348
      3516.37       1.2291251     0.022678370
      3519.89       1.2305683     0.021879726
      3523.41       1.2235799     0.021245787
      3526.93       1.2126842     0.020676910
      3530.46       1.2064874     0.020063187
      3533.99       1.2113315     0.019670308
      3537.53       1.2079171     0.019255954
      3541.06       1.2058213     0.018947532
      3544.60       1.2085930     0.018678512
      3548.15       1.2082259     0.018334543
      3551.70       1.2059188     0.018279390
      3555.25       1.1902411     0.018195067
      3558.80       1.1791933     0.018139549
      3562.36       1.1746755     0.018056556
      3565.92       1.1673269     0.018000740
      3569.49       1.1610232     0.017838845
      3573.06       1.1577190     0.017863026
      3576.64       1.1559323     0.017703149
      3580.21       1.1558924     0.017647276
      3583.79       1.1559766     0.017568289
      3587.38       1.1512726     0.017512225
      3590.96       1.1455753     0.017434325
      3594.55       1.1430923     0.017378103
      3598.15       1.1433679     0.017224389
      3601.75       1.1492096     0.017244720
      3605.35       1.1525625     0.017091742
      3608.96       1.1522591     0.017112254
      3612.56       1.1541257     0.016959933
      3616.18       1.1533454     0.016980489
      3619.79       1.1540596     0.016828980
      3623.41       1.1528731     0.016777292
      3627.04       1.1481151     0.016698825
      3630.66       1.1405927     0.016647204
      3634.29       1.1298198     0.016569421
      3637.93       1.1239005     0.016517959
      3641.57       1.1167849     0.016441021
      3645.21       1.1091497     0.016389756
      3648.86       1.1106727     0.016242265
      3652.50       1.0787540     0.016168813
      3656.16       1.0886532     0.016116045
      3659.81       1.0865876     0.016042922
      3663.47       1.0865118     0.015990407
      3667.14       1.0986811     0.015917837
      3670.80       1.1032344     0.015865638
      3674.48       1.1122176     0.015793341
      3678.15       1.1168549     0.015741486
      3681.83       1.1241909     0.015603080
      3685.51       1.1251707     0.015529683
      3689.20       1.1265269     0.015480857
      3692.88       1.1311215     0.015407812
      3696.58       1.1385796     0.015359426
      3700.27       1.1473153     0.015286658
      3703.98       1.1503496     0.015238785
      3707.68       1.1458307     0.015166277
      3711.39       1.1363825     0.015031854
      3715.10       1.1334744     0.015046856
      3718.81       1.1426803     0.014913084
      3722.53       1.1597020     0.014928251
      3726.26       1.1756866     0.014795176
      3729.98       1.1830721     0.014727207
      3733.71       1.1841414     0.014677924
      3737.45       1.1863579     0.014610135
      3741.18       1.1941421     0.014561527
      3744.93       1.2021893     0.014493715
      3748.67       1.2082842     0.014365217
      3752.42       1.2149247     0.014378190
      3756.17       1.2265044     0.014251052
      3759.93       1.2373072     0.014263386
      3763.69       1.2506005     0.014137752
      3767.45       1.2535237     0.014070424
      3771.22       1.2501249     0.014025296
      3774.99       1.2409694     0.013958058
      3778.77       1.2374130     0.013913901
      3782.54       1.2291389     0.013846622
      3786.33       1.2220597     0.013723751
      3790.11       1.2172842     0.013736038
      3793.90       1.2142864     0.013613687
      3797.70       1.2099760     0.013549449
      3801.50       1.2345460     0.013560508
      3805.30       1.2369500     0.013440196
      3809.10       1.2568651     0.013377199
      3812.91       1.2704140     0.013331792
      3816.73       1.2696948     0.013268764
      3820.54       1.2788564     0.013151638
      3824.36       1.2839623     0.013161234
      3828.19       1.2825894     0.013045882
      3832.02       1.2765492     0.012982872
      3835.85       1.2769153     0.012941158
      3839.68       1.2791346     0.012878031
      3843.52       1.2803008     0.012816204
      3847.37       1.2787738     0.012774434
      3851.22       1.2798191     0.012712280
      3855.07       1.2902847     0.012600249
      3858.92       1.2993289     0.012609425
      3862.78       1.3108497     0.012548233
      3866.64       1.3194775     0.012437761
      3870.51       1.3233093     0.012446400
      3874.38       1.3187671     0.012336117
      3878.26       1.3149049     0.012277047
      3882.13       1.3157182     0.012235708
      3886.02       1.3184235     0.012392492
      3889.90       1.3265538     0.012554956
      3893.79       1.3322474     0.012700076
      3897.69       1.3394171     0.012938038
      3901.59       1.3432006     0.013157697
      3905.49       1.3487884     0.013409136
      3909.39       1.3463601     0.013805954
      3913.30       1.3241640     0.012276293
      3917.22       1.3127833     0.011981516
      3921.13       1.3041003     0.011946395
      3925.06       1.2974808     0.012071836
      3928.98       1.2876105     0.012189354
      3932.91       1.2853651     0.012332104
      3936.84       1.2867812     0.012512417
      3940.78       1.2848334     0.012768238
      3944.72       1.2866457     0.012931110
      3948.67       1.2974025     0.013131098
      3952.61       1.3110106     0.013316553
      3956.57       1.3193977     0.013502829
      3960.52       1.3283692     0.013629236
      3964.48       1.3224678     0.013706805
      3968.45       1.3212399     0.013669296
      3972.42       1.3233739     0.013774062
      3976.39       1.3248249     0.013548285
      3980.37       1.3272272     0.013241666
      3984.35       1.3323562     0.012996089
      3988.33       1.3394636     0.012814059
      3992.32       1.3491219     0.012452119
      3996.31       1.3557986     0.012152067
      4000.31       1.3619775     0.011854527
      4004.31       1.3650518     0.011525394
      4008.31       1.3660473     0.011309514
      4012.32       1.3636751     0.011057610
      4016.33       1.3646643     0.010785407
      4020.35       1.3632162     0.010665014
      4024.37       1.3600896     0.010608561
      4028.40       1.3576667     0.010534074
      4032.42       1.3525365     0.010397311
      4036.46       1.3425182     0.010493555
      4040.50       1.3309566     0.010932774
      4044.54       1.3221044     0.010660324
      4048.58       1.3132043     0.010523713
      4052.63       1.3025252     0.010417443
      4056.68       1.2933645     0.010286032
      4060.74       1.2835029     0.010209459
      4064.80       1.2753919     0.010108845
      4068.86       1.2694159     0.010073565
      4072.93       1.2612592     0.010111780
      4077.01       1.2501441     0.010146675
      4081.08       1.2370907     0.010174509
      4085.17       1.2302140     0.010156282
      4089.25       1.2293639     0.010161433
      4093.34       1.2280371     0.010152284
      4097.43       1.2213670     0.010151287
      4101.53       1.2186256     0.010114593
      4105.63       1.2196591     0.010039996
      4109.74       1.2158360    0.0099622779
      4113.85       1.2145473    0.0098360206
      4117.96       1.2157558    0.0097360135
      4122.08       1.2162736    0.0096268318
      4126.20       1.2178724    0.0095586376
      4130.33       1.2142206    0.0094368966
      4134.46       1.2147684    0.0092937580
      4138.59       1.2127395    0.0091722674
      4142.73       1.2122284    0.0090538739
      4146.88       1.2125348    0.0089414573
      4151.02       1.2114249    0.0088050832
      4155.18       1.2324485     0.012263405
      4159.33       1.2355898     0.012201004
      4163.49       1.2329263     0.012139239
      4167.65       1.2231024     0.012078046
      4171.82       1.2131771     0.012018059
      4175.99       1.2041084     0.011958538
      4180.17       1.2023017     0.010307534
      4184.35       1.1936439     0.010256717
      4188.54       1.1909862     0.010206330
      4192.72       1.1823742     0.010095469
      4196.92       1.1795791     0.010044894
      4201.11       1.1751834     0.010067274
      4205.31       1.1714159     0.010017253
      4209.52       1.1657809    0.0099677636
      4213.73       1.1676920    0.0098621554
      4217.94       1.1651830    0.0098125008
      4222.16       1.1696283    0.0097631816
      4226.38       1.1706351    0.0097142002
      4230.61       1.1691786    0.0096655176
      4234.84       1.1688232    0.0096171814
      4239.08       1.1689005    0.0095691151
      4243.32       1.1676401    0.0094663486
      4247.56       1.1682360    0.0094191985
      4251.81       1.1693055    0.0093724745
      4256.06       1.1675050    0.0093937320
      4260.32       1.1596881    0.0093464613
      4264.58       1.1495225    0.0092996363
      4268.84       1.1456921    0.0092530359
      4273.11       1.1374108    0.0091536189
      4277.38       1.1302693    0.0091081220
      4281.66       1.1082071    0.0090627846
      4285.94       1.0973930    0.0090863788
      4290.23       1.0984730    0.0091227186
      4294.52       1.1020464    0.0089652497
      4298.81       1.1024998    0.0088825097
      4303.11       1.0939359    0.0088446575
      4307.42       1.0903380    0.0088343036
      4311.72       1.0877506    0.0087968425
      4316.04       1.0881995    0.0088099759
      4320.35       1.0864599    0.0088251459
      4324.67       1.0866740    0.0088372097
      4329.00       1.0925900    0.0088421018
      4333.33       1.0985598    0.0088360927
      4337.66       1.1033765    0.0088170469
      4342.00       1.1075157    0.0087835189
      4346.34       1.1074567    0.0087274208
      4350.69       1.1088693    0.0086605020
      4355.04       1.1095709    0.0085819183
      4359.39       1.1113725    0.0084945553
      4363.75       1.1080687    0.0084016297
      4368.12       1.1066610    0.0082719186
      4372.48       1.1025690    0.0081801254
      4376.86       1.1009180    0.0080933488
      4381.23       1.0971042    0.0080159875
      4385.61       1.0889957    0.0079531719
      4390.00       1.0825980    0.0079115077
      4394.39       1.0697989    0.0079004472
      4398.79       1.1023511    0.0079349805
      4403.18       1.0872167    0.0078400902
      4407.59       1.0828152    0.0077576793
      4412.00       1.0778607    0.0077194950
      4416.41       1.0720534    0.0076816990
      4420.82       1.0708203    0.0076439762
      4425.25       1.0703248    0.0076065423
      4429.67       1.0692255    0.0075172466
      4434.10       1.0660125    0.0074803997
      4438.54       1.0700420    0.0074437772
      4442.97       1.0696261    0.0074073336
      4447.42       1.0687150    0.0073711106
      4451.86       1.0669969    0.0073350716
      4456.32       1.0663445    0.0072992450
      4460.77       1.0686699    0.0072636784
      4465.24       1.0729408    0.0072284282
      4469.70       1.0791585    0.0071933405
      4474.17       1.0844402    0.0071585705
      4478.65       1.0859788    0.0071239619
      4483.12       1.0887480    0.0070411159
      4487.61       1.0882705    0.0070069468
      4492.09       1.0929962    0.0069730284
      4496.59       1.0933122    0.0069392451
      4501.08       1.0925113    0.0069057327
      4505.58       1.0907696    0.0068723654
      4510.09       1.0911920    0.0068392724
      4514.60       1.0897824    0.0068063413
      4519.12       1.0878668    0.0067736810
      4523.63       1.0893167    0.0066960404
      4528.16       1.0875648    0.0066640945
      4532.69       1.0861421    0.0066323947
      4537.22       1.0847858    0.0066009375
      4541.76       1.0812137    0.0065698113
      4546.30       1.0749975    0.0065389624
      4550.85       1.0706288    0.0065421564
      4555.40       1.0688117    0.0064675871
      4559.95       1.0649033    0.0064370135
      4564.51       1.0643604    0.0064066811
      4569.08       1.0629506    0.0063766011
      4573.65       1.0654540    0.0063467709
      4578.22       1.0683420    0.0063172092
      4582.80       1.0703972    0.0062879032
      4587.38       1.0740251    0.0062161696
      4591.97       1.0718226    0.0061870217
      4596.56       1.0671215    0.0061580614
      4601.16       1.0661730    0.0061294354
      4605.76       1.0661844    0.0061340009
      4610.37       1.0659692    0.0060657339
      4614.98       1.0637244    0.0060374112
      4619.59       1.0611851    0.0060094821
      4624.21       1.0579487    0.0059812532
      4628.84       1.0571025    0.0059543608
      4633.47       1.0568126    0.0058885302
      4638.10       1.0555832    0.0058618573
      4642.74       1.0572921    0.0058354824
      4647.38       1.0553191    0.0058393780
      4652.03       1.0525343    0.0058127510
      4656.68       1.0475345    0.0057486985
      4661.34       1.0436667    0.0057228361
      4666.00       1.0390187    0.0056972889
      4670.67       1.0357458    0.0056721009
      4675.33       1.0326864    0.0056472980
      4680.01       1.0265963    0.0056140280
      4684.69       1.0235632    0.0055892323
      4689.38       1.0223605    0.0055647327
      4694.07       1.0195855    0.0055405808
      4698.76       1.0147764    0.0054800910
      4703.46       1.0145781    0.0054559223
      4708.16       1.0112883    0.0054321501
      4712.87       1.0051388    0.0054372924
      4717.58       1.0009328    0.0053787217
      4722.30      0.99914024    0.0053551994
      4727.03      0.99912651    0.0053319916
      4731.75      0.99603768    0.0052755029
      4736.48      0.99387862    0.0052804870
      4741.22      0.99061723    0.0052575682
      4745.96      0.98869311    0.0052350939
      4750.71      0.98617919    0.0051800105
      4755.46      0.98464289    0.0051585284
      4760.22      0.98490748    0.0051634196
      4764.97      0.98459176    0.0051416967
      4769.74      0.98193743    0.0050879718
      4774.51      0.97815485    0.0050671529
      4779.29      0.97368243    0.0050467448
      4784.07      0.96976508    0.0050193526
      4788.85      0.96936134    0.0049988650
      4793.64      0.96609974    0.0050464861
      4798.43      0.96194354    0.0051368134
      4803.23      0.95843833    0.0052732163
      4808.03      0.95519612    0.0054341928
      4812.84      0.95016082    0.0049832120
      4817.66      0.94241631    0.0049058711
      4822.48      0.93946030    0.0049283522
      4827.30      0.93641434    0.0049831597
      4832.12      0.92962352    0.0050813295
      4836.96      0.92348023    0.0051919488
      4841.79      0.91806257    0.0052803631
      4846.63      0.91752205    0.0054157837
      4851.48      0.91617131    0.0055103692
      4856.33      0.91318032    0.0055378647
      4861.19      0.91033660    0.0056016097
      4866.05      0.90818355    0.0055629870
      4870.92      0.90835159    0.0054234590
      4875.79      0.90925442    0.0053066221
      4880.66      0.91120361    0.0051638902
      4885.55      0.91294856    0.0050219789
      4890.43      0.91454319    0.0048815335
      4895.32      0.91889166    0.0047444017
      4900.22      0.92117170    0.0046288094
      4905.12      0.92341263    0.0045355811
      4910.02      0.92927234    0.0044598897
      4914.94      0.93564020    0.0045484568
      4919.85      0.93836213    0.0048180485
      4924.77      0.93948229    0.0046737430
      4929.70      0.93971148    0.0045406446
      4934.62      0.93788390    0.0044138692
      4939.56      0.93951745    0.0043280869
      4944.50      0.93589976    0.0043096707
      4949.44      0.93794059    0.0042946941
      4954.39      0.93512598    0.0042549222
      4959.35      0.93142400    0.0042623738
      4964.31      0.92842746    0.0042480358
      4969.27      0.92802913    0.0042092112
      4974.24      0.92773123    0.0042166531
      4979.22      0.92350554    0.0041781123
      4984.20      0.91997096    0.0041650908
      4989.18      0.91706026    0.0041478678
      4994.17      0.91502711    0.0041349537
      4999.16      0.91240789    0.0041226164
      5004.16      0.91126756    0.0041056468
      5009.17      0.91072976    0.0040934410
      5014.18      0.91342232    0.0040771321
      5019.19      0.91563700    0.0040650396
      5024.21      0.91625327    0.0040288673
      5029.23      0.91710994    0.0040375967
      5034.26      0.92260624    0.0040021326
      5039.30      0.92579454    0.0040109199
      5044.34      0.92634434    0.0039761294
      5049.39      0.92909275    0.0039645858
      5054.43      0.93000298    0.0039507766
      5059.49      0.93341161    0.0039394476
      5064.55      0.93748901    0.0039261488
      5069.61      0.94112647    0.0039149704
      5074.68      0.93776619    0.0038821818
      5079.76      0.93879925    0.0038911947
      5084.84      0.93712264    0.0038587628
      5089.92      0.93706748    0.0038680871
      5095.01      0.93503085    0.0038361499
      5100.11      0.93683332    0.0038268735
      5105.21      0.93781448    0.0038142383
      5110.31      0.93723941    0.0038051835
      5115.42      0.93665127    0.0037929604
      5120.54      0.93688593    0.0037841564
      5125.66      0.93264881    0.0037723186
      5130.79      0.93002189    0.0037422141
      5135.92      0.92930514    0.0037523260
      5141.05      0.93162007    0.0037226459
      5146.20      0.93082035    0.0037329540
      5151.34      0.93122993    0.0037036538
      5156.49      0.93171869    0.0036953084
      5161.65      0.93463608    0.0036853341
      5166.81      0.93752017    0.0036773697
      5171.98      0.93645812    0.0036677109
      5177.15      0.94068798    0.0036399461
      5182.33      0.94601182    0.0036506474
      5187.51      0.94796245    0.0036233582
      5192.70      0.95174728    0.0036342067
      5197.89      0.95475795    0.0036073883
      5203.09      0.95848334    0.0035985818
      5208.29      0.95928742    0.0035920305
      5213.50      0.96035611    0.0035834650
      5218.72      0.96271302    0.0035772943
      5223.93      0.96284470    0.0035689396
      5229.16      0.96706693    0.0035432433
      5234.39      0.97350525    0.0035551285
      5239.62      0.97456650    0.0035296768
      5244.86      0.97421786    0.0035419248
      5250.11      0.97453098    0.0035345981
      5255.36      0.97525263    0.0040525370
      5260.61      0.97324304    0.0040739181
      5265.87      0.97381128    0.0040382748
      5271.14      0.97547472    0.0040316498
      5276.41      0.97593263    0.0040246055
      5281.69      0.97669746    0.0040179862
      5286.97      0.97894598    0.0039841212
      5292.26      0.98215483    0.0040052484
      5297.55      0.98315957    0.0039995388
      5302.85      0.97765585    0.0039659163
      5308.15      0.97500140    0.0039876992
      5313.46      0.97833102    0.0039550773
      5318.77      0.98406163    0.0039767027
      5324.09      0.98296702    0.0039451143
      5329.42      0.98046860    0.0039393540
      5334.75      0.98071592    0.0039614263
      5340.08      0.98012833    0.0039300474
      5345.42      0.98670369    0.0039248274
      5350.77      0.98954719    0.0038936466
      5356.12      0.98812243    0.0039163863
      5361.48      0.98590546    0.0039118449
      5366.83      0.98349521    0.0038813056
      5372.20      0.98247237    0.0039043925
      5377.58      0.98092644    0.0039004152
      5382.95      0.97980802    0.0038704504
      5388.34      0.97688594    0.0038939476
      5393.72      0.97133665    0.0038904540
      5399.12      0.96915165    0.0038608428
      5404.52      0.96618731    0.0038583919
      5409.92      0.96647024    0.0038549015
      5415.33      0.96966007    0.0038523009
      5420.75      0.97173334    0.0038501903
      5426.17      0.97018045    0.0038219856
      5431.60      0.96898076    0.0038451241
      5437.03      0.96692194    0.0038434157
      5442.47      0.96557269    0.0038160018
      5447.91      0.96603842    0.0038142043
      5453.36      0.96537483    0.0038380689
      5458.81      0.96322247    0.0038371474
      5464.27      0.96200567    0.0038099464
      5469.73      0.96106477    0.0038087969
      5475.20      0.96120607    0.0038331079
      5480.68      0.96216685    0.0038067906
      5486.16      0.96348633    0.0038057814
      5491.65      0.96193673    0.0038052499
      5497.14      0.96258674    0.0038050123
      5502.64      0.96531224    0.0038043184
      5508.14      0.96888536    0.0038040077
      5513.65      0.97110868    0.0038040755
      5519.16      0.97110326    0.0037787395
      5524.68      0.96942382    0.0038043169
      5530.20      0.96725907    0.0038045569
      5535.73      0.96794297    0.0037792770
      5541.27      0.96252059    0.0037800711
      5546.81      0.95734719    0.0037811377
      5552.36      0.95230184    0.0037824646
      5557.91      0.95078418    0.0037818233
      5563.47      0.94977673    0.0037830207
      5569.04      0.95011352    0.0037845116
      5574.60      0.94954083    0.0037862906
      5580.18      0.94838199    0.0037883327
      5585.76      0.94991824    0.0037644309
      5591.35      0.95057636    0.0037901358
      5596.94      0.94956382    0.0037922703
      5602.53      0.95090595    0.0037946990
      5608.14      0.95245856    0.0037718090
      5613.75      0.95879554    0.0037739234
      5619.36      0.95642943    0.0037762384
      5624.98      0.95484926    0.0037787370
      5630.60      0.95479139    0.0038052776
      5636.23      0.95322489    0.0037833781
      5641.87      0.94859353    0.0037860102
      5647.51      0.93990431    0.0037888445
      5653.16      0.93445746    0.0037919177
      5658.82      0.92755188    0.0037951777
      5664.47      0.92259045    0.0037731285
      5670.14      0.91790278    0.0037766538
      5675.81      0.91279511    0.0037803245
      5681.48      0.90814434    0.0037841415
      5687.17      0.90641103    0.0038116188
      5692.85      0.90669713    0.0038152887
      5698.55      0.90743881    0.0038191208
      5704.25      0.90755043    0.0037974189
      5709.95      0.91046100    0.0038015691
      5715.66      0.91417846    0.0038058493
      5721.38      0.91996601    0.0038102662
      5727.10      0.92454945    0.0038148585
      5732.83      0.93128312    0.0038195696
      5738.56      0.93312970    0.0038243616
      5744.30      0.93191361    0.0038038212
      5750.04      0.93200415    0.0038084778
      5755.79      0.93740542    0.0038132059
      5761.55      0.93873858    0.0038180094
      5767.31      0.93810399    0.0038229302
      5773.08      0.93786444    0.0038279948
      5778.85      0.93680597    0.0038331666
      5784.63      0.93877206    0.0038384366
      5790.41      0.94299131    0.0038438786
      5796.21      0.94810213    0.0038495256
      5802.00      0.95385595    0.0038299767
      5807.81      0.95805263    0.0038360791
      5813.61      0.96169950    0.0038894070
      5819.43      0.96522184    0.0040075602
      5825.25      0.96978754    0.0041577036
      5831.07      0.97184381    0.0038928632
      5836.90      0.97438460    0.0040578511
      5842.74      0.97287970    0.0040569487
      5848.58      0.96786857    0.0040919316
      5854.43      0.96612899    0.0042319190
      5860.29      0.96301098    0.0044178623
      5866.15      0.96179730    0.0046231651
      5872.01      0.95771154    0.0048198048
      5877.89      0.95269421    0.0049761061
      5883.76      0.94932558    0.0051281529
      5889.65      0.94666323    0.0049962268
      5895.54      0.94525517    0.0048502989
      5901.43      0.94454340    0.0046691293
      5907.34      0.94272156    0.0044833092
      5913.24      0.94405041    0.0043200016
      5919.16      0.94278325    0.0042095973
      5925.08      0.94482649    0.0042200706
      5931.00      0.94405643    0.0043427027
      5936.93      0.94311867    0.0041490715
      5942.87      0.94452622    0.0040077702
      5948.81      0.94580469    0.0041652801
      5954.76      0.94809625    0.0040425263
      5960.72      0.94973927    0.0039930921
      5966.68      0.95028733    0.0039972643
      5972.64      0.95198023    0.0040023994
      5978.62      0.95218738    0.0040081500
      5984.60      0.95574990    0.0039900383
      5990.58      0.95630064    0.0039950345
      5996.57      0.95908169    0.0040007670
      6002.57      0.96016634    0.0040070391
      6008.57      0.96267334    0.0040136013
      6014.58      0.96462603    0.0040203273
      6020.60      0.96491248    0.0040272801
      6026.62      0.96952803    0.0040115911
      6032.65      0.97266519    0.0040188347
      6038.68      0.97535295    0.0040261161
      6044.72      0.97733295    0.0040334730
      6050.76      0.97917862    0.0040663796
      6056.81      0.98100572    0.0040737022
      6062.87      0.98322415    0.0040580295
      6068.93      0.98793695    0.0040655183
      6075.00      0.98735208    0.0040730641
      6081.08      0.98556021    0.0040806749
      6087.16      0.98151844    0.0040883598
      6093.25      0.97446142    0.0040961206
      6099.34      0.96823298    0.0040797143
      6105.44      0.96079382    0.0041131866
      6111.54      0.95280127    0.0041206472
      6117.66      0.94100583    0.0041282846
      6123.78      0.92648694    0.0041126366
      6129.90      0.91578191    0.0041199278
      6136.03      0.90420842    0.0041273172
      6142.17      0.89702654    0.0041348271
      6148.31      0.88908246    0.0041424310
      6154.46      0.88045250    0.0041531837
      6160.61      0.87781138    0.0041603691
      6166.77      0.87606650    0.0041676502
      6172.94      0.87620521    0.0041750458
      6179.11      0.88124112    0.0041594651
      6185.29      0.88868742    0.0041675290
      6191.48      0.89461356    0.0042023233
      6197.67      0.90168052    0.0042116266
      6203.87      0.90665402    0.0041959095
      6210.07      0.91398113    0.0042036802
      6216.28      0.92005513    0.0042138464
      6222.50      0.93095617    0.0042293465
      6228.72      0.93613136    0.0042437541
      6234.95      0.93759863    0.0042599962
      6241.19      0.93682279    0.0042773320
      6247.42      0.94440483    0.0042711732
      6253.67      0.95070910    0.0043144327
      6259.93      0.95859503    0.0043284407
      6266.19      0.96516612    0.0043151842
      6272.46      0.97027988    0.0043226195
      6278.73      0.97872385    0.0043542373
      6285.01      0.98655658    0.0043303318
      6291.29      0.99080397    0.0043295120
      6297.58      0.99749171    0.0043283545
      6303.88       1.0007780    0.0043298119
      6310.19       1.0017036    0.0043321505
      6316.50      0.99998036    0.0043358820
      6322.81      0.99653310    0.0043141185
      6329.14      0.99330303    0.0043420464
      6335.47      0.98875676    0.0043456897
      6341.80      0.98426798    0.0043259322
      6348.14      0.97499280    0.0043561820
      6354.49      0.96548562    0.0043366437
      6360.85      0.96019678    0.0043415987
      6367.21      0.96300808    0.0043471200
      6373.57      0.96470498    0.0043540750
      6379.95      0.96982831    0.0043599507
      6386.33      0.97697195    0.0043420129
      6392.72      0.98527962    0.0043742389
      6399.11      0.99323755    0.0043806228
      6405.51       1.0013957    0.0043629383
      6411.92       1.0094994    0.0043964053
      6418.32       1.0160373    0.0043808821
      6424.74       1.0217070    0.0043896395
      6431.17       1.0280885    0.0044262722
      6437.60       1.0314333    0.0044114500
      6444.04       1.0319459    0.0044195723
      6450.48       1.0317566    0.0044309010
      6456.94       1.0306871    0.0044381135
      6463.39       1.0298729    0.0044212870
      6469.85       1.0291211    0.0044530033
      6476.33       1.0281329    0.0044335299
      6482.80       1.0280468    0.0044634329
      6489.28       1.0298916    0.0044425055
      6495.77       1.0245490    0.0044462007
      6502.27       1.0276461    0.0044757833
      6508.77       1.0360053    0.0044559546
      6515.28       1.0344774    0.0044609700
      6521.80       1.0326894    0.0044657958
      6528.32       1.0364356    0.0044694044
      6534.85       1.0356871    0.0044729746
      6541.38       1.0333566    0.0044758755
      6547.92       1.0374250    0.0044799259
      6554.47       1.0364938    0.0044832374
      6561.03       1.0323079    0.0044605166
      6567.59       1.0268164    0.0044639460
      6574.16       1.0260078    0.0044657468
      6580.73       1.0246841    0.0044705968
      6587.31       1.0248038    0.0044731704
      6593.90       1.0261599    0.0044784397
      6600.50       1.0228127    0.0044810362
      6607.10       1.0209586    0.0044864267
      6613.70       1.0158153    0.0044890763
      6620.32       1.0142983    0.0044685145
      6626.94       1.0231161    0.0044965282
      6633.57       1.0248846    0.0044757280
      6640.20       1.0137490    0.0044796277
      6646.84       1.0123638    0.0044826390
      6653.49       1.0152494    0.0044861502
      6660.14       1.0148694    0.0044889712
      6666.80       1.0124704    0.0044920259
      6673.47       1.0174436    0.0044702182
      6680.14       1.0145900    0.0044975534
      6686.82       1.0104963    0.0044752802
      6693.51       1.0085375    0.0045025366
      6700.20       1.0081024    0.0044797781
      6706.90       1.0048520    0.0044826740
      6713.61       1.0013388    0.0045090180
      6720.32      0.99733554    0.0044860577
      6727.05      0.99017366    0.0045123358
      6733.77      0.98676282    0.0044887966
      6740.51      0.97915440    0.0044908436
      6747.25      0.97861488    0.0044910498
      6754.00      0.97572529    0.0044926414
      6760.75      0.96958379    0.0044693893
      6767.51      0.96441933    0.0044953960
      6774.28      0.95920162    0.0045069664
      6781.05      0.95982012    0.0045017827
      6787.84      0.96543172    0.0045261876
      6794.62      0.96201366    0.0044979994
      6801.42      0.96836705    0.0045108658
      6808.22      0.96464633    0.0045360591
      6815.03      0.96361117    0.0045828915
      6821.85      0.96625079    0.0046461148
      6828.67      0.96541904    0.0046904355
      6835.50      0.96241444    0.0047828309
      6842.33      0.96153897    0.0048562059
      6849.17      0.96091292    0.0048814855
      6856.02      0.96178975    0.0049429172
      6862.88      0.96559397    0.0049217451
      6869.74      0.96577526    0.0049038299
      6876.61      0.96705450    0.0048600472
      6883.49      0.96477229    0.0048113313
      6890.37      0.96470212    0.0047459946
      6897.27      0.96658517    0.0046862502
      6904.16      0.96738553    0.0046233695
      6911.07      0.97036526    0.0046222823
      6917.98      0.97410523    0.0045842371
      6924.89      0.97507257    0.0045255023
      6931.82      0.97637978    0.0044998355
      6938.75      0.98135394    0.0045048830
      6945.69      0.98407436    0.0044638204
      6952.64      0.98821291    0.0044471668
      6959.59      0.98830721    0.0044343258
      6966.55      0.98930603    0.0044024627
      6973.52      0.99040873    0.0044183293
      6980.49      0.99211130    0.0044111843
      6987.47      0.99455215    0.0044033600
      6994.46      0.99675158    0.0043714266
      7001.46      0.99655758    0.0043155352
      7008.46      0.99507200    0.0042821465
      7015.46      0.99580108    0.0042261370
      7022.48      0.99551510    0.0041722953
      7029.51      0.99465626    0.0041413014
      7036.53      0.99509560    0.0040909783
      7043.57      0.99799069    0.0040241087
      7050.62       1.0001528    0.0040350428
      7057.66       1.0027681    0.0041206278
      7064.72       1.0059986    0.0040113534
      7071.79       1.0090513    0.0038845880
      7078.86       1.0148873    0.0038568145
      7085.94       1.0204785    0.0038822473
      7093.03       1.0251809    0.0039099373
      7100.12       1.0295933    0.0039453402
      7107.22       1.0344274    0.0039626994
      7114.33       1.0379934    0.0040188319
      7121.44       1.0376525    0.0040516681
      7128.56       1.0415489    0.0040651722
      7135.69       1.0437022    0.0040659246
      7142.83       1.0455714    0.0040275970
      7149.97       1.0479238    0.0039754087
      7157.12       1.0518325    0.0039304812
      7164.28       1.0539495    0.0038575039
      7171.44       1.0569508    0.0037803174
      7178.62       1.0575335    0.0037015127
      7185.80       1.0580494    0.0036230958
      7192.98       1.0597101    0.0035363786
      7200.17       1.0602085    0.0034663147
      7207.38       1.0599932    0.0034162953
      7214.58       1.0597660    0.0033591207
      7221.80       1.0587188    0.0033111139
      7229.02       1.0593489    0.0032747051
      7236.25       1.0616232    0.0032543150
      7243.49       1.0617936    0.0032591789
      7250.73       1.0617052    0.0032316343
      7257.98       1.0594060    0.0031481716
      7265.24       1.0593288    0.0030960628
      7272.51       1.0585076    0.0031228581
      7279.78       1.0575467    0.0031643855
      7287.06       1.0571408    0.0032142706
      7294.35       1.0560397    0.0032749952
      7301.64       1.0548000    0.0033508617
      7308.94       1.0547755    0.0034476927
      7316.25       1.0517405    0.0035750724
      7323.57       1.0489139    0.0037474158
      7330.89       1.0458928    0.0039817524
      7338.22       1.0422617    0.0042976232
      7345.56       1.0393249    0.0047718286
      7352.91       1.0366386    0.0053230789
      7360.26       1.0342904    0.0060245665
      7367.62       1.0311468    0.0069151683
      7374.99       1.0290697    0.0080404810
      7382.37       1.0253458    0.0094539170
